stt = [ 
    1  0.11620877E+02
    2  0.11638966E+02
    3  0.11631186E+02
    4  0.11597608E+02
    5  0.11538291E+02
    6  0.11453551E+02
    7  0.11343864E+02
    8  0.11209866E+02
    9  0.11052419E+02
   10  0.10872482E+02
   11  0.10671220E+02
   12  0.10449886E+02
   13  0.10209917E+02
   14  0.99528112E+01
   15  0.96802168E+01
   16  0.93938150E+01
   17  0.90953379E+01
   18  0.87865868E+01
   19  0.84693718E+01
   20  0.81454678E+01
   21  0.78166370E+01
   22  0.74846020E+01
   23  0.71510262E+01
   24  0.68174887E+01
   25  0.64854641E+01
   26  0.61563506E+01
   27  0.58314157E+01
   28  0.55118432E+01
   29  0.51986647E+01
   30  0.48928223E+01
   31  0.45951529E+01
   32  0.43063769E+01
   33  0.40271215E+01
   34  0.37579448E+01
   35  0.34993057E+01
   36  0.32515988E+01
   37  0.30151839E+01
   38  0.27903416E+01
   39  0.25773323E+01
   40  0.23763523E+01
   41  0.21875846E+01
   42  0.20111632E+01
   43  0.18471833E+01
   44  0.16956877E+01
   45  0.15566843E+01
   46  0.14301139E+01
   47  0.13158447E+01
   48  0.12136780E+01
   49  0.11233302E+01
   50  0.10444263E+01
   51  0.97651547E+00
   52  0.91903496E+00
   53  0.87135506E+00
   54  0.83275366E+00
   55  0.80244225E+00
   56  0.77957833E+00
   57  0.76326787E+00
   58  0.75260335E+00
   59  0.74667311E+00
   60  0.74456179E+00
   61  0.74541342E+00
   62  0.74839187E+00
   63  0.75274086E+00
   64  0.75776988E+00
   65  0.76286358E+00
   66  0.76749200E+00
   67  0.77120161E+00
   68  0.77362370E+00
   69  0.77444357E+00
   70  0.77343136E+00
   71  0.77038532E+00
   72  0.76515698E+00
   73  0.75763607E+00
   74  0.74772614E+00
   75  0.73536104E+00
   76  0.72048533E+00
   77  0.70306480E+00
   78  0.68307877E+00
   79  0.66053128E+00
   80  0.63545167E+00
   81  0.60790443E+00
   82  0.57799679E+00
   83  0.54587471E+00
   84  0.51174349E+00
   85  0.47585660E+00
   86  0.43852413E+00
   87  0.40010735E+00
   88  0.36101621E+00
   89  0.32170177E+00
   90  0.28264672E+00
   91  0.24435224E+00
   92  0.20733061E+00
   93  0.17209041E+00
   94  0.13912287E+00
   95  0.10889436E+00
   96  0.81833482E-01
   97  0.58324564E-01
   98  0.38701091E-01
   99  0.23243913E-01
  100  0.12179229E-01
  101  0.56799948E-02
  102  0.38707168E-02
  103  0.68303528E-02
  104  0.14600163E-01
  105  0.27189007E-01
  106  0.44583354E-01
  107  0.66748500E-01
  108  0.93638979E-01
  109  0.12520011E+00
  110  0.16137080E+00
  111  0.20208719E+00
  112  0.24727932E+00
  113  0.29686388E+00
  114  0.35075033E+00
  115  0.40882984E+00
  116  0.47096425E+00
  117  0.53698671E+00
  118  0.60669619E+00
  119  0.67984498E+00
  120  0.75613976E+00
  121  0.83524030E+00
  122  0.91675872E+00
  123  0.10002570E+01
  124  0.10852669E+01
  125  0.11712829E+01
  126  0.12577735E+01
  127  0.13442091E+01
  128  0.14300529E+01
  129  0.15148010E+01
  130  0.15979624E+01
  131  0.16791066E+01
  132  0.17578574E+01
  133  0.18339053E+01
  134  0.19070064E+01
  135  0.19770061E+01
  136  0.20438280E+01
  137  0.21074612E+01
  138  0.21679828E+01
  139  0.22255218E+01
  140  0.22802646E+01
  141  0.23324473E+01
  142  0.23823278E+01
  143  0.24301879E+01
  144  0.24763122E+01
  145  0.25209787E+01
  146  0.25644557E+01
  147  0.26069758E+01
  148  0.26487472E+01
  149  0.26899326E+01
  150  0.27306623E+01
  151  0.27710207E+01
  152  0.28110521E+01
  153  0.28507617E+01
  154  0.28901203E+01
  155  0.29290638E+01
  156  0.29675112E+01
  157  0.30053499E+01
  158  0.30424631E+01
  159  0.30787168E+01
  160  0.31139739E+01
  161  0.31481030E+01
  162  0.31809659E+01
  163  0.32124484E+01
  164  0.32424214E+01
  165  0.32707922E+01
  166  0.32974601E+01
  167  0.33223493E+01
  168  0.33453956E+01
  169  0.33665459E+01
  170  0.33857546E+01
  171  0.34029899E+01
  172  0.34182360E+01
  173  0.34314787E+01
  174  0.34427066E+01
  175  0.34519238E+01
  176  0.34591300E+01
  177  0.34643338E+01
  178  0.34675405E+01
  179  0.34687574E+01
  180  0.34679961E+01
  181  0.34652472E+01
  182  0.34605350E+01
  183  0.34538436E+01
  184  0.34451840E+01
  185  0.34345610E+01
  186  0.34219716E+01
  187  0.34074256E+01
  188  0.33909390E+01
  189  0.33725336E+01
  190  0.33522382E+01
  191  0.33301048E+01
  192  0.33061931E+01
  193  0.32805941E+01
  194  0.32534122E+01
  195  0.32247763E+01
  196  0.31948485E+01
  197  0.31638060E+01
  198  0.31318421E+01
  199  0.30991879E+01
  200  0.30660622E+01
  201  0.30327003E+01
  202  0.29993274E+01
  203  0.29661608E+01
  204  0.29333832E+01
  205  0.29011409E+01
  206  0.28695335E+01
  207  0.28386016E+01
  208  0.28083017E+01
  209  0.27785225E+01
  210  0.27490683E+01
  211  0.27196565E+01
  212  0.26899362E+01
  213  0.26594656E+01
  214  0.26277485E+01
  215  0.25942554E+01
  216  0.25584097E+01
  217  0.25196507E+01
  218  0.24774280E+01
  219  0.24312298E+01
  220  0.23806174E+01
  221  0.23252468E+01
  222  0.22648811E+01
  223  0.21994007E+01
  224  0.21288304E+01
  225  0.20533183E+01
  226  0.19731597E+01
  227  0.18887689E+01
  228  0.18006681E+01
  229  0.17094848E+01
  230  0.16159106E+01
  231  0.15206931E+01
  232  0.14246025E+01
  233  0.13284026E+01
  234  0.12328365E+01
  235  0.11386032E+01
  236  0.10463469E+01
  237  0.95663643E+00
  238  0.86996955E+00
  239  0.78675151E+00
  240  0.70731670E+00
  241  0.63192064E+00
  242  0.56074476E+00
  243  0.49392194E+00
  244  0.43152589E+00
  245  0.37359446E+00
  246  0.32013112E+00
  247  0.27111942E+00
  248  0.22652243E+00
  249  0.18629347E+00
  250  0.15037636E+00
  251  0.11870209E+00
  252  0.91195084E-01
  253  0.67770034E-01
  254  0.48325978E-01
  255  0.32749046E-01
  256  0.20908156E-01
  257  0.12655511E-01
  258  0.78245942E-02
  259  0.62320423E-02
  260  0.76782964E-02
  261  0.11950527E-01
  262  0.18827002E-01
  263  0.28079318E-01
  264  0.39477587E-01
  265  0.52795377E-01
  266  0.67810580E-01
  267  0.84313743E-01
  268  0.10210734E+00
  269  0.12100862E+00
  270  0.14085241E+00
  271  0.16148867E+00
  272  0.18278368E+00
  273  0.20461713E+00
  274  0.22688560E+00
  275  0.24948928E+00
  276  0.27234551E+00
  277  0.29537079E+00
  278  0.31848738E+00
  279  0.34162304E+00
  280  0.36470479E+00
  281  0.38765991E+00
  282  0.41042146E+00
  283  0.43292230E+00
  284  0.45510077E+00
  285  0.47690260E+00
  286  0.49827909E+00
  287  0.51919758E+00
  288  0.53963560E+00
  289  0.55958945E+00
  290  0.57907361E+00
  291  0.59812737E+00
  292  0.61680722E+00
  293  0.63519871E+00
  294  0.65341276E+00
  295  0.67158282E+00
  296  0.68987608E+00
  297  0.70847470E+00
  298  0.72759950E+00
  299  0.74748796E+00
  300  0.76840705E+00
  301  0.79064655E+00
  302  0.81451696E+00
  303  0.84036320E+00
  304  0.86853379E+00
  305  0.89941788E+00
  306  0.93341744E+00
  307  0.97094709E+00
  308  0.10124598E+01
  309  0.10584103E+01
  310  0.11092807E+01
  311  0.11655760E+01
  312  0.12277939E+01
  313  0.12964559E+01
  314  0.13721020E+01
  315  0.14552550E+01
  316  0.15464549E+01
  317  0.16462289E+01
  318  0.17550956E+01
  319  0.18735435E+01
  320  0.20020497E+01
  321  0.21410310E+01
  322  0.22908983E+01
  323  0.24519868E+01
  324  0.26245775E+01
  325  0.28088868E+01
  326  0.30050404E+01
  327  0.32130921E+01
  328  0.34330158E+01
  329  0.36646574E+01
  330  0.39077928E+01
  331  0.41620665E+01
  332  0.44270163E+01
  333  0.47020817E+01
  334  0.49865952E+01
  335  0.52797418E+01
  336  0.55806308E+01
  337  0.58882670E+01
  338  0.62015209E+01
  339  0.65192099E+01
  340  0.68400407E+01
  341  0.71626039E+01
  342  0.74855294E+01
  343  0.78072753E+01
  344  0.81262865E+01
  345  0.84409599E+01
  346  0.87497015E+01
  347  0.90508442E+01
  348  0.93427563E+01
  349  0.96237850E+01
  350  0.98923464E+01
  351  0.10146838E+02
  352  0.10385732E+02
  353  0.10607564E+02
  354  0.10810903E+02
  355  0.10994467E+02
  356  0.11157062E+02
  357  0.11297522E+02
  358  0.11414938E+02
  359  0.11508423E+02
  360  0.11577249E+02
 ]; 
