spt = [ 
    1  0.47129518E-03
    2  0.46598483E-03
    3  0.46665195E-03
    4  0.47341315E-03
    5  0.48627765E-03
    6  0.50516904E-03
    7  0.52999222E-03
    8  0.56050264E-03
    9  0.59643755E-03
   10  0.63746289E-03
   11  0.68318908E-03
   12  0.73317799E-03
   13  0.78692776E-03
   14  0.84391865E-03
   15  0.90357510E-03
   16  0.96543989E-03
   17  0.10288907E-02
   18  0.10932891E-02
   19  0.11581894E-02
   20  0.12230611E-02
   21  0.12872934E-02
   22  0.13505222E-02
   23  0.14122386E-02
   24  0.14720839E-02
   25  0.15296639E-02
   26  0.15845820E-02
   27  0.16366794E-02
   28  0.16855675E-02
   29  0.17310455E-02
   30  0.17728468E-02
   31  0.18106966E-02
   32  0.18444280E-02
   33  0.18735799E-02
   34  0.18979877E-02
   35  0.19173560E-02
   36  0.19312864E-02
   37  0.19394099E-02
   38  0.19414079E-02
   39  0.19368504E-02
   40  0.19254033E-02
   41  0.19067042E-02
   42  0.18805971E-02
   43  0.18467394E-02
   44  0.18052532E-02
   45  0.17560509E-02
   46  0.16993853E-02
   47  0.16356641E-02
   48  0.15654750E-02
   49  0.14893637E-02
   50  0.14084536E-02
   51  0.13236651E-02
   52  0.12362291E-02
   53  0.11473978E-02
   54  0.10585117E-02
   55  0.97092544E-03
   56  0.88586559E-03
   57  0.80465997E-03
   58  0.72828232E-03
   59  0.65769977E-03
   60  0.59353840E-03
   61  0.53627999E-03
   62  0.48610684E-03
   63  0.44300541E-03
   64  0.40665959E-03
   65  0.37663296E-03
   66  0.35222070E-03
   67  0.33264677E-03
   68  0.31697072E-03
   69  0.30431550E-03
   70  0.29373294E-03
   71  0.28434044E-03
   72  0.27540285E-03
   73  0.26626149E-03
   74  0.25645513E-03
   75  0.24564637E-03
   76  0.23371037E-03
   77  0.22068599E-03
   78  0.20677899E-03
   79  0.19224788E-03
   80  0.17754540E-03
   81  0.16313352E-03
   82  0.14951192E-03
   83  0.13716011E-03
   84  0.12653782E-03
   85  0.11801362E-03
   86  0.11186639E-03
   87  0.10826645E-03
   88  0.10726170E-03
   89  0.10877683E-03
   90  0.11264662E-03
   91  0.11858040E-03
   92  0.12623672E-03
   93  0.13522017E-03
   94  0.14510918E-03
   95  0.15549532E-03
   96  0.16602174E-03
   97  0.17633580E-03
   98  0.18619362E-03
   99  0.19543177E-03
  100  0.20395854E-03
  101  0.21175772E-03
  102  0.21887296E-03
  103  0.22541433E-03
  104  0.23149449E-03
  105  0.23721025E-03
  106  0.24270351E-03
  107  0.24799167E-03
  108  0.25311779E-03
  109  0.25799431E-03
  110  0.26248285E-03
  111  0.26641932E-03
  112  0.26955397E-03
  113  0.27160189E-03
  114  0.27230949E-03
  115  0.27140844E-03
  116  0.26865694E-03
  117  0.26392497E-03
  118  0.25709791E-03
  119  0.24820148E-03
  120  0.23731164E-03
  121  0.22463218E-03
  122  0.21042394E-03
  123  0.19500154E-03
  124  0.17875333E-03
  125  0.16206343E-03
  126  0.14532490E-03
  127  0.12890324E-03
  128  0.11311950E-03
  129  0.98256562E-04
  130  0.84501939E-04
  131  0.71998380E-04
  132  0.60808328E-04
  133  0.50937368E-04
  134  0.42331929E-04
  135  0.34908368E-04
  136  0.28547234E-04
  137  0.23120167E-04
  138  0.18498324E-04
  139  0.14556682E-04
  140  0.11197577E-04
  141  0.83365976E-05
  142  0.59196959E-05
  143  0.39132374E-05
  144  0.23079629E-05
  145  0.11097746E-05
  146  0.33740338E-06
  147  0.13244127E-07
  148  0.16043067E-06
  149  0.79592490E-06
  150  0.19277170E-05
  151  0.35490493E-05
  152  0.56407862E-05
  153  0.81659437E-05
  154  0.11074711E-04
  155  0.14305788E-04
  156  0.17783985E-04
  157  0.21427870E-04
  158  0.25157655E-04
  159  0.28882876E-04
  160  0.32522865E-04
  161  0.36002759E-04
  162  0.39250212E-04
  163  0.42205607E-04
  164  0.44819073E-04
  165  0.47053363E-04
  166  0.48884282E-04
  167  0.50291015E-04
  168  0.51282965E-04
  169  0.51859381E-04
  170  0.52045310E-04
  171  0.51858995E-04
  172  0.51341405E-04
  173  0.50532333E-04
  174  0.49476977E-04
  175  0.48220438E-04
  176  0.46821257E-04
  177  0.45328241E-04
  178  0.43800101E-04
  179  0.42288648E-04
  180  0.40848929E-04
  181  0.39536550E-04
  182  0.38395730E-04
  183  0.37483020E-04
  184  0.36840825E-04
  185  0.36515179E-04
  186  0.36543741E-04
  187  0.36965619E-04
  188  0.37809645E-04
  189  0.39107399E-04
  190  0.40882907E-04
  191  0.43150048E-04
  192  0.45924815E-04
  193  0.49210397E-04
  194  0.53010914E-04
  195  0.57318881E-04
  196  0.62120074E-04
  197  0.67394649E-04
  198  0.73118143E-04
  199  0.79257748E-04
  200  0.85773900E-04
  201  0.92623821E-04
  202  0.99768287E-04
  203  0.10715979E-03
  204  0.11475177E-03
  205  0.12251145E-03
  206  0.13040607E-03
  207  0.13841181E-03
  208  0.14651642E-03
  209  0.15474361E-03
  210  0.16309648E-03
  211  0.17164501E-03
  212  0.18043212E-03
  213  0.18955121E-03
  214  0.19908631E-03
  215  0.20917405E-03
  216  0.21990022E-03
  217  0.23139313E-03
  218  0.24373404E-03
  219  0.25700856E-03
  220  0.27124913E-03
  221  0.28644002E-03
  222  0.30252768E-03
  223  0.31937801E-03
  224  0.33679174E-03
  225  0.35449880E-03
  226  0.37217452E-03
  227  0.38941111E-03
  228  0.40576365E-03
  229  0.42076872E-03
  230  0.43391838E-03
  231  0.44477897E-03
  232  0.45289294E-03
  233  0.45792820E-03
  234  0.45955926E-03
  235  0.45766233E-03
  236  0.45218275E-03
  237  0.44319048E-03
  238  0.43091734E-03
  239  0.41568637E-03
  240  0.39792564E-03
  241  0.37817378E-03
  242  0.35698796E-03
  243  0.33498043E-03
  244  0.31270977E-03
  245  0.29074008E-03
  246  0.26953974E-03
  247  0.24949646E-03
  248  0.23089719E-03
  249  0.21388635E-03
  250  0.19853945E-03
  251  0.18480147E-03
  252  0.17252911E-03
  253  0.16154182E-03
  254  0.15158128E-03
  255  0.14239202E-03
  256  0.13372338E-03
  257  0.12535320E-03
  258  0.11710512E-03
  259  0.10886385E-03
  260  0.10056831E-03
  261  0.92255897E-04
  262  0.83993225E-04
  263  0.75912707E-04
  264  0.68163667E-04
  265  0.60952763E-04
  266  0.54454566E-04
  267  0.48848327E-04
  268  0.44281944E-04
  269  0.40853396E-04
  270  0.38631206E-04
  271  0.37603924E-04
  272  0.37722773E-04
  273  0.38888636E-04
  274  0.40973209E-04
  275  0.43806107E-04
  276  0.47227226E-04
  277  0.51080318E-04
  278  0.55243232E-04
  279  0.59648159E-04
  280  0.64285166E-04
  281  0.69246889E-04
  282  0.74703996E-04
  283  0.80933860E-04
  284  0.88302950E-04
  285  0.97287055E-04
  286  0.10840606E-03
  287  0.12226471E-03
  288  0.13947727E-03
  289  0.16066822E-03
  290  0.18641721E-03
  291  0.21724605E-03
  292  0.25356023E-03
  293  0.29566346E-03
  294  0.34364834E-03
  295  0.39746665E-03
  296  0.45684085E-03
  297  0.52132609E-03
  298  0.59023435E-03
  299  0.66275243E-03
  300  0.73782878E-03
  301  0.81436971E-03
  302  0.89110574E-03
  303  0.96672936E-03
  304  0.10400222E-02
  305  0.11096549E-02
  306  0.11745155E-02
  307  0.12335179E-02
  308  0.12858572E-02
  309  0.13308761E-02
  310  0.13680593E-02
  311  0.13972911E-02
  312  0.14185775E-02
  313  0.14321927E-02
  314  0.14386100E-02
  315  0.14385170E-02
  316  0.14328131E-02
  317  0.14223289E-02
  318  0.14081534E-02
  319  0.13913934E-02
  320  0.13729894E-02
  321  0.13539502E-02
  322  0.13352527E-02
  323  0.13174873E-02
  324  0.13013823E-02
  325  0.12873936E-02
  326  0.12756961E-02
  327  0.12664335E-02
  328  0.12594817E-02
  329  0.12546108E-02
  330  0.12514715E-02
  331  0.12495199E-02
  332  0.12482017E-02
  333  0.12469101E-02
  334  0.12448864E-02
  335  0.12415616E-02
  336  0.12363381E-02
  337  0.12285931E-02
  338  0.12178597E-02
  339  0.12037704E-02
  340  0.11860408E-02
  341  0.11644873E-02
  342  0.11390643E-02
  343  0.11098393E-02
  344  0.10770495E-02
  345  0.10409204E-02
  346  0.10018934E-02
  347  0.96042344E-03
  348  0.91704121E-03
  349  0.87234826E-03
  350  0.82701939E-03
  351  0.78171841E-03
  352  0.73710241E-03
  353  0.69388724E-03
  354  0.65273198E-03
  355  0.61429065E-03
  356  0.57917682E-03
  357  0.54792647E-03
  358  0.52111136E-03
  359  0.49915584E-03
  360  0.48243621E-03
 ]; 
