stt = [ 
    1  0.56201473E-01
    2  0.56172952E-01
    3  0.56086611E-01
    4  0.55942226E-01
    5  0.55740625E-01
    6  0.55483241E-01
    7  0.55170480E-01
    8  0.54803804E-01
    9  0.54385431E-01
   10  0.53916782E-01
   11  0.53399842E-01
   12  0.52837055E-01
   13  0.52230909E-01
   14  0.51584110E-01
   15  0.50899453E-01
   16  0.50179742E-01
   17  0.49428258E-01
   18  0.48648253E-01
   19  0.47843374E-01
   20  0.47016669E-01
   21  0.46171900E-01
   22  0.45312759E-01
   23  0.44442512E-01
   24  0.43565582E-01
   25  0.42685013E-01
   26  0.41804705E-01
   27  0.40928472E-01
   28  0.40059760E-01
   29  0.39202213E-01
   30  0.38359325E-01
   31  0.37534453E-01
   32  0.36730863E-01
   33  0.35951894E-01
   34  0.35200432E-01
   35  0.34479320E-01
   36  0.33791605E-01
   37  0.33139694E-01
   38  0.32525778E-01
   39  0.31952363E-01
   40  0.31421363E-01
   41  0.30934520E-01
   42  0.30493321E-01
   43  0.30099336E-01
   44  0.29753892E-01
   45  0.29457252E-01
   46  0.29210759E-01
   47  0.29014554E-01
   48  0.28869091E-01
   49  0.28774329E-01
   50  0.28729938E-01
   51  0.28735613E-01
   52  0.28790744E-01
   53  0.28894607E-01
   54  0.29045779E-01
   55  0.29243672E-01
   56  0.29486205E-01
   57  0.29772213E-01
   58  0.30099738E-01
   59  0.30466704E-01
   60  0.30871810E-01
   61  0.31311885E-01
   62  0.31785194E-01
   63  0.32288812E-01
   64  0.32821272E-01
   65  0.33378478E-01
   66  0.33958752E-01
   67  0.34559276E-01
   68  0.35176445E-01
   69  0.35808738E-01
   70  0.36451623E-01
   71  0.37103843E-01
   72  0.37761204E-01
   73  0.38421992E-01
   74  0.39082270E-01
   75  0.39739732E-01
   76  0.40391732E-01
   77  0.41035779E-01
   78  0.41668624E-01
   79  0.42288084E-01
   80  0.42891562E-01
   81  0.43476544E-01
   82  0.44041172E-01
   83  0.44582821E-01
   84  0.45099501E-01
   85  0.45589779E-01
   86  0.46050970E-01
   87  0.46482064E-01
   88  0.46881564E-01
   89  0.47247883E-01
   90  0.47579326E-01
   91  0.47875132E-01
   92  0.48134275E-01
   93  0.48356060E-01
   94  0.48540071E-01
   95  0.48684821E-01
   96  0.48790809E-01
   97  0.48857737E-01
   98  0.48884708E-01
   99  0.48872232E-01
  100  0.48820429E-01
  101  0.48729390E-01
  102  0.48599601E-01
  103  0.48431896E-01
  104  0.48226383E-01
  105  0.47983967E-01
  106  0.47705758E-01
  107  0.47392000E-01
  108  0.47044270E-01
  109  0.46663791E-01
  110  0.46250962E-01
  111  0.45807995E-01
  112  0.45335412E-01
  113  0.44835079E-01
  114  0.44308472E-01
  115  0.43756567E-01
  116  0.43181270E-01
  117  0.42584147E-01
  118  0.41966602E-01
  119  0.41330080E-01
  120  0.40676679E-01
  121  0.40007431E-01
  122  0.39324503E-01
  123  0.38629197E-01
  124  0.37923098E-01
  125  0.37207954E-01
  126  0.36485158E-01
  127  0.35756383E-01
  128  0.35023000E-01
  129  0.34286719E-01
  130  0.33548821E-01
  131  0.32810770E-01
  132  0.32073714E-01
  133  0.31339455E-01
  134  0.30608935E-01
  135  0.29883524E-01
  136  0.29164106E-01
  137  0.28451957E-01
  138  0.27748218E-01
  139  0.27053809E-01
  140  0.26369754E-01
  141  0.25696818E-01
  142  0.25035862E-01
  143  0.24387663E-01
  144  0.23752926E-01
  145  0.23132306E-01
  146  0.22526577E-01
  147  0.21936033E-01
  148  0.21361066E-01
  149  0.20802446E-01
  150  0.20260353E-01
  151  0.19735165E-01
  152  0.19227019E-01
  153  0.18736443E-01
  154  0.18263381E-01
  155  0.17808212E-01
  156  0.17370788E-01
  157  0.16951356E-01
  158  0.16550019E-01
  159  0.16166696E-01
  160  0.15801435E-01
  161  0.15454157E-01
  162  0.15124893E-01
  163  0.14813496E-01
  164  0.14519849E-01
  165  0.14243904E-01
  166  0.13985615E-01
  167  0.13744836E-01
  168  0.13521447E-01
  169  0.13315134E-01
  170  0.13126030E-01
  171  0.12953938E-01
  172  0.12798741E-01
  173  0.12660188E-01
  174  0.12538314E-01
  175  0.12433006E-01
  176  0.12344150E-01
  177  0.12271678E-01
  178  0.12215553E-01
  179  0.12175627E-01
  180  0.12151998E-01
  181  0.12144564E-01
  182  0.12153287E-01
  183  0.12178226E-01
  184  0.12219455E-01
  185  0.12276880E-01
  186  0.12350623E-01
  187  0.12440772E-01
  188  0.12547469E-01
  189  0.12670676E-01
  190  0.12810540E-01
  191  0.12967047E-01
  192  0.13140514E-01
  193  0.13331024E-01
  194  0.13538579E-01
  195  0.13763417E-01
  196  0.14005652E-01
  197  0.14265406E-01
  198  0.14542663E-01
  199  0.14837760E-01
  200  0.15150568E-01
  201  0.15481443E-01
  202  0.15830100E-01
  203  0.16196864E-01
  204  0.16581677E-01
  205  0.16984506E-01
  206  0.17405288E-01
  207  0.17844206E-01
  208  0.18300910E-01
  209  0.18775402E-01
  210  0.19267503E-01
  211  0.19777037E-01
  212  0.20303665E-01
  213  0.20847153E-01
  214  0.21407181E-01
  215  0.21983424E-01
  216  0.22575393E-01
  217  0.23182537E-01
  218  0.23804430E-01
  219  0.24440397E-01
  220  0.25089663E-01
  221  0.25751764E-01
  222  0.26425706E-01
  223  0.27110798E-01
  224  0.27806258E-01
  225  0.28510988E-01
  226  0.29223900E-01
  227  0.29944006E-01
  228  0.30670334E-01
  229  0.31401541E-01
  230  0.32136485E-01
  231  0.32873854E-01
  232  0.33612330E-01
  233  0.34350611E-01
  234  0.35087090E-01
  235  0.35820488E-01
  236  0.36549464E-01
  237  0.37272580E-01
  238  0.37987508E-01
  239  0.38693469E-01
  240  0.39388511E-01
  241  0.40071480E-01
  242  0.40740099E-01
  243  0.41393381E-01
  244  0.42028971E-01
  245  0.42646393E-01
  246  0.43242685E-01
  247  0.43817203E-01
  248  0.44368070E-01
  249  0.44894192E-01
  250  0.45393486E-01
  251  0.45865078E-01
  252  0.46307117E-01
  253  0.46718974E-01
  254  0.47098186E-01
  255  0.47444653E-01
  256  0.47757018E-01
  257  0.48034161E-01
  258  0.48275385E-01
  259  0.48479348E-01
  260  0.48645973E-01
  261  0.48774172E-01
  262  0.48863791E-01
  263  0.48913937E-01
  264  0.48924919E-01
  265  0.48896417E-01
  266  0.48828412E-01
  267  0.48721116E-01
  268  0.48574381E-01
  269  0.48389103E-01
  270  0.48165422E-01
  271  0.47904525E-01
  272  0.47606934E-01
  273  0.47273748E-01
  274  0.46906229E-01
  275  0.46505127E-01
  276  0.46072192E-01
  277  0.45609642E-01
  278  0.45118082E-01
  279  0.44599582E-01
  280  0.44056300E-01
  281  0.43490302E-01
  282  0.42903662E-01
  283  0.42298730E-01
  284  0.41677911E-01
  285  0.41043386E-01
  286  0.40398136E-01
  287  0.39744414E-01
  288  0.39085325E-01
  289  0.38423389E-01
  290  0.37761323E-01
  291  0.37102286E-01
  292  0.36448736E-01
  293  0.35804316E-01
  294  0.35170875E-01
  295  0.34551952E-01
  296  0.33950664E-01
  297  0.33368632E-01
  298  0.32809932E-01
  299  0.32276571E-01
  300  0.31771496E-01
  301  0.31296931E-01
  302  0.30855626E-01
  303  0.30449325E-01
  304  0.30081095E-01
  305  0.29752377E-01
  306  0.29465416E-01
  307  0.29221755E-01
  308  0.29023105E-01
  309  0.28870961E-01
  310  0.28766071E-01
  311  0.28710004E-01
  312  0.28703462E-01
  313  0.28746879E-01
  314  0.28841006E-01
  315  0.28985728E-01
  316  0.29181244E-01
  317  0.29427137E-01
  318  0.29722922E-01
  319  0.30068155E-01
  320  0.30461635E-01
  321  0.30902207E-01
  322  0.31389017E-01
  323  0.31919748E-01
  324  0.32492694E-01
  325  0.33106245E-01
  326  0.33758312E-01
  327  0.34446005E-01
  328  0.35167057E-01
  329  0.35918590E-01
  330  0.36697667E-01
  331  0.37501510E-01
  332  0.38326729E-01
  333  0.39169960E-01
  334  0.40028006E-01
  335  0.40897220E-01
  336  0.41773867E-01
  337  0.42654775E-01
  338  0.43536130E-01
  339  0.44413861E-01
  340  0.45284878E-01
  341  0.46144787E-01
  342  0.46990663E-01
  343  0.47818042E-01
  344  0.48624311E-01
  345  0.49405228E-01
  346  0.50157893E-01
  347  0.50878510E-01
  348  0.51564913E-01
  349  0.52212924E-01
  350  0.52820280E-01
  351  0.53384557E-01
  352  0.53902823E-01
  353  0.54373063E-01
  354  0.54793086E-01
  355  0.55160742E-01
  356  0.55475175E-01
  357  0.55734456E-01
  358  0.55937462E-01
  359  0.56083478E-01
  360  0.56171283E-01
 ]; 
