spt = [ 
    1  0.26997814E-10
    2  0.29520462E-10
    3  0.32441008E-10
    4  0.35562414E-10
    5  0.39086113E-10
    6  0.42767092E-10
    7  0.46895324E-10
    8  0.51599242E-10
    9  0.56122346E-10
   10  0.61347601E-10
   11  0.66949543E-10
   12  0.72303052E-10
   13  0.78349341E-10
   14  0.85382520E-10
   15  0.92130907E-10
   16  0.98817669E-10
   17  0.10682780E-09
   18  0.11443927E-09
   19  0.12257506E-09
   20  0.13186520E-09
   21  0.14016587E-09
   22  0.15054083E-09
   23  0.15922119E-09
   24  0.17123154E-09
   25  0.18055886E-09
   26  0.19237507E-09
   27  0.20314422E-09
   28  0.21528472E-09
   29  0.22758133E-09
   30  0.24098984E-09
   31  0.25286212E-09
   32  0.26701208E-09
   33  0.28107822E-09
   34  0.29668984E-09
   35  0.31241404E-09
   36  0.32566380E-09
   37  0.34250028E-09
   38  0.35958123E-09
   39  0.37110298E-09
   40  0.39120820E-09
   41  0.40759682E-09
   42  0.42351256E-09
   43  0.44101023E-09
   44  0.46066242E-09
   45  0.47808696E-09
   46  0.49765075E-09
   47  0.51295118E-09
   48  0.53256366E-09
   49  0.55272731E-09
   50  0.57400190E-09
   51  0.59280014E-09
   52  0.61420846E-09
   53  0.63097144E-09
   54  0.64881300E-09
   55  0.67068889E-09
   56  0.69120831E-09
   57  0.71001383E-09
   58  0.73026191E-09
   59  0.74711992E-09
   60  0.76484719E-09
   61  0.78197709E-09
   62  0.80401236E-09
   63  0.82248952E-09
   64  0.83916896E-09
   65  0.85941987E-09
   66  0.87380475E-09
   67  0.89095725E-09
   68  0.90756935E-09
   69  0.92528091E-09
   70  0.93867336E-09
   71  0.95546959E-09
   72  0.96774122E-09
   73  0.98463704E-09
   74  0.99469555E-09
   75  0.10094814E-08
   76  0.10230939E-08
   77  0.10325818E-08
   78  0.10463311E-08
   79  0.10602632E-08
   80  0.10683668E-08
   81  0.10743659E-08
   82  0.10838257E-08
   83  0.10906721E-08
   84  0.10957153E-08
   85  0.10997059E-08
   86  0.11144319E-08
   87  0.11111134E-08
   88  0.11183262E-08
   89  0.11231622E-08
   90  0.11228446E-08
   91  0.11175126E-08
   92  0.11227395E-08
   93  0.11234622E-08
   94  0.11225549E-08
   95  0.11175227E-08
   96  0.11179413E-08
   97  0.11167853E-08
   98  0.11104432E-08
   99  0.11032854E-08
  100  0.11000141E-08
  101  0.10952830E-08
  102  0.10839735E-08
  103  0.10736974E-08
  104  0.10649293E-08
  105  0.10567821E-08
  106  0.10446923E-08
  107  0.10344673E-08
  108  0.10229799E-08
  109  0.10121507E-08
  110  0.99698771E-09
  111  0.98289810E-09
  112  0.96510289E-09
  113  0.95126029E-09
  114  0.93638564E-09
  115  0.91996788E-09
  116  0.90057167E-09
  117  0.88082230E-09
  118  0.86403301E-09
  119  0.84613072E-09
  120  0.82558588E-09
  121  0.80968676E-09
  122  0.78653306E-09
  123  0.76742440E-09
  124  0.74743278E-09
  125  0.72573669E-09
  126  0.70292194E-09
  127  0.68480399E-09
  128  0.66661165E-09
  129  0.64337713E-09
  130  0.62082217E-09
  131  0.59822791E-09
  132  0.57672239E-09
  133  0.55478344E-09
  134  0.53548732E-09
  135  0.51499793E-09
  136  0.49463156E-09
  137  0.47236798E-09
  138  0.45374376E-09
  139  0.43483819E-09
  140  0.41302164E-09
  141  0.39299614E-09
  142  0.37703812E-09
  143  0.35687614E-09
  144  0.33837272E-09
  145  0.32030562E-09
  146  0.30394398E-09
  147  0.28685632E-09
  148  0.27130673E-09
  149  0.25444180E-09
  150  0.24026089E-09
  151  0.22453603E-09
  152  0.21086836E-09
  153  0.19747422E-09
  154  0.18319993E-09
  155  0.17104360E-09
  156  0.15868248E-09
  157  0.14709081E-09
  158  0.13656024E-09
  159  0.12554538E-09
  160  0.11562611E-09
  161  0.10605687E-09
  162  0.97085714E-10
  163  0.88775862E-10
  164  0.80779342E-10
  165  0.73372093E-10
  166  0.66444066E-10
  167  0.60128735E-10
  168  0.54106254E-10
  169  0.48526468E-10
  170  0.43690277E-10
  171  0.39118504E-10
  172  0.34982722E-10
  173  0.31883381E-10
  174  0.28381091E-10
  175  0.25601597E-10
  176  0.23504820E-10
  177  0.21758354E-10
  178  0.20090435E-10
  179  0.19141426E-10
  180  0.18630762E-10
  181  0.18562337E-10
  182  0.18678675E-10
  183  0.19387861E-10
  184  0.20419270E-10
  185  0.21740752E-10
  186  0.23817474E-10
  187  0.25720526E-10
  188  0.28664080E-10
  189  0.31592961E-10
  190  0.35146285E-10
  191  0.38749271E-10
  192  0.43082097E-10
  193  0.47603269E-10
  194  0.52758981E-10
  195  0.58159411E-10
  196  0.64084384E-10
  197  0.70674820E-10
  198  0.77183447E-10
  199  0.84306090E-10
  200  0.91592969E-10
  201  0.99863111E-10
  202  0.10849627E-09
  203  0.11761232E-09
  204  0.12656112E-09
  205  0.13625533E-09
  206  0.14606967E-09
  207  0.15710472E-09
  208  0.16828572E-09
  209  0.17893184E-09
  210  0.19112835E-09
  211  0.20327737E-09
  212  0.21642811E-09
  213  0.22876888E-09
  214  0.24215704E-09
  215  0.25619434E-09
  216  0.27053335E-09
  217  0.28349020E-09
  218  0.29945896E-09
  219  0.31443007E-09
  220  0.32949818E-09
  221  0.34613915E-09
  222  0.36172348E-09
  223  0.37786960E-09
  224  0.39587011E-09
  225  0.41040013E-09
  226  0.42679077E-09
  227  0.44574650E-09
  228  0.46065110E-09
  229  0.47886523E-09
  230  0.49534055E-09
  231  0.51336879E-09
  232  0.52775329E-09
  233  0.54551247E-09
  234  0.56577520E-09
  235  0.58022681E-09
  236  0.59674138E-09
  237  0.61384270E-09
  238  0.62715888E-09
  239  0.64537048E-09
  240  0.65967448E-09
  241  0.67675887E-09
  242  0.69293388E-09
  243  0.70586986E-09
  244  0.72227824E-09
  245  0.73448930E-09
  246  0.74479906E-09
  247  0.76197715E-09
  248  0.77207990E-09
  249  0.78671558E-09
  250  0.79380030E-09
  251  0.80809043E-09
  252  0.82025925E-09
  253  0.83140389E-09
  254  0.83821050E-09
  255  0.84304619E-09
  256  0.85555202E-09
  257  0.86006791E-09
  258  0.86866081E-09
  259  0.86732632E-09
  260  0.87732832E-09
  261  0.88080970E-09
  262  0.88341851E-09
  263  0.88750957E-09
  264  0.89022661E-09
  265  0.88539714E-09
  266  0.89234192E-09
  267  0.88971969E-09
  268  0.88933266E-09
  269  0.88661872E-09
  270  0.88724245E-09
  271  0.88570939E-09
  272  0.88391822E-09
  273  0.87774565E-09
  274  0.87030316E-09
  275  0.86463992E-09
  276  0.85816393E-09
  277  0.84982565E-09
  278  0.84121388E-09
  279  0.83432300E-09
  280  0.82766988E-09
  281  0.81147206E-09
  282  0.80585955E-09
  283  0.79314733E-09
  284  0.78506535E-09
  285  0.76745343E-09
  286  0.75776968E-09
  287  0.74589046E-09
  288  0.73177508E-09
  289  0.71854933E-09
  290  0.70177386E-09
  291  0.69134776E-09
  292  0.67685924E-09
  293  0.66134209E-09
  294  0.64111028E-09
  295  0.62786754E-09
  296  0.61411681E-09
  297  0.59871408E-09
  298  0.57866278E-09
  299  0.56214938E-09
  300  0.54449484E-09
  301  0.53118271E-09
  302  0.51382121E-09
  303  0.49547777E-09
  304  0.47723930E-09
  305  0.46229073E-09
  306  0.44270468E-09
  307  0.42439213E-09
  308  0.41358036E-09
  309  0.39443460E-09
  310  0.37795908E-09
  311  0.36108852E-09
  312  0.34474434E-09
  313  0.33043165E-09
  314  0.31426181E-09
  315  0.29928166E-09
  316  0.28281769E-09
  317  0.26846872E-09
  318  0.25414554E-09
  319  0.23987828E-09
  320  0.22726114E-09
  321  0.21258710E-09
  322  0.20030183E-09
  323  0.18837973E-09
  324  0.17688731E-09
  325  0.16507805E-09
  326  0.15298252E-09
  327  0.14399269E-09
  328  0.13505970E-09
  329  0.12428521E-09
  330  0.11455512E-09
  331  0.10555908E-09
  332  0.97560696E-10
  333  0.89674289E-10
  334  0.81424874E-10
  335  0.74956999E-10
  336  0.68804164E-10
  337  0.61860787E-10
  338  0.56499517E-10
  339  0.51533191E-10
  340  0.46525079E-10
  341  0.42050526E-10
  342  0.38202837E-10
  343  0.34066059E-10
  344  0.30879230E-10
  345  0.27987614E-10
  346  0.25550888E-10
  347  0.23273061E-10
  348  0.21370230E-10
  349  0.19816034E-10
  350  0.18668520E-10
  351  0.17842632E-10
  352  0.17344711E-10
  353  0.17067908E-10
  354  0.17385053E-10
  355  0.17833251E-10
  356  0.18661961E-10
  357  0.19609852E-10
  358  0.20879541E-10
  359  0.22618719E-10
  360  0.24710999E-10
 ]; 
