stt = [ 
    1  0.23185949E+00
    2  0.23178674E+00
    3  0.23159927E+00
    4  0.23129568E+00
    5  0.23087686E+00
    6  0.23034491E+00
    7  0.22969979E+00
    8  0.22894315E+00
    9  0.22807617E+00
   10  0.22710061E+00
   11  0.22601831E+00
   12  0.22483055E+00
   13  0.22354165E+00
   14  0.22215097E+00
   15  0.22066486E+00
   16  0.21908219E+00
   17  0.21740782E+00
   18  0.21564484E+00
   19  0.21379504E+00
   20  0.21186410E+00
   21  0.20985335E+00
   22  0.20776655E+00
   23  0.20560804E+00
   24  0.20338200E+00
   25  0.20109013E+00
   26  0.19873802E+00
   27  0.19632882E+00
   28  0.19386569E+00
   29  0.19135502E+00
   30  0.18879880E+00
   31  0.18620063E+00
   32  0.18356502E+00
   33  0.18089619E+00
   34  0.17819792E+00
   35  0.17547318E+00
   36  0.17272694E+00
   37  0.16996193E+00
   38  0.16718321E+00
   39  0.16439354E+00
   40  0.16159609E+00
   41  0.15879485E+00
   42  0.15599258E+00
   43  0.15319335E+00
   44  0.15039940E+00
   45  0.14761485E+00
   46  0.14484094E+00
   47  0.14208150E+00
   48  0.13933939E+00
   49  0.13661721E+00
   50  0.13391601E+00
   51  0.13123940E+00
   52  0.12858847E+00
   53  0.12596624E+00
   54  0.12337333E+00
   55  0.12081254E+00
   56  0.11828454E+00
   57  0.11579040E+00
   58  0.11333366E+00
   59  0.11091317E+00
   60  0.10853034E+00
   61  0.10618675E+00
   62  0.10388275E+00
   63  0.10161866E+00
   64  0.99395670E-01
   65  0.97213432E-01
   66  0.95073380E-01
   67  0.92974596E-01
   68  0.90917006E-01
   69  0.88901341E-01
   70  0.86927481E-01
   71  0.84994718E-01
   72  0.83103262E-01
   73  0.81252381E-01
   74  0.79441972E-01
   75  0.77671699E-01
   76  0.75940520E-01
   77  0.74248411E-01
   78  0.72594449E-01
   79  0.70977986E-01
   80  0.69397695E-01
   81  0.67854583E-01
   82  0.66346452E-01
   83  0.64871825E-01
   84  0.63431501E-01
   85  0.62024426E-01
   86  0.60649347E-01
   87  0.59304919E-01
   88  0.57991445E-01
   89  0.56706637E-01
   90  0.55451013E-01
   91  0.54223321E-01
   92  0.53022601E-01
   93  0.51848572E-01
   94  0.50699588E-01
   95  0.49574975E-01
   96  0.48474915E-01
   97  0.47397505E-01
   98  0.46342999E-01
   99  0.45310378E-01
  100  0.44298746E-01
  101  0.43307848E-01
  102  0.42336654E-01
  103  0.41385137E-01
  104  0.40452138E-01
  105  0.39537724E-01
  106  0.38640957E-01
  107  0.37761554E-01
  108  0.36899302E-01
  109  0.36053170E-01
  110  0.35223611E-01
  111  0.34409557E-01
  112  0.33611033E-01
  113  0.32827813E-01
  114  0.32059304E-01
  115  0.31305406E-01
  116  0.30566126E-01
  117  0.29840585E-01
  118  0.29129228E-01
  119  0.28431535E-01
  120  0.27747458E-01
  121  0.27077036E-01
  122  0.26419805E-01
  123  0.25775524E-01
  124  0.25144821E-01
  125  0.24526924E-01
  126  0.23921775E-01
  127  0.23329344E-01
  128  0.22750169E-01
  129  0.22183284E-01
  130  0.21629129E-01
  131  0.21087611E-01
  132  0.20558389E-01
  133  0.20041781E-01
  134  0.19537739E-01
  135  0.19045942E-01
  136  0.18566303E-01
  137  0.18099112E-01
  138  0.17644072E-01
  139  0.17201381E-01
  140  0.16770395E-01
  141  0.16351817E-01
  142  0.15945049E-01
  143  0.15550265E-01
  144  0.15167469E-01
  145  0.14796311E-01
  146  0.14436928E-01
  147  0.14089195E-01
  148  0.13753111E-01
  149  0.13428302E-01
  150  0.13115025E-01
  151  0.12812979E-01
  152  0.12522181E-01
  153  0.12242591E-01
  154  0.11973837E-01
  155  0.11716131E-01
  156  0.11469069E-01
  157  0.11232668E-01
  158  0.11007017E-01
  159  0.10791727E-01
  160  0.10586782E-01
  161  0.10392320E-01
  162  0.10207728E-01
  163  0.10033299E-01
  164  0.98687299E-02
  165  0.97141415E-02
  166  0.95691746E-02
  167  0.94338860E-02
  168  0.93081445E-02
  169  0.91918362E-02
  170  0.90848822E-02
  171  0.89872470E-02
  172  0.88988487E-02
  173  0.88194944E-02
  174  0.87494366E-02
  175  0.86882943E-02
  176  0.86362371E-02
  177  0.85929716E-02
  178  0.85589066E-02
  179  0.85332599E-02
  180  0.85167568E-02
  181  0.85091703E-02
  182  0.85103288E-02
  183  0.85202781E-02
  184  0.85392930E-02
  185  0.85671376E-02
  186  0.86038364E-02
  187  0.86495187E-02
  188  0.87041771E-02
  189  0.87679448E-02
  190  0.88408161E-02
  191  0.89228880E-02
  192  0.90141781E-02
  193  0.91148028E-02
  194  0.92248032E-02
  195  0.93443524E-02
  196  0.94734747E-02
  197  0.96123721E-02
  198  0.97609255E-02
  199  0.99193864E-02
  200  0.10087946E-01
  201  0.10266619E-01
  202  0.10455526E-01
  203  0.10654726E-01
  204  0.10864442E-01
  205  0.11084742E-01
  206  0.11315690E-01
  207  0.11557462E-01
  208  0.11810217E-01
  209  0.12074056E-01
  210  0.12349017E-01
  211  0.12635208E-01
  212  0.12932658E-01
  213  0.13241756E-01
  214  0.13562265E-01
  215  0.13894612E-01
  216  0.14238779E-01
  217  0.14594636E-01
  218  0.14962508E-01
  219  0.15342298E-01
  220  0.15734151E-01
  221  0.16138418E-01
  222  0.16554747E-01
  223  0.16983340E-01
  224  0.17424408E-01
  225  0.17877771E-01
  226  0.18343760E-01
  227  0.18822104E-01
  228  0.19313032E-01
  229  0.19816590E-01
  230  0.20332672E-01
  231  0.20861579E-01
  232  0.21403342E-01
  233  0.21957880E-01
  234  0.22525210E-01
  235  0.23105387E-01
  236  0.23698764E-01
  237  0.24305195E-01
  238  0.24924537E-01
  239  0.25557227E-01
  240  0.26203271E-01
  241  0.26862646E-01
  242  0.27535543E-01
  243  0.28222101E-01
  244  0.28922427E-01
  245  0.29636925E-01
  246  0.30365195E-01
  247  0.31108066E-01
  248  0.31865239E-01
  249  0.32637659E-01
  250  0.33424877E-01
  251  0.34227118E-01
  252  0.35045583E-01
  253  0.35879496E-01
  254  0.36730167E-01
  255  0.37597481E-01
  256  0.38481589E-01
  257  0.39383266E-01
  258  0.40303171E-01
  259  0.41241627E-01
  260  0.42199168E-01
  261  0.43175895E-01
  262  0.44173148E-01
  263  0.45191120E-01
  264  0.46230569E-01
  265  0.47291998E-01
  266  0.48376299E-01
  267  0.49484253E-01
  268  0.50615802E-01
  269  0.51772848E-01
  270  0.52955631E-01
  271  0.54164898E-01
  272  0.55401701E-01
  273  0.56666497E-01
  274  0.57960134E-01
  275  0.59283614E-01
  276  0.60638826E-01
  277  0.62024150E-01
  278  0.63442193E-01
  279  0.64894028E-01
  280  0.66379927E-01
  281  0.67900240E-01
  282  0.69456547E-01
  283  0.71049042E-01
  284  0.72679006E-01
  285  0.74346632E-01
  286  0.76052882E-01
  287  0.77798247E-01
  288  0.79583213E-01
  289  0.81408568E-01
  290  0.83274648E-01
  291  0.85181572E-01
  292  0.87129958E-01
  293  0.89120157E-01
  294  0.91152184E-01
  295  0.93226068E-01
  296  0.95341504E-01
  297  0.97499169E-01
  298  0.99697709E-01
  299  0.10193813E+00
  300  0.10421873E+00
  301  0.10653947E+00
  302  0.10890030E+00
  303  0.11129960E+00
  304  0.11373637E+00
  305  0.11621067E+00
  306  0.11871978E+00
  307  0.12126347E+00
  308  0.12384035E+00
  309  0.12644801E+00
  310  0.12908506E+00
  311  0.13174970E+00
  312  0.13444050E+00
  313  0.13715433E+00
  314  0.13988909E+00
  315  0.14264259E+00
  316  0.14541270E+00
  317  0.14819652E+00
  318  0.15099096E+00
  319  0.15379275E+00
  320  0.15659952E+00
  321  0.15940751E+00
  322  0.16221452E+00
  323  0.16501603E+00
  324  0.16780917E+00
  325  0.17059000E+00
  326  0.17335594E+00
  327  0.17610179E+00
  328  0.17882442E+00
  329  0.18152064E+00
  330  0.18418567E+00
  331  0.18681586E+00
  332  0.18940753E+00
  333  0.19195662E+00
  334  0.19445997E+00
  335  0.19691242E+00
  336  0.19931112E+00
  337  0.20165098E+00
  338  0.20392868E+00
  339  0.20614097E+00
  340  0.20828332E+00
  341  0.21035311E+00
  342  0.21234602E+00
  343  0.21425788E+00
  344  0.21608734E+00
  345  0.21782999E+00
  346  0.21948285E+00
  347  0.22104238E+00
  348  0.22250615E+00
  349  0.22387272E+00
  350  0.22513713E+00
  351  0.22629800E+00
  352  0.22735417E+00
  353  0.22830312E+00
  354  0.22914374E+00
  355  0.22987260E+00
  356  0.23048870E+00
  357  0.23099332E+00
  358  0.23138207E+00
  359  0.23165730E+00
  360  0.23181669E+00
 ]; 
