spt = [ 
    1  0.74387754E-08
    2  0.65871064E-08
    3  0.58724030E-08
    4  0.53024451E-08
    5  0.48757145E-08
    6  0.45912429E-08
    7  0.44474158E-08
    8  0.44494430E-08
    9  0.45866835E-08
   10  0.48698077E-08
   11  0.52829190E-08
   12  0.58451914E-08
   13  0.65487900E-08
   14  0.73845130E-08
   15  0.83675964E-08
   16  0.94931023E-08
   17  0.10752396E-07
   18  0.12159703E-07
   19  0.13710541E-07
   20  0.15381142E-07
   21  0.17220030E-07
   22  0.19197257E-07
   23  0.21313364E-07
   24  0.23572481E-07
   25  0.25971955E-07
   26  0.28508868E-07
   27  0.31204976E-07
   28  0.34046113E-07
   29  0.36994251E-07
   30  0.40092058E-07
   31  0.43364206E-07
   32  0.46729841E-07
   33  0.50265296E-07
   34  0.53891533E-07
   35  0.57675159E-07
   36  0.61599088E-07
   37  0.65587216E-07
   38  0.69772582E-07
   39  0.74039477E-07
   40  0.78416249E-07
   41  0.82890161E-07
   42  0.87477879E-07
   43  0.92131046E-07
   44  0.96981616E-07
   45  0.10180079E-06
   46  0.10670024E-06
   47  0.11172419E-06
   48  0.11678257E-06
   49  0.12189624E-06
   50  0.12706059E-06
   51  0.13225753E-06
   52  0.13746291E-06
   53  0.14274188E-06
   54  0.14796269E-06
   55  0.15325791E-06
   56  0.15851636E-06
   57  0.16371041E-06
   58  0.16891047E-06
   59  0.17404335E-06
   60  0.17919731E-06
   61  0.18422050E-06
   62  0.18920851E-06
   63  0.19413777E-06
   64  0.19893542E-06
   65  0.20361809E-06
   66  0.20824763E-06
   67  0.21277054E-06
   68  0.21711041E-06
   69  0.22137702E-06
   70  0.22543226E-06
   71  0.22931573E-06
   72  0.23316794E-06
   73  0.23672179E-06
   74  0.24011624E-06
   75  0.24343302E-06
   76  0.24646999E-06
   77  0.24931168E-06
   78  0.25192617E-06
   79  0.25440107E-06
   80  0.25666955E-06
   81  0.25871995E-06
   82  0.26053260E-06
   83  0.26203165E-06
   84  0.26349093E-06
   85  0.26458233E-06
   86  0.26550134E-06
   87  0.26612361E-06
   88  0.26655363E-06
   89  0.26678114E-06
   90  0.26666680E-06
   91  0.26639975E-06
   92  0.26590305E-06
   93  0.26514957E-06
   94  0.26420165E-06
   95  0.26291372E-06
   96  0.26145420E-06
   97  0.25980611E-06
   98  0.25795626E-06
   99  0.25585106E-06
  100  0.25354259E-06
  101  0.25102790E-06
  102  0.24826250E-06
  103  0.24530533E-06
  104  0.24219756E-06
  105  0.23890050E-06
  106  0.23534956E-06
  107  0.23169048E-06
  108  0.22784606E-06
  109  0.22387009E-06
  110  0.21970659E-06
  111  0.21535803E-06
  112  0.21094647E-06
  113  0.20636793E-06
  114  0.20174673E-06
  115  0.19696623E-06
  116  0.19212764E-06
  117  0.18714933E-06
  118  0.18209582E-06
  119  0.17700656E-06
  120  0.17186967E-06
  121  0.16669789E-06
  122  0.16148061E-06
  123  0.15618147E-06
  124  0.15091258E-06
  125  0.14566453E-06
  126  0.14040224E-06
  127  0.13512076E-06
  128  0.12993334E-06
  129  0.12472245E-06
  130  0.11956837E-06
  131  0.11450723E-06
  132  0.10947831E-06
  133  0.10448142E-06
  134  0.99641099E-07
  135  0.94812926E-07
  136  0.90171717E-07
  137  0.85555286E-07
  138  0.81017632E-07
  139  0.76689616E-07
  140  0.72393782E-07
  141  0.68252184E-07
  142  0.64263354E-07
  143  0.60375221E-07
  144  0.56661310E-07
  145  0.53037194E-07
  146  0.49589193E-07
  147  0.46282377E-07
  148  0.43103984E-07
  149  0.40083865E-07
  150  0.37206966E-07
  151  0.34484724E-07
  152  0.31908158E-07
  153  0.29474684E-07
  154  0.27189573E-07
  155  0.25050390E-07
  156  0.23063523E-07
  157  0.21230953E-07
  158  0.19534230E-07
  159  0.17970621E-07
  160  0.16561236E-07
  161  0.15276674E-07
  162  0.14144791E-07
  163  0.13141522E-07
  164  0.12267950E-07
  165  0.11530313E-07
  166  0.10919802E-07
  167  0.10443052E-07
  168  0.10087523E-07
  169  0.98503845E-08
  170  0.97384882E-08
  171  0.97544177E-08
  172  0.98916857E-08
  173  0.10144104E-07
  174  0.10508372E-07
  175  0.10994621E-07
  176  0.11594780E-07
  177  0.12312045E-07
  178  0.13145542E-07
  179  0.14092402E-07
  180  0.15157831E-07
  181  0.16335470E-07
  182  0.17632678E-07
  183  0.19045959E-07
  184  0.20577284E-07
  185  0.22223947E-07
  186  0.23990244E-07
  187  0.25885518E-07
  188  0.27888523E-07
  189  0.30030648E-07
  190  0.32288373E-07
  191  0.34677239E-07
  192  0.37194575E-07
  193  0.39838532E-07
  194  0.42609646E-07
  195  0.45523862E-07
  196  0.48557254E-07
  197  0.51740468E-07
  198  0.55053018E-07
  199  0.58505520E-07
  200  0.62091907E-07
  201  0.65822164E-07
  202  0.69672168E-07
  203  0.73690288E-07
  204  0.77817468E-07
  205  0.82102204E-07
  206  0.86519236E-07
  207  0.91059945E-07
  208  0.95735793E-07
  209  0.10053806E-06
  210  0.10548703E-06
  211  0.11052663E-06
  212  0.11573255E-06
  213  0.12104216E-06
  214  0.12645803E-06
  215  0.13196897E-06
  216  0.13760834E-06
  217  0.14330269E-06
  218  0.14912916E-06
  219  0.15502894E-06
  220  0.16101275E-06
  221  0.16706332E-06
  222  0.17316189E-06
  223  0.17928808E-06
  224  0.18551944E-06
  225  0.19176662E-06
  226  0.19805013E-06
  227  0.20433399E-06
  228  0.21065139E-06
  229  0.21696813E-06
  230  0.22329000E-06
  231  0.22948575E-06
  232  0.23577131E-06
  233  0.24201566E-06
  234  0.24816342E-06
  235  0.25431012E-06
  236  0.26036483E-06
  237  0.26632154E-06
  238  0.27231633E-06
  239  0.27809028E-06
  240  0.28383894E-06
  241  0.28944382E-06
  242  0.29496923E-06
  243  0.30037342E-06
  244  0.30552326E-06
  245  0.31067052E-06
  246  0.31571301E-06
  247  0.32054965E-06
  248  0.32518273E-06
  249  0.32980120E-06
  250  0.33410623E-06
  251  0.33838717E-06
  252  0.34239861E-06
  253  0.34625984E-06
  254  0.34998573E-06
  255  0.35339161E-06
  256  0.35669638E-06
  257  0.35995404E-06
  258  0.36292241E-06
  259  0.36564705E-06
  260  0.36814225E-06
  261  0.37055284E-06
  262  0.37269467E-06
  263  0.37470801E-06
  264  0.37646447E-06
  265  0.37796426E-06
  266  0.37942931E-06
  267  0.38052741E-06
  268  0.38147894E-06
  269  0.38229351E-06
  270  0.38283133E-06
  271  0.38316784E-06
  272  0.38322713E-06
  273  0.38315204E-06
  274  0.38285515E-06
  275  0.38234111E-06
  276  0.38163819E-06
  277  0.38063632E-06
  278  0.37955792E-06
  279  0.37816520E-06
  280  0.37665953E-06
  281  0.37483719E-06
  282  0.37283786E-06
  283  0.37067693E-06
  284  0.36824062E-06
  285  0.36554522E-06
  286  0.36267181E-06
  287  0.35962714E-06
  288  0.35647275E-06
  289  0.35290066E-06
  290  0.34934575E-06
  291  0.34537979E-06
  292  0.34138131E-06
  293  0.33704114E-06
  294  0.33267193E-06
  295  0.32806901E-06
  296  0.32319474E-06
  297  0.31822916E-06
  298  0.31313058E-06
  299  0.30785287E-06
  300  0.30236177E-06
  301  0.29673299E-06
  302  0.29091495E-06
  303  0.28516675E-06
  304  0.27914007E-06
  305  0.27296275E-06
  306  0.26680968E-06
  307  0.26043969E-06
  308  0.25394741E-06
  309  0.24751245E-06
  310  0.24098068E-06
  311  0.23435452E-06
  312  0.22768212E-06
  313  0.22093379E-06
  314  0.21419729E-06
  315  0.20751541E-06
  316  0.20072893E-06
  317  0.19401207E-06
  318  0.18727076E-06
  319  0.18059988E-06
  320  0.17393486E-06
  321  0.16732494E-06
  322  0.16075211E-06
  323  0.15421409E-06
  324  0.14781328E-06
  325  0.14148246E-06
  326  0.13527399E-06
  327  0.12910323E-06
  328  0.12310794E-06
  329  0.11717078E-06
  330  0.11134222E-06
  331  0.10570334E-06
  332  0.10016391E-06
  333  0.94743164E-07
  334  0.89499522E-07
  335  0.84356373E-07
  336  0.79425881E-07
  337  0.74582040E-07
  338  0.69962496E-07
  339  0.65458480E-07
  340  0.61123885E-07
  341  0.56955294E-07
  342  0.52979075E-07
  343  0.49110000E-07
  344  0.45436494E-07
  345  0.41912063E-07
  346  0.38569091E-07
  347  0.35386751E-07
  348  0.32357754E-07
  349  0.29494053E-07
  350  0.26803203E-07
  351  0.24261345E-07
  352  0.21887031E-07
  353  0.19673976E-07
  354  0.17606590E-07
  355  0.15701977E-07
  356  0.13943914E-07
  357  0.12347708E-07
  358  0.10900218E-07
  359  0.95984705E-08
  360  0.84502521E-08
 ]; 
