spt = [ 
    1  0.79863942E-10
    2  0.81740496E-10
    3  0.83683616E-10
    4  0.86215902E-10
    5  0.88423817E-10
    6  0.90599174E-10
    7  0.92715030E-10
    8  0.94696716E-10
    9  0.96820531E-10
   10  0.98316792E-10
   11  0.10146588E-09
   12  0.10310836E-09
   13  0.10502630E-09
   14  0.10619893E-09
   15  0.10947451E-09
   16  0.11037531E-09
   17  0.11220221E-09
   18  0.11384967E-09
   19  0.11531765E-09
   20  0.11652783E-09
   21  0.11778095E-09
   22  0.11943825E-09
   23  0.12037901E-09
   24  0.12213874E-09
   25  0.12034020E-09
   26  0.12249025E-09
   27  0.12200298E-09
   28  0.12115266E-09
   29  0.12235662E-09
   30  0.12179187E-09
   31  0.11917720E-09
   32  0.11982622E-09
   33  0.11804402E-09
   34  0.11557384E-09
   35  0.11470985E-09
   36  0.11250072E-09
   37  0.11226017E-09
   38  0.10799680E-09
   39  0.10752288E-09
   40  0.10602889E-09
   41  0.10276850E-09
   42  0.10167071E-09
   43  0.98952242E-10
   44  0.95961100E-10
   45  0.94534179E-10
   46  0.92484603E-10
   47  0.90395268E-10
   48  0.90734836E-10
   49  0.88477087E-10
   50  0.86742162E-10
   51  0.86412308E-10
   52  0.85612219E-10
   53  0.84697457E-10
   54  0.84369935E-10
   55  0.85376921E-10
   56  0.85253762E-10
   57  0.85795322E-10
   58  0.87109757E-10
   59  0.87165719E-10
   60  0.90109656E-10
   61  0.91018096E-10
   62  0.93214568E-10
   63  0.94477086E-10
   64  0.96231655E-10
   65  0.99057838E-10
   66  0.10111850E-09
   67  0.10529479E-09
   68  0.10638211E-09
   69  0.10939213E-09
   70  0.11191004E-09
   71  0.11488441E-09
   72  0.11713250E-09
   73  0.12130315E-09
   74  0.12176155E-09
   75  0.12509024E-09
   76  0.12653961E-09
   77  0.12812348E-09
   78  0.12975035E-09
   79  0.13153351E-09
   80  0.13328805E-09
   81  0.13400893E-09
   82  0.13507534E-09
   83  0.13548800E-09
   84  0.13602416E-09
   85  0.13599609E-09
   86  0.13621192E-09
   87  0.13637269E-09
   88  0.13622289E-09
   89  0.13628187E-09
   90  0.13563739E-09
   91  0.13544837E-09
   92  0.13612804E-09
   93  0.13539445E-09
   94  0.13570567E-09
   95  0.13588936E-09
   96  0.13576253E-09
   97  0.13599047E-09
   98  0.13560809E-09
   99  0.13613691E-09
  100  0.13634838E-09
  101  0.13677970E-09
  102  0.13715144E-09
  103  0.13779179E-09
  104  0.13743137E-09
  105  0.13801559E-09
  106  0.13816734E-09
  107  0.13852328E-09
  108  0.13843048E-09
  109  0.13850054E-09
  110  0.13790832E-09
  111  0.13741384E-09
  112  0.13688353E-09
  113  0.13596425E-09
  114  0.13523799E-09
  115  0.13356878E-09
  116  0.13221704E-09
  117  0.13026992E-09
  118  0.12838546E-09
  119  0.12606378E-09
  120  0.12457682E-09
  121  0.12150340E-09
  122  0.11884697E-09
  123  0.11630234E-09
  124  0.11410418E-09
  125  0.11098209E-09
  126  0.10854373E-09
  127  0.10563123E-09
  128  0.10283578E-09
  129  0.10064787E-09
  130  0.97007145E-10
  131  0.94590655E-10
  132  0.91274044E-10
  133  0.88994284E-10
  134  0.86712991E-10
  135  0.83925852E-10
  136  0.80980792E-10
  137  0.78442766E-10
  138  0.76185863E-10
  139  0.73570913E-10
  140  0.71009205E-10
  141  0.69189418E-10
  142  0.67300568E-10
  143  0.65267979E-10
  144  0.63413497E-10
  145  0.61288932E-10
  146  0.58567581E-10
  147  0.56442712E-10
  148  0.54239623E-10
  149  0.53071329E-10
  150  0.51632188E-10
  151  0.50132027E-10
  152  0.47890962E-10
  153  0.46216451E-10
  154  0.45483312E-10
  155  0.43682138E-10
  156  0.42396264E-10
  157  0.41111437E-10
  158  0.40511039E-10
  159  0.39593696E-10
  160  0.38137507E-10
  161  0.37759310E-10
  162  0.37069844E-10
  163  0.35553133E-10
  164  0.35815212E-10
  165  0.35326703E-10
  166  0.35500741E-10
  167  0.35452967E-10
  168  0.35399080E-10
  169  0.35543166E-10
  170  0.36130862E-10
  171  0.35801601E-10
  172  0.36319073E-10
  173  0.37388183E-10
  174  0.36809802E-10
  175  0.38247662E-10
  176  0.39498380E-10
  177  0.39840305E-10
  178  0.41077051E-10
  179  0.42081720E-10
  180  0.43638235E-10
  181  0.44168474E-10
  182  0.45410679E-10
  183  0.46605376E-10
  184  0.48507649E-10
  185  0.49899883E-10
  186  0.51574831E-10
  187  0.52973726E-10
  188  0.54482373E-10
  189  0.56052243E-10
  190  0.57511076E-10
  191  0.59653352E-10
  192  0.61847104E-10
  193  0.63522576E-10
  194  0.65323705E-10
  195  0.67244162E-10
  196  0.68900961E-10
  197  0.71152903E-10
  198  0.73790203E-10
  199  0.75071852E-10
  200  0.77555191E-10
  201  0.79667842E-10
  202  0.81710229E-10
  203  0.83679161E-10
  204  0.86005605E-10
  205  0.88473326E-10
  206  0.90645158E-10
  207  0.92692375E-10
  208  0.94720246E-10
  209  0.96866903E-10
  210  0.98562283E-10
  211  0.10114191E-09
  212  0.10300176E-09
  213  0.10528775E-09
  214  0.10614220E-09
  215  0.10930536E-09
  216  0.11036529E-09
  217  0.11223077E-09
  218  0.11409422E-09
  219  0.11518845E-09
  220  0.11645576E-09
  221  0.11778095E-09
  222  0.11934913E-09
  223  0.12042513E-09
  224  0.12221396E-09
  225  0.12034020E-09
  226  0.12249025E-09
  227  0.12207083E-09
  228  0.12115266E-09
  229  0.12222665E-09
  230  0.12179974E-09
  231  0.11925247E-09
  232  0.11969084E-09
  233  0.11815390E-09
  234  0.11559819E-09
  235  0.11468749E-09
  236  0.11268052E-09
  237  0.11234655E-09
  238  0.10810712E-09
  239  0.10748582E-09
  240  0.10596437E-09
  241  0.10266001E-09
  242  0.10208891E-09
  243  0.99091658E-10
  244  0.95744454E-10
  245  0.94518893E-10
  246  0.92691750E-10
  247  0.90445540E-10
  248  0.90639198E-10
  249  0.88438319E-10
  250  0.86957254E-10
  251  0.86389743E-10
  252  0.85754653E-10
  253  0.84908892E-10
  254  0.84342561E-10
  255  0.85154751E-10
  256  0.85194504E-10
  257  0.86225464E-10
  258  0.87286935E-10
  259  0.87266382E-10
  260  0.90596093E-10
  261  0.91116524E-10
  262  0.93750681E-10
  263  0.94060322E-10
  264  0.96510890E-10
  265  0.99467247E-10
  266  0.10094666E-09
  267  0.10442504E-09
  268  0.10581872E-09
  269  0.10968482E-09
  270  0.11217472E-09
  271  0.11550502E-09
  272  0.11762714E-09
  273  0.12069083E-09
  274  0.12204165E-09
  275  0.12511132E-09
  276  0.12683575E-09
  277  0.12815245E-09
  278  0.13047388E-09
  279  0.13144888E-09
  280  0.13307673E-09
  281  0.13387425E-09
  282  0.13498121E-09
  283  0.13551398E-09
  284  0.13624367E-09
  285  0.13614444E-09
  286  0.13614319E-09
  287  0.13638012E-09
  288  0.13644082E-09
  289  0.13628000E-09
  290  0.13564319E-09
  291  0.13569215E-09
  292  0.13610639E-09
  293  0.13528599E-09
  294  0.13568079E-09
  295  0.13591972E-09
  296  0.13579458E-09
  297  0.13585123E-09
  298  0.13567499E-09
  299  0.13611354E-09
  300  0.13643467E-09
  301  0.13688001E-09
  302  0.13705813E-09
  303  0.13774318E-09
  304  0.13760251E-09
  305  0.13796572E-09
  306  0.13819121E-09
  307  0.13843726E-09
  308  0.13853683E-09
  309  0.13847375E-09
  310  0.13781704E-09
  311  0.13766004E-09
  312  0.13683302E-09
  313  0.13602644E-09
  314  0.13526925E-09
  315  0.13365549E-09
  316  0.13233711E-09
  317  0.13022756E-09
  318  0.12799314E-09
  319  0.12607411E-09
  320  0.12473068E-09
  321  0.12161355E-09
  322  0.11885515E-09
  323  0.11635670E-09
  324  0.11395650E-09
  325  0.11092785E-09
  326  0.10855562E-09
  327  0.10551288E-09
  328  0.10286277E-09
  329  0.10045415E-09
  330  0.97099891E-10
  331  0.94522633E-10
  332  0.91353945E-10
  333  0.89002847E-10
  334  0.86434949E-10
  335  0.84073248E-10
  336  0.81107489E-10
  337  0.78336879E-10
  338  0.76432763E-10
  339  0.73647387E-10
  340  0.70911305E-10
  341  0.69530631E-10
  342  0.67129240E-10
  343  0.64949338E-10
  344  0.63070590E-10
  345  0.61118291E-10
  346  0.58582320E-10
  347  0.56039055E-10
  348  0.54596550E-10
  349  0.52706960E-10
  350  0.52092310E-10
  351  0.50446970E-10
  352  0.48149776E-10
  353  0.46161002E-10
  354  0.44948753E-10
  355  0.43696307E-10
  356  0.42616508E-10
  357  0.41101060E-10
  358  0.40719268E-10
  359  0.40278961E-10
  360  0.38044855E-10
 ]; 
