stt = [ 
    1  0.24170899E+00
    2  0.24151234E+00
    3  0.24092497E+00
    4  0.23995003E+00
    5  0.23859257E+00
    6  0.23686261E+00
    7  0.23476969E+00
    8  0.23232669E+00
    9  0.22954650E+00
   10  0.22644769E+00
   11  0.22304696E+00
   12  0.21936429E+00
   13  0.21541956E+00
   14  0.21123478E+00
   15  0.20683208E+00
   16  0.20223616E+00
   17  0.19746742E+00
   18  0.19255161E+00
   19  0.18751393E+00
   20  0.18237434E+00
   21  0.17715858E+00
   22  0.17188786E+00
   23  0.16658516E+00
   24  0.16127022E+00
   25  0.15596275E+00
   26  0.15068254E+00
   27  0.14544405E+00
   28  0.14026694E+00
   29  0.13516340E+00
   30  0.13014746E+00
   31  0.12523046E+00
   32  0.12042303E+00
   33  0.11573242E+00
   34  0.11116860E+00
   35  0.10673512E+00
   36  0.10243770E+00
   37  0.98279364E-01
   38  0.94261542E-01
   39  0.90386428E-01
   40  0.86653471E-01
   41  0.83061509E-01
   42  0.79609163E-01
   43  0.76293983E-01
   44  0.73112339E-01
   45  0.70061147E-01
   46  0.67135990E-01
   47  0.64332895E-01
   48  0.61646871E-01
   49  0.59072997E-01
   50  0.56606997E-01
   51  0.54243259E-01
   52  0.51977389E-01
   53  0.49804404E-01
   54  0.47720503E-01
   55  0.45719281E-01
   56  0.43798812E-01
   57  0.41953847E-01
   58  0.40180992E-01
   59  0.38476657E-01
   60  0.36837813E-01
   61  0.35261419E-01
   62  0.33744909E-01
   63  0.32286000E-01
   64  0.30882599E-01
   65  0.29532757E-01
   66  0.28234629E-01
   67  0.26986867E-01
   68  0.25788235E-01
   69  0.24637453E-01
   70  0.23533579E-01
   71  0.22475738E-01
   72  0.21463204E-01
   73  0.20494929E-01
   74  0.19570367E-01
   75  0.18688887E-01
   76  0.17849799E-01
   77  0.17052535E-01
   78  0.16296456E-01
   79  0.15580480E-01
   80  0.14904569E-01
   81  0.14267646E-01
   82  0.13669197E-01
   83  0.13108259E-01
   84  0.12584171E-01
   85  0.12096071E-01
   86  0.11643235E-01
   87  0.11224733E-01
   88  0.10839654E-01
   89  0.10487289E-01
   90  0.10166786E-01
   91  0.98771788E-02
   92  0.96179591E-02
   93  0.93882363E-02
   94  0.91873296E-02
   95  0.90145096E-02
   96  0.88693677E-02
   97  0.87512499E-02
   98  0.86598843E-02
   99  0.85949730E-02
  100  0.85560111E-02
  101  0.85430956E-02
  102  0.85561676E-02
  103  0.85952478E-02
  104  0.86603072E-02
  105  0.87517034E-02
  106  0.88698724E-02
  107  0.90151215E-02
  108  0.91881081E-02
  109  0.93891108E-02
  110  0.96190423E-02
  111  0.98784920E-02
  112  0.10168111E-01
  113  0.10488784E-01
  114  0.10841314E-01
  115  0.11226446E-01
  116  0.11645154E-01
  117  0.12098077E-01
  118  0.12586324E-01
  119  0.13110576E-01
  120  0.13671694E-01
  121  0.14270294E-01
  122  0.14907135E-01
  123  0.15583195E-01
  124  0.16299119E-01
  125  0.17055169E-01
  126  0.17852619E-01
  127  0.18691769E-01
  128  0.19573152E-01
  129  0.20497669E-01
  130  0.21465935E-01
  131  0.22478435E-01
  132  0.23535999E-01
  133  0.24639742E-01
  134  0.25790285E-01
  135  0.26988637E-01
  136  0.28236222E-01
  137  0.29533952E-01
  138  0.30883642E-01
  139  0.32286670E-01
  140  0.33745319E-01
  141  0.35261586E-01
  142  0.36837351E-01
  143  0.38475871E-01
  144  0.40179897E-01
  145  0.41952450E-01
  146  0.43797314E-01
  147  0.45717560E-01
  148  0.47717627E-01
  149  0.49801823E-01
  150  0.51974926E-01
  151  0.54239955E-01
  152  0.56603443E-01
  153  0.59069678E-01
  154  0.61642747E-01
  155  0.64328790E-01
  156  0.67132235E-01
  157  0.70057712E-01
  158  0.73108539E-01
  159  0.76290347E-01
  160  0.79606213E-01
  161  0.83058424E-01
  162  0.86650610E-01
  163  0.90383671E-01
  164  0.94259501E-01
  165  0.98277524E-01
  166  0.10243657E+00
  167  0.10673428E+00
  168  0.11116751E+00
  169  0.11573360E+00
  170  0.12042382E+00
  171  0.12523170E+00
  172  0.13014975E+00
  173  0.13516624E+00
  174  0.14026977E+00
  175  0.14544834E+00
  176  0.15068601E+00
  177  0.15596701E+00
  178  0.16127463E+00
  179  0.16659068E+00
  180  0.17189403E+00
  181  0.17716399E+00
  182  0.18238045E+00
  183  0.18751979E+00
  184  0.19255833E+00
  185  0.19747286E+00
  186  0.20224185E+00
  187  0.20683882E+00
  188  0.21124068E+00
  189  0.21542558E+00
  190  0.21937017E+00
  191  0.22305292E+00
  192  0.22645374E+00
  193  0.22955211E+00
  194  0.23233074E+00
  195  0.23477395E+00
  196  0.23686565E+00
  197  0.23859537E+00
  198  0.23995173E+00
  199  0.24092621E+00
  200  0.24151319E+00
  201  0.24170896E+00
  202  0.24151230E+00
  203  0.24092498E+00
  204  0.23994999E+00
  205  0.23859259E+00
  206  0.23686272E+00
  207  0.23476964E+00
  208  0.23232669E+00
  209  0.22954658E+00
  210  0.22644763E+00
  211  0.22304693E+00
  212  0.21936432E+00
  213  0.21541961E+00
  214  0.21123476E+00
  215  0.20683198E+00
  216  0.20223616E+00
  217  0.19746737E+00
  218  0.19255155E+00
  219  0.18751383E+00
  220  0.18237412E+00
  221  0.17715858E+00
  222  0.17188781E+00
  223  0.16658516E+00
  224  0.16127020E+00
  225  0.15596275E+00
  226  0.15068254E+00
  227  0.14544408E+00
  228  0.14026694E+00
  229  0.13516337E+00
  230  0.13014747E+00
  231  0.12523043E+00
  232  0.12042306E+00
  233  0.11573239E+00
  234  0.11116862E+00
  235  0.10673509E+00
  236  0.10243771E+00
  237  0.98279342E-01
  238  0.94261542E-01
  239  0.90386458E-01
  240  0.86653441E-01
  241  0.83061501E-01
  242  0.79609148E-01
  243  0.76293990E-01
  244  0.73112294E-01
  245  0.70061147E-01
  246  0.67135990E-01
  247  0.64332880E-01
  248  0.61646834E-01
  249  0.59072990E-01
  250  0.56606960E-01
  251  0.54243278E-01
  252  0.51977366E-01
  253  0.49804430E-01
  254  0.47720522E-01
  255  0.45719258E-01
  256  0.43798789E-01
  257  0.41953817E-01
  258  0.40180944E-01
  259  0.38476657E-01
  260  0.36837794E-01
  261  0.35261430E-01
  262  0.33744894E-01
  263  0.32286011E-01
  264  0.30882619E-01
  265  0.29532779E-01
  266  0.28234590E-01
  267  0.26986875E-01
  268  0.25788272E-01
  269  0.24637450E-01
  270  0.23533611E-01
  271  0.22475719E-01
  272  0.21463159E-01
  273  0.20494936E-01
  274  0.19570356E-01
  275  0.18688831E-01
  276  0.17849779E-01
  277  0.17052546E-01
  278  0.16296463E-01
  279  0.15580487E-01
  280  0.14904549E-01
  281  0.14267645E-01
  282  0.13669180E-01
  283  0.13108274E-01
  284  0.12584161E-01
  285  0.12096069E-01
  286  0.11643248E-01
  287  0.11224738E-01
  288  0.10839642E-01
  289  0.10487306E-01
  290  0.10166780E-01
  291  0.98771760E-02
  292  0.96179582E-02
  293  0.93882354E-02
  294  0.91873333E-02
  295  0.90145208E-02
  296  0.88693658E-02
  297  0.87512322E-02
  298  0.86598787E-02
  299  0.85949777E-02
  300  0.85560139E-02
  301  0.85430890E-02
  302  0.85561723E-02
  303  0.85952487E-02
  304  0.86603053E-02
  305  0.87517044E-02
  306  0.88698715E-02
  307  0.90151159E-02
  308  0.91881035E-02
  309  0.93891118E-02
  310  0.96190432E-02
  311  0.98784957E-02
  312  0.10168114E-01
  313  0.10488782E-01
  314  0.10841318E-01
  315  0.11226448E-01
  316  0.11645162E-01
  317  0.12098080E-01
  318  0.12586326E-01
  319  0.13110579E-01
  320  0.13671686E-01
  321  0.14270305E-01
  322  0.14907133E-01
  323  0.15583203E-01
  324  0.16299117E-01
  325  0.17055171E-01
  326  0.17852623E-01
  327  0.18691758E-01
  328  0.19573156E-01
  329  0.20497667E-01
  330  0.21465940E-01
  331  0.22478439E-01
  332  0.23536000E-01
  333  0.24639754E-01
  334  0.25790306E-01
  335  0.26988648E-01
  336  0.28236229E-01
  337  0.29533951E-01
  338  0.30883662E-01
  339  0.32286681E-01
  340  0.33745330E-01
  341  0.35261646E-01
  342  0.36837421E-01
  343  0.38475916E-01
  344  0.40179987E-01
  345  0.41952509E-01
  346  0.43797322E-01
  347  0.45717571E-01
  348  0.47717698E-01
  349  0.49801908E-01
  350  0.51974956E-01
  351  0.54240003E-01
  352  0.56603502E-01
  353  0.59069652E-01
  354  0.61642818E-01
  355  0.64328961E-01
  356  0.67132257E-01
  357  0.70057735E-01
  358  0.73108621E-01
  359  0.76290451E-01
  360  0.79606257E-01
 ]; 
