spt = [ 
    1  0.26700817E-08
    2  0.26440659E-08
    3  0.26122100E-08
    4  0.25812452E-08
    5  0.25535165E-08
    6  0.25249132E-08
    7  0.24956921E-08
    8  0.24685622E-08
    9  0.24415014E-08
   10  0.24140425E-08
   11  0.23859237E-08
   12  0.23576929E-08
   13  0.23324624E-08
   14  0.23086213E-08
   15  0.22805100E-08
   16  0.22538285E-08
   17  0.22257485E-08
   18  0.22027065E-08
   19  0.21756830E-08
   20  0.21467430E-08
   21  0.21211908E-08
   22  0.20970854E-08
   23  0.20693500E-08
   24  0.20406103E-08
   25  0.20116320E-08
   26  0.19836763E-08
   27  0.19583755E-08
   28  0.19303203E-08
   29  0.18992954E-08
   30  0.18724746E-08
   31  0.18412483E-08
   32  0.18138654E-08
   33  0.17828274E-08
   34  0.17498907E-08
   35  0.17196069E-08
   36  0.16902235E-08
   37  0.16568450E-08
   38  0.16265553E-08
   39  0.15957566E-08
   40  0.15611129E-08
   41  0.15296563E-08
   42  0.14948104E-08
   43  0.14593239E-08
   44  0.14304573E-08
   45  0.13976454E-08
   46  0.13634910E-08
   47  0.13338133E-08
   48  0.12981941E-08
   49  0.12642677E-08
   50  0.12307735E-08
   51  0.12004163E-08
   52  0.11689925E-08
   53  0.11385128E-08
   54  0.11061474E-08
   55  0.10746994E-08
   56  0.10435064E-08
   57  0.10160895E-08
   58  0.98768460E-09
   59  0.95704944E-09
   60  0.92831265E-09
   61  0.90157243E-09
   62  0.87799512E-09
   63  0.85207741E-09
   64  0.82988516E-09
   65  0.80710755E-09
   66  0.78260670E-09
   67  0.76261636E-09
   68  0.74153345E-09
   69  0.72522732E-09
   70  0.70485690E-09
   71  0.68704620E-09
   72  0.67070000E-09
   73  0.65634509E-09
   74  0.64154176E-09
   75  0.62797784E-09
   76  0.61514582E-09
   77  0.60617250E-09
   78  0.59649213E-09
   79  0.58334626E-09
   80  0.57899585E-09
   81  0.56927341E-09
   82  0.56362004E-09
   83  0.55402538E-09
   84  0.55354554E-09
   85  0.54820110E-09
   86  0.54601917E-09
   87  0.54404992E-09
   88  0.54427729E-09
   89  0.54379035E-09
   90  0.54662563E-09
   91  0.54874250E-09
   92  0.55032401E-09
   93  0.55547966E-09
   94  0.55974564E-09
   95  0.56548938E-09
   96  0.57123262E-09
   97  0.58006622E-09
   98  0.59026573E-09
   99  0.59995670E-09
  100  0.60976485E-09
  101  0.62552147E-09
  102  0.63641814E-09
  103  0.64950662E-09
  104  0.66381406E-09
  105  0.67928396E-09
  106  0.69839423E-09
  107  0.71694334E-09
  108  0.73576678E-09
  109  0.75636247E-09
  110  0.78022211E-09
  111  0.80162993E-09
  112  0.82721280E-09
  113  0.85256036E-09
  114  0.88069280E-09
  115  0.90423574E-09
  116  0.93299035E-09
  117  0.96659913E-09
  118  0.99317998E-09
  119  0.10259068E-08
  120  0.10586000E-08
  121  0.10936542E-08
  122  0.11293508E-08
  123  0.11633938E-08
  124  0.11995477E-08
  125  0.12390089E-08
  126  0.12742916E-08
  127  0.13146613E-08
  128  0.13547141E-08
  129  0.13956816E-08
  130  0.14370983E-08
  131  0.14758232E-08
  132  0.15194586E-08
  133  0.15601971E-08
  134  0.16032830E-08
  135  0.16445976E-08
  136  0.16865258E-08
  137  0.17281407E-08
  138  0.17712137E-08
  139  0.18134559E-08
  140  0.18570409E-08
  141  0.18991722E-08
  142  0.19436648E-08
  143  0.19853186E-08
  144  0.20276536E-08
  145  0.20656248E-08
  146  0.21053923E-08
  147  0.21463022E-08
  148  0.21868760E-08
  149  0.22260191E-08
  150  0.22659064E-08
  151  0.23014979E-08
  152  0.23411453E-08
  153  0.23782720E-08
  154  0.24175582E-08
  155  0.24519071E-08
  156  0.24856526E-08
  157  0.25200424E-08
  158  0.25543530E-08
  159  0.25883702E-08
  160  0.26200511E-08
  161  0.26553311E-08
  162  0.26873042E-08
  163  0.27172142E-08
  164  0.27517340E-08
  165  0.27816744E-08
  166  0.28119964E-08
  167  0.28428344E-08
  168  0.28732379E-08
  169  0.29009573E-08
  170  0.29310634E-08
  171  0.29625720E-08
  172  0.29887239E-08
  173  0.30174447E-08
  174  0.30484912E-08
  175  0.30757674E-08
  176  0.31048799E-08
  177  0.31323251E-08
  178  0.31635174E-08
  179  0.31913270E-08
  180  0.32192919E-08
  181  0.32500154E-08
  182  0.32792065E-08
  183  0.33094667E-08
  184  0.33387724E-08
  185  0.33680203E-08
  186  0.33986722E-08
  187  0.34295762E-08
  188  0.34597873E-08
  189  0.34870382E-08
  190  0.35185856E-08
  191  0.35483576E-08
  192  0.35786987E-08
  193  0.36086862E-08
  194  0.36419940E-08
  195  0.36689376E-08
  196  0.36996255E-08
  197  0.37282057E-08
  198  0.37555328E-08
  199  0.37854284E-08
  200  0.38151908E-08
  201  0.38431960E-08
  202  0.38710843E-08
  203  0.39001509E-08
  204  0.39243142E-08
  205  0.39494834E-08
  206  0.39737538E-08
  207  0.39944017E-08
  208  0.40162775E-08
  209  0.40393009E-08
  210  0.40585508E-08
  211  0.40750203E-08
  212  0.40961048E-08
  213  0.41125521E-08
  214  0.41224850E-08
  215  0.41357469E-08
  216  0.41467043E-08
  217  0.41568082E-08
  218  0.41632822E-08
  219  0.41731374E-08
  220  0.41792871E-08
  221  0.41802286E-08
  222  0.41799999E-08
  223  0.41807189E-08
  224  0.41754271E-08
  225  0.41713726E-08
  226  0.41645194E-08
  227  0.41596175E-08
  228  0.41485659E-08
  229  0.41350035E-08
  230  0.41194319E-08
  231  0.41083665E-08
  232  0.40944568E-08
  233  0.40770471E-08
  234  0.40620884E-08
  235  0.40377621E-08
  236  0.40185144E-08
  237  0.39958707E-08
  238  0.39708330E-08
  239  0.39435379E-08
  240  0.39173562E-08
  241  0.38987737E-08
  242  0.38740202E-08
  243  0.38423713E-08
  244  0.38219299E-08
  245  0.37928150E-08
  246  0.37702237E-08
  247  0.37385446E-08
  248  0.37158137E-08
  249  0.36862415E-08
  250  0.36611012E-08
  251  0.36301329E-08
  252  0.36085224E-08
  253  0.35824077E-08
  254  0.35653540E-08
  255  0.35357355E-08
  256  0.35123282E-08
  257  0.34954533E-08
  258  0.34756154E-08
  259  0.34516350E-08
  260  0.34378860E-08
  261  0.34217180E-08
  262  0.34058063E-08
  263  0.33891239E-08
  264  0.33795715E-08
  265  0.33685261E-08
  266  0.33540399E-08
  267  0.33442611E-08
  268  0.33432694E-08
  269  0.33364891E-08
  270  0.33381822E-08
  271  0.33316834E-08
  272  0.33281682E-08
  273  0.33276180E-08
  274  0.33348100E-08
  275  0.33347975E-08
  276  0.33416441E-08
  277  0.33526388E-08
  278  0.33510934E-08
  279  0.33635776E-08
  280  0.33690322E-08
  281  0.33803285E-08
  282  0.33958867E-08
  283  0.34051775E-08
  284  0.34281971E-08
  285  0.34435585E-08
  286  0.34526113E-08
  287  0.34824585E-08
  288  0.34885124E-08
  289  0.35129215E-08
  290  0.35247787E-08
  291  0.35533216E-08
  292  0.35665788E-08
  293  0.35894392E-08
  294  0.36117551E-08
  295  0.36310686E-08
  296  0.36551011E-08
  297  0.36772105E-08
  298  0.36947494E-08
  299  0.37100893E-08
  300  0.37320951E-08
  301  0.37520032E-08
  302  0.37688799E-08
  303  0.37847969E-08
  304  0.37979149E-08
  305  0.38198782E-08
  306  0.38321173E-08
  307  0.38423758E-08
  308  0.38578523E-08
  309  0.38681920E-08
  310  0.38783812E-08
  311  0.38883932E-08
  312  0.38863877E-08
  313  0.38915347E-08
  314  0.38949373E-08
  315  0.38911332E-08
  316  0.38945465E-08
  317  0.38908472E-08
  318  0.38829424E-08
  319  0.38778900E-08
  320  0.38728483E-08
  321  0.38581724E-08
  322  0.38462709E-08
  323  0.38356354E-08
  324  0.38184589E-08
  325  0.38030175E-08
  326  0.37820929E-08
  327  0.37623433E-08
  328  0.37432328E-08
  329  0.37165564E-08
  330  0.36898071E-08
  331  0.36669043E-08
  332  0.36359429E-08
  333  0.36098573E-08
  334  0.35824119E-08
  335  0.35497945E-08
  336  0.35180172E-08
  337  0.34870860E-08
  338  0.34543350E-08
  339  0.34178085E-08
  340  0.33855461E-08
  341  0.33487839E-08
  342  0.33193475E-08
  343  0.32828467E-08
  344  0.32467686E-08
  345  0.32102419E-08
  346  0.31777343E-08
  347  0.31376741E-08
  348  0.31032701E-08
  349  0.30701777E-08
  350  0.30344371E-08
  351  0.30009080E-08
  352  0.29655494E-08
  353  0.29300742E-08
  354  0.28967408E-08
  355  0.28642479E-08
  356  0.28298055E-08
  357  0.27974389E-08
  358  0.27669449E-08
  359  0.27326059E-08
  360  0.27008986E-08
 ]; 
