stt = [ 
    1  0.24178363E+00
    2  0.24172603E+00
    3  0.24154866E+00
    4  0.24124926E+00
    5  0.24083087E+00
    6  0.24029256E+00
    7  0.23963691E+00
    8  0.23886402E+00
    9  0.23797573E+00
   10  0.23697375E+00
   11  0.23585919E+00
   12  0.23463480E+00
   13  0.23330387E+00
   14  0.23186712E+00
   15  0.23032747E+00
   16  0.22868879E+00
   17  0.22695270E+00
   18  0.22512248E+00
   19  0.22320317E+00
   20  0.22119531E+00
   21  0.21910428E+00
   22  0.21693276E+00
   23  0.21468602E+00
   24  0.21236552E+00
   25  0.20997755E+00
   26  0.20752388E+00
   27  0.20500848E+00
   28  0.20243832E+00
   29  0.19981368E+00
   30  0.19714217E+00
   31  0.19442387E+00
   32  0.19166726E+00
   33  0.18887220E+00
   34  0.18604527E+00
   35  0.18319024E+00
   36  0.18031017E+00
   37  0.17740896E+00
   38  0.17449109E+00
   39  0.17156038E+00
   40  0.16862029E+00
   41  0.16567475E+00
   42  0.16272536E+00
   43  0.15977801E+00
   44  0.15683512E+00
   45  0.15389933E+00
   46  0.15097317E+00
   47  0.14806142E+00
   48  0.14516512E+00
   49  0.14228807E+00
   50  0.13943274E+00
   51  0.13660046E+00
   52  0.13379456E+00
   53  0.13101600E+00
   54  0.12826772E+00
   55  0.12555158E+00
   56  0.12286990E+00
   57  0.12022163E+00
   58  0.11761116E+00
   59  0.11503784E+00
   60  0.11250319E+00
   61  0.11000925E+00
   62  0.10755591E+00
   63  0.10514440E+00
   64  0.10277394E+00
   65  0.10044757E+00
   66  0.98164149E-01
   67  0.95923267E-01
   68  0.93726568E-01
   69  0.91573469E-01
   70  0.89464411E-01
   71  0.87398835E-01
   72  0.85377201E-01
   73  0.83398297E-01
   74  0.81461616E-01
   75  0.79568543E-01
   76  0.77716783E-01
   77  0.75907230E-01
   78  0.74137665E-01
   79  0.72409108E-01
   80  0.70719741E-01
   81  0.69069944E-01
   82  0.67457914E-01
   83  0.65883271E-01
   84  0.64345725E-01
   85  0.62843926E-01
   86  0.61377276E-01
   87  0.59944481E-01
   88  0.58545284E-01
   89  0.57178691E-01
   90  0.55843644E-01
   91  0.54540262E-01
   92  0.53266555E-01
   93  0.52021608E-01
   94  0.50805312E-01
   95  0.49617372E-01
   96  0.48455890E-01
   97  0.47320828E-01
   98  0.46211109E-01
   99  0.45126006E-01
  100  0.44065349E-01
  101  0.43027557E-01
  102  0.42012509E-01
  103  0.41019604E-01
  104  0.40048540E-01
  105  0.39098009E-01
  106  0.38168356E-01
  107  0.37258208E-01
  108  0.36367714E-01
  109  0.35496190E-01
  110  0.34642868E-01
  111  0.33808071E-01
  112  0.32990731E-01
  113  0.32191034E-01
  114  0.31408098E-01
  115  0.30642163E-01
  116  0.29892186E-01
  117  0.29158648E-01
  118  0.28440833E-01
  119  0.27738759E-01
  120  0.27051870E-01
  121  0.26380356E-01
  122  0.25723871E-01
  123  0.25082029E-01
  124  0.24454912E-01
  125  0.23841945E-01
  126  0.23243524E-01
  127  0.22659199E-01
  128  0.22088906E-01
  129  0.21532474E-01
  130  0.20989709E-01
  131  0.20460857E-01
  132  0.19945361E-01
  133  0.19443300E-01
  134  0.18954583E-01
  135  0.18478869E-01
  136  0.18016307E-01
  137  0.17566942E-01
  138  0.17129820E-01
  139  0.16705949E-01
  140  0.16294431E-01
  141  0.15895447E-01
  142  0.15508869E-01
  143  0.15134639E-01
  144  0.14772582E-01
  145  0.14422379E-01
  146  0.14084185E-01
  147  0.13757788E-01
  148  0.13442889E-01
  149  0.13139576E-01
  150  0.12847553E-01
  151  0.12566715E-01
  152  0.12296964E-01
  153  0.12038139E-01
  154  0.11789991E-01
  155  0.11552675E-01
  156  0.11325754E-01
  157  0.11109233E-01
  158  0.10902856E-01
  159  0.10706601E-01
  160  0.10520394E-01
  161  0.10343566E-01
  162  0.10176688E-01
  163  0.10019179E-01
  164  0.98711001E-02
  165  0.97322604E-02
  166  0.96025495E-02
  167  0.94816834E-02
  168  0.93698865E-02
  169  0.92666941E-02
  170  0.91722840E-02
  171  0.90864217E-02
  172  0.90089310E-02
  173  0.89400122E-02
  174  0.88792918E-02
  175  0.88267168E-02
  176  0.87825516E-02
  177  0.87464638E-02
  178  0.87183705E-02
  179  0.86985454E-02
  180  0.86868312E-02
  181  0.86829150E-02
  182  0.86870939E-02
  183  0.86993640E-02
  184  0.87197004E-02
  185  0.87480005E-02
  186  0.87845707E-02
  187  0.88291122E-02
  188  0.88821687E-02
  189  0.89431368E-02
  190  0.90125231E-02
  191  0.90904282E-02
  192  0.91766613E-02
  193  0.92715574E-02
  194  0.93751298E-02
  195  0.94874362E-02
  196  0.96086413E-02
  197  0.97388308E-02
  198  0.98781828E-02
  199  0.10026714E-01
  200  0.10184731E-01
  201  0.10352130E-01
  202  0.10529211E-01
  203  0.10716053E-01
  204  0.10912905E-01
  205  0.11119716E-01
  206  0.11336744E-01
  207  0.11564313E-01
  208  0.11802164E-01
  209  0.12050678E-01
  210  0.12310147E-01
  211  0.12580386E-01
  212  0.12861983E-01
  213  0.13154616E-01
  214  0.13458377E-01
  215  0.13774035E-01
  216  0.14101287E-01
  217  0.14440158E-01
  218  0.14790860E-01
  219  0.15153873E-01
  220  0.15528714E-01
  221  0.15916111E-01
  222  0.16315730E-01
  223  0.16727867E-01
  224  0.17152769E-01
  225  0.17590329E-01
  226  0.18040726E-01
  227  0.18504154E-01
  228  0.18980574E-01
  229  0.19470252E-01
  230  0.19973112E-01
  231  0.20489348E-01
  232  0.21019455E-01
  233  0.21562725E-01
  234  0.22120057E-01
  235  0.22691203E-01
  236  0.23276513E-01
  237  0.23875514E-01
  238  0.24489298E-01
  239  0.25117366E-01
  240  0.25760062E-01
  241  0.26417470E-01
  242  0.27089585E-01
  243  0.27777163E-01
  244  0.28480114E-01
  245  0.29198611E-01
  246  0.29932810E-01
  247  0.30683208E-01
  248  0.31449698E-01
  249  0.32233074E-01
  250  0.33033349E-01
  251  0.33850987E-01
  252  0.34686394E-01
  253  0.35539825E-01
  254  0.36411807E-01
  255  0.37302449E-01
  256  0.38212363E-01
  257  0.39142471E-01
  258  0.40092584E-01
  259  0.41063584E-01
  260  0.42056274E-01
  261  0.43070905E-01
  262  0.44107907E-01
  263  0.45168448E-01
  264  0.46253040E-01
  265  0.47362160E-01
  266  0.48496347E-01
  267  0.49656890E-01
  268  0.50844438E-01
  269  0.52058928E-01
  270  0.53302266E-01
  271  0.54574560E-01
  272  0.55876881E-01
  273  0.57210207E-01
  274  0.58574770E-01
  275  0.59972048E-01
  276  0.61402693E-01
  277  0.62867567E-01
  278  0.64367026E-01
  279  0.65902092E-01
  280  0.67474760E-01
  281  0.69083795E-01
  282  0.70731357E-01
  283  0.72417416E-01
  284  0.74143469E-01
  285  0.75909592E-01
  286  0.77716067E-01
  287  0.79564527E-01
  288  0.81454881E-01
  289  0.83387442E-01
  290  0.85362628E-01
  291  0.87381035E-01
  292  0.89442894E-01
  293  0.91548152E-01
  294  0.93697377E-01
  295  0.95890574E-01
  296  0.98126546E-01
  297  0.10040671E+00
  298  0.10272958E+00
  299  0.10509477E+00
  300  0.10750296E+00
  301  0.10995214E+00
  302  0.11244227E+00
  303  0.11497234E+00
  304  0.11754149E+00
  305  0.12014874E+00
  306  0.12279223E+00
  307  0.12547082E+00
  308  0.12818325E+00
  309  0.13092773E+00
  310  0.13370219E+00
  311  0.13650480E+00
  312  0.13933316E+00
  313  0.14218597E+00
  314  0.14505963E+00
  315  0.14795271E+00
  316  0.15086257E+00
  317  0.15378509E+00
  318  0.15671831E+00
  319  0.15965943E+00
  320  0.16260524E+00
  321  0.16555151E+00
  322  0.16849579E+00
  323  0.17143504E+00
  324  0.17436436E+00
  325  0.17728136E+00
  326  0.18018143E+00
  327  0.18306059E+00
  328  0.18591714E+00
  329  0.18874389E+00
  330  0.19153795E+00
  331  0.19429623E+00
  332  0.19701542E+00
  333  0.19968954E+00
  334  0.20231393E+00
  335  0.20488775E+00
  336  0.20740308E+00
  337  0.20985956E+00
  338  0.21225064E+00
  339  0.21457335E+00
  340  0.21682456E+00
  341  0.21899889E+00
  342  0.22109310E+00
  343  0.22310399E+00
  344  0.22502831E+00
  345  0.22686255E+00
  346  0.22860239E+00
  347  0.23024693E+00
  348  0.23179072E+00
  349  0.23323303E+00
  350  0.23457009E+00
  351  0.23579915E+00
  352  0.23691927E+00
  353  0.23792726E+00
  354  0.23882070E+00
  355  0.23959996E+00
  356  0.24026161E+00
  357  0.24080633E+00
  358  0.24123144E+00
  359  0.24153493E+00
  360  0.24171920E+00
 ]; 
