spt = [ 
    1  0.22793790E-09
    2  0.22449956E-09
    3  0.22113256E-09
    4  0.21729352E-09
    5  0.21517112E-09
    6  0.21185932E-09
    7  0.20924505E-09
    8  0.20547004E-09
    9  0.20314393E-09
   10  0.20078995E-09
   11  0.19803810E-09
   12  0.19538160E-09
   13  0.19292488E-09
   14  0.19062829E-09
   15  0.18834793E-09
   16  0.18699778E-09
   17  0.18426204E-09
   18  0.18143737E-09
   19  0.18072049E-09
   20  0.17794075E-09
   21  0.17683499E-09
   22  0.17487006E-09
   23  0.17293651E-09
   24  0.17180979E-09
   25  0.17013606E-09
   26  0.16834704E-09
   27  0.16662434E-09
   28  0.16613527E-09
   29  0.16398044E-09
   30  0.16134759E-09
   31  0.16131672E-09
   32  0.15838202E-09
   33  0.15856105E-09
   34  0.15625784E-09
   35  0.15546459E-09
   36  0.15337767E-09
   37  0.15344874E-09
   38  0.15251451E-09
   39  0.15146398E-09
   40  0.14846523E-09
   41  0.14980650E-09
   42  0.14698093E-09
   43  0.14842585E-09
   44  0.14551427E-09
   45  0.14435317E-09
   46  0.14233585E-09
   47  0.14330036E-09
   48  0.14231066E-09
   49  0.14061599E-09
   50  0.13978507E-09
   51  0.14025019E-09
   52  0.13906984E-09
   53  0.13742987E-09
   54  0.13813707E-09
   55  0.13748253E-09
   56  0.13673120E-09
   57  0.13456021E-09
   58  0.13633898E-09
   59  0.13604680E-09
   60  0.13507614E-09
   61  0.13489476E-09
   62  0.13538912E-09
   63  0.13574479E-09
   64  0.13414134E-09
   65  0.13480221E-09
   66  0.13418229E-09
   67  0.13443784E-09
   68  0.13464709E-09
   69  0.13479445E-09
   70  0.13506657E-09
   71  0.13708144E-09
   72  0.13456984E-09
   73  0.13622267E-09
   74  0.13806806E-09
   75  0.13758336E-09
   76  0.13795319E-09
   77  0.13833461E-09
   78  0.13742445E-09
   79  0.14080118E-09
   80  0.14066243E-09
   81  0.14071057E-09
   82  0.14266228E-09
   83  0.14396802E-09
   84  0.14560543E-09
   85  0.14668140E-09
   86  0.14782503E-09
   87  0.14878308E-09
   88  0.14952793E-09
   89  0.15137913E-09
   90  0.15124565E-09
   91  0.15328587E-09
   92  0.15558986E-09
   93  0.15747444E-09
   94  0.15836661E-09
   95  0.15937786E-09
   96  0.16225569E-09
   97  0.16459840E-09
   98  0.16428493E-09
   99  0.16878489E-09
  100  0.16954872E-09
  101  0.17087839E-09
  102  0.17530674E-09
  103  0.17741666E-09
  104  0.17907766E-09
  105  0.18086313E-09
  106  0.18525695E-09
  107  0.18765656E-09
  108  0.19097691E-09
  109  0.19434593E-09
  110  0.19758971E-09
  111  0.19962679E-09
  112  0.20376392E-09
  113  0.20482907E-09
  114  0.21110996E-09
  115  0.21519876E-09
  116  0.21967136E-09
  117  0.22428494E-09
  118  0.22895962E-09
  119  0.23211377E-09
  120  0.23676278E-09
  121  0.24178154E-09
  122  0.24564567E-09
  123  0.25089705E-09
  124  0.25693070E-09
  125  0.26321006E-09
  126  0.26412780E-09
  127  0.27178226E-09
  128  0.27721031E-09
  129  0.28091413E-09
  130  0.28714303E-09
  131  0.29386332E-09
  132  0.29887512E-09
  133  0.30438682E-09
  134  0.31191114E-09
  135  0.31656602E-09
  136  0.32253653E-09
  137  0.32896677E-09
  138  0.33467135E-09
  139  0.34168460E-09
  140  0.34574263E-09
  141  0.35358394E-09
  142  0.35839814E-09
  143  0.36436351E-09
  144  0.37115100E-09
  145  0.37775649E-09
  146  0.38232739E-09
  147  0.38863501E-09
  148  0.39203044E-09
  149  0.39824341E-09
  150  0.40440454E-09
  151  0.40980333E-09
  152  0.41280282E-09
  153  0.42027062E-09
  154  0.42344520E-09
  155  0.42903933E-09
  156  0.43403281E-09
  157  0.43878759E-09
  158  0.44297396E-09
  159  0.44757315E-09
  160  0.45140824E-09
  161  0.45689608E-09
  162  0.46072715E-09
  163  0.46490933E-09
  164  0.46771154E-09
  165  0.47106158E-09
  166  0.47523996E-09
  167  0.47931209E-09
  168  0.48260390E-09
  169  0.48447846E-09
  170  0.48914828E-09
  171  0.49181403E-09
  172  0.49503518E-09
  173  0.49817606E-09
  174  0.50146032E-09
  175  0.50364479E-09
  176  0.50691240E-09
  177  0.50950477E-09
  178  0.51250909E-09
  179  0.51529919E-09
  180  0.51767757E-09
  181  0.52047178E-09
  182  0.52302707E-09
  183  0.52595750E-09
  184  0.52882876E-09
  185  0.53159882E-09
  186  0.53360327E-09
  187  0.53677685E-09
  188  0.53857052E-09
  189  0.54175336E-09
  190  0.54364341E-09
  191  0.54700600E-09
  192  0.54908739E-09
  193  0.55207883E-09
  194  0.55406807E-09
  195  0.55644189E-09
  196  0.55955074E-09
  197  0.56283544E-09
  198  0.56557692E-09
  199  0.56726451E-09
  200  0.56956517E-09
  201  0.57236299E-09
  202  0.57535332E-09
  203  0.57712768E-09
  204  0.57919813E-09
  205  0.58130606E-09
  206  0.58329463E-09
  207  0.58537164E-09
  208  0.58562982E-09
  209  0.58929289E-09
  210  0.58907351E-09
  211  0.59194399E-09
  212  0.59259647E-09
  213  0.59494726E-09
  214  0.59425737E-09
  215  0.59568134E-09
  216  0.59527117E-09
  217  0.59525135E-09
  218  0.59465083E-09
  219  0.59550181E-09
  220  0.59489713E-09
  221  0.59426625E-09
  222  0.59501981E-09
  223  0.59172839E-09
  224  0.59202648E-09
  225  0.58978727E-09
  226  0.58719840E-09
  227  0.58444366E-09
  228  0.58653138E-09
  229  0.58215366E-09
  230  0.57981903E-09
  231  0.57805472E-09
  232  0.57344385E-09
  233  0.57094263E-09
  234  0.56785526E-09
  235  0.56328903E-09
  236  0.56046645E-09
  237  0.55693106E-09
  238  0.55228988E-09
  239  0.54826160E-09
  240  0.54462829E-09
  241  0.53953492E-09
  242  0.53721849E-09
  243  0.53129501E-09
  244  0.52816368E-09
  245  0.52418575E-09
  246  0.51971771E-09
  247  0.51526933E-09
  248  0.51003679E-09
  249  0.50605237E-09
  250  0.50133797E-09
  251  0.49760274E-09
  252  0.49418680E-09
  253  0.49146431E-09
  254  0.48512749E-09
  255  0.48311832E-09
  256  0.48032217E-09
  257  0.47488347E-09
  258  0.47237525E-09
  259  0.47019710E-09
  260  0.46628140E-09
  261  0.46219512E-09
  262  0.45887055E-09
  263  0.45637424E-09
  264  0.45580972E-09
  265  0.45231910E-09
  266  0.45000045E-09
  267  0.44724308E-09
  268  0.44284412E-09
  269  0.44563281E-09
  270  0.44181481E-09
  271  0.43972079E-09
  272  0.43939322E-09
  273  0.44061768E-09
  274  0.43802073E-09
  275  0.43692946E-09
  276  0.43599718E-09
  277  0.43526768E-09
  278  0.43402085E-09
  279  0.43328335E-09
  280  0.43269835E-09
  281  0.43267886E-09
  282  0.43264570E-09
  283  0.43530032E-09
  284  0.43398085E-09
  285  0.43388071E-09
  286  0.43279369E-09
  287  0.43483378E-09
  288  0.43393428E-09
  289  0.43536752E-09
  290  0.43651116E-09
  291  0.43616075E-09
  292  0.43682741E-09
  293  0.43706627E-09
  294  0.43617573E-09
  295  0.43804621E-09
  296  0.43653967E-09
  297  0.43758552E-09
  298  0.43778678E-09
  299  0.44071341E-09
  300  0.43802484E-09
  301  0.43761728E-09
  302  0.43694609E-09
  303  0.43816165E-09
  304  0.43511467E-09
  305  0.43415649E-09
  306  0.43190823E-09
  307  0.43365847E-09
  308  0.43237988E-09
  309  0.43282627E-09
  310  0.43049445E-09
  311  0.42885681E-09
  312  0.42803389E-09
  313  0.42396120E-09
  314  0.42164072E-09
  315  0.42088602E-09
  316  0.41719950E-09
  317  0.41524117E-09
  318  0.41004697E-09
  319  0.40743522E-09
  320  0.40488207E-09
  321  0.39961884E-09
  322  0.39718545E-09
  323  0.39380915E-09
  324  0.39195464E-09
  325  0.38635703E-09
  326  0.38364500E-09
  327  0.37926848E-09
  328  0.37548406E-09
  329  0.37096856E-09
  330  0.36564371E-09
  331  0.36059977E-09
  332  0.35601910E-09
  333  0.35132178E-09
  334  0.34754338E-09
  335  0.34133121E-09
  336  0.33691311E-09
  337  0.33223235E-09
  338  0.32594819E-09
  339  0.32166408E-09
  340  0.31722361E-09
  341  0.31220385E-09
  342  0.30902669E-09
  343  0.30211911E-09
  344  0.29835895E-09
  345  0.29393818E-09
  346  0.28945332E-09
  347  0.28393823E-09
  348  0.27962269E-09
  349  0.27507546E-09
  350  0.27053162E-09
  351  0.26552269E-09
  352  0.26186969E-09
  353  0.25812000E-09
  354  0.25368016E-09
  355  0.24934549E-09
  356  0.24568172E-09
  357  0.24202018E-09
  358  0.23922350E-09
  359  0.23505820E-09
  360  0.23130431E-09
 ]; 
