spt = [ 
    1  0.52504551E-09
    2  0.52386501E-09
    3  0.52367216E-09
    4  0.52474303E-09
    5  0.52384935E-09
    6  0.52610755E-09
    7  0.52642091E-09
    8  0.52715521E-09
    9  0.52798960E-09
   10  0.52975541E-09
   11  0.53239835E-09
   12  0.53400634E-09
   13  0.53599158E-09
   14  0.53947014E-09
   15  0.54088034E-09
   16  0.54267851E-09
   17  0.54570570E-09
   18  0.54877103E-09
   19  0.55137123E-09
   20  0.55431887E-09
   21  0.55722588E-09
   22  0.56051541E-09
   23  0.56369731E-09
   24  0.56676513E-09
   25  0.56994054E-09
   26  0.57217320E-09
   27  0.57674054E-09
   28  0.57810878E-09
   29  0.58014821E-09
   30  0.58547428E-09
   31  0.58686583E-09
   32  0.59013450E-09
   33  0.58998134E-09
   34  0.59327082E-09
   35  0.59592847E-09
   36  0.59674826E-09
   37  0.59820054E-09
   38  0.59997640E-09
   39  0.60209188E-09
   40  0.60082816E-09
   41  0.60175726E-09
   42  0.60315380E-09
   43  0.60312921E-09
   44  0.60386374E-09
   45  0.60462080E-09
   46  0.60317479E-09
   47  0.59913041E-09
   48  0.60084215E-09
   49  0.59903227E-09
   50  0.59709704E-09
   51  0.59727506E-09
   52  0.59243543E-09
   53  0.59182703E-09
   54  0.58923938E-09
   55  0.59105359E-09
   56  0.58578348E-09
   57  0.58452670E-09
   58  0.58050775E-09
   59  0.57759036E-09
   60  0.57251781E-09
   61  0.57279564E-09
   62  0.57060601E-09
   63  0.56512378E-09
   64  0.56063704E-09
   65  0.55830390E-09
   66  0.55399252E-09
   67  0.55289567E-09
   68  0.54777916E-09
   69  0.54586891E-09
   70  0.54061305E-09
   71  0.53989935E-09
   72  0.53500998E-09
   73  0.53283178E-09
   74  0.53087268E-09
   75  0.53150040E-09
   76  0.52692006E-09
   77  0.52720794E-09
   78  0.52415761E-09
   79  0.51986176E-09
   80  0.52092441E-09
   81  0.52005361E-09
   82  0.51931309E-09
   83  0.52154742E-09
   84  0.52003463E-09
   85  0.52051902E-09
   86  0.52026161E-09
   87  0.52143867E-09
   88  0.52558830E-09
   89  0.52566773E-09
   90  0.52846599E-09
   91  0.52743254E-09
   92  0.53039884E-09
   93  0.53331650E-09
   94  0.53566385E-09
   95  0.54218058E-09
   96  0.54715354E-09
   97  0.55045568E-09
   98  0.55729810E-09
   99  0.56210847E-09
  100  0.56749061E-09
  101  0.57642313E-09
  102  0.58264638E-09
  103  0.58910199E-09
  104  0.59751393E-09
  105  0.60847799E-09
  106  0.61719613E-09
  107  0.62629851E-09
  108  0.63561256E-09
  109  0.64603223E-09
  110  0.65777805E-09
  111  0.66888678E-09
  112  0.67929379E-09
  113  0.69290690E-09
  114  0.70515371E-09
  115  0.71939577E-09
  116  0.73248452E-09
  117  0.74495560E-09
  118  0.76096923E-09
  119  0.77194562E-09
  120  0.78720025E-09
  121  0.80315665E-09
  122  0.81883439E-09
  123  0.83292484E-09
  124  0.85104690E-09
  125  0.86474455E-09
  126  0.88070046E-09
  127  0.89669172E-09
  128  0.91301616E-09
  129  0.92920721E-09
  130  0.94344599E-09
  131  0.95920061E-09
  132  0.97489172E-09
  133  0.99116815E-09
  134  0.10052460E-08
  135  0.10197596E-08
  136  0.10358052E-08
  137  0.10509800E-08
  138  0.10667749E-08
  139  0.10812079E-08
  140  0.10912419E-08
  141  0.11070075E-08
  142  0.11191473E-08
  143  0.11314690E-08
  144  0.11445701E-08
  145  0.11544049E-08
  146  0.11674066E-08
  147  0.11776066E-08
  148  0.11891975E-08
  149  0.11989734E-08
  150  0.12073170E-08
  151  0.12172089E-08
  152  0.12254653E-08
  153  0.12352098E-08
  154  0.12401735E-08
  155  0.12459426E-08
  156  0.12530587E-08
  157  0.12596725E-08
  158  0.12649605E-08
  159  0.12696832E-08
  160  0.12768702E-08
  161  0.12801799E-08
  162  0.12844185E-08
  163  0.12856378E-08
  164  0.12890636E-08
  165  0.12929995E-08
  166  0.12937704E-08
  167  0.12964723E-08
  168  0.12979217E-08
  169  0.13019759E-08
  170  0.13016450E-08
  171  0.13036975E-08
  172  0.13038211E-08
  173  0.13038763E-08
  174  0.13055803E-08
  175  0.13062176E-08
  176  0.13049979E-08
  177  0.13058813E-08
  178  0.13042486E-08
  179  0.13040625E-08
  180  0.13045386E-08
  181  0.13044830E-08
  182  0.13032958E-08
  183  0.13016656E-08
  184  0.13010631E-08
  185  0.12999474E-08
  186  0.12996541E-08
  187  0.12976793E-08
  188  0.12979341E-08
  189  0.12949742E-08
  190  0.12930453E-08
  191  0.12919791E-08
  192  0.12902632E-08
  193  0.12881699E-08
  194  0.12862129E-08
  195  0.12839868E-08
  196  0.12816205E-08
  197  0.12782042E-08
  198  0.12762305E-08
  199  0.12731619E-08
  200  0.12677166E-08
  201  0.12675282E-08
  202  0.12629677E-08
  203  0.12594639E-08
  204  0.12546726E-08
  205  0.12515224E-08
  206  0.12466747E-08
  207  0.12424479E-08
  208  0.12365350E-08
  209  0.12332111E-08
  210  0.12251088E-08
  211  0.12205092E-08
  212  0.12142847E-08
  213  0.12104111E-08
  214  0.12006208E-08
  215  0.11964320E-08
  216  0.11892255E-08
  217  0.11826174E-08
  218  0.11752553E-08
  219  0.11626501E-08
  220  0.11576294E-08
  221  0.11495569E-08
  222  0.11405200E-08
  223  0.11299160E-08
  224  0.11212470E-08
  225  0.11118223E-08
  226  0.11027935E-08
  227  0.10924928E-08
  228  0.10810811E-08
  229  0.10721767E-08
  230  0.10624061E-08
  231  0.10509401E-08
  232  0.10422868E-08
  233  0.10293832E-08
  234  0.10183985E-08
  235  0.10068325E-08
  236  0.99801944E-09
  237  0.98890607E-09
  238  0.97653607E-09
  239  0.96630137E-09
  240  0.95442021E-09
  241  0.94521879E-09
  242  0.93160046E-09
  243  0.92049252E-09
  244  0.90829416E-09
  245  0.89915742E-09
  246  0.89057428E-09
  247  0.88042162E-09
  248  0.86898772E-09
  249  0.85963575E-09
  250  0.85086149E-09
  251  0.84581830E-09
  252  0.83544066E-09
  253  0.82746338E-09
  254  0.81932311E-09
  255  0.80929885E-09
  256  0.80271756E-09
  257  0.79513074E-09
  258  0.78563278E-09
  259  0.78093132E-09
  260  0.77487605E-09
  261  0.76754253E-09
  262  0.75966350E-09
  263  0.75631940E-09
  264  0.75122375E-09
  265  0.74769368E-09
  266  0.74244150E-09
  267  0.73854062E-09
  268  0.73498529E-09
  269  0.73495504E-09
  270  0.72908263E-09
  271  0.72844714E-09
  272  0.72415501E-09
  273  0.72729262E-09
  274  0.72518913E-09
  275  0.72119782E-09
  276  0.72020867E-09
  277  0.71963835E-09
  278  0.72180190E-09
  279  0.71825035E-09
  280  0.72276363E-09
  281  0.71948036E-09
  282  0.72532241E-09
  283  0.71994544E-09
  284  0.72525069E-09
  285  0.72506590E-09
  286  0.72436879E-09
  287  0.72644940E-09
  288  0.72651252E-09
  289  0.72961692E-09
  290  0.73084977E-09
  291  0.73021178E-09
  292  0.73373985E-09
  293  0.73382350E-09
  294  0.73761725E-09
  295  0.73577044E-09
  296  0.73858591E-09
  297  0.74137335E-09
  298  0.73802325E-09
  299  0.74077960E-09
  300  0.74198692E-09
  301  0.74140061E-09
  302  0.74242401E-09
  303  0.74320783E-09
  304  0.74349182E-09
  305  0.74255546E-09
  306  0.73987860E-09
  307  0.74243656E-09
  308  0.74157158E-09
  309  0.73707063E-09
  310  0.73588713E-09
  311  0.73669915E-09
  312  0.73017314E-09
  313  0.73074147E-09
  314  0.72575224E-09
  315  0.72438039E-09
  316  0.72037343E-09
  317  0.71612044E-09
  318  0.71395267E-09
  319  0.70933298E-09
  320  0.70477291E-09
  321  0.69885392E-09
  322  0.69659045E-09
  323  0.68879297E-09
  324  0.68682110E-09
  325  0.68105127E-09
  326  0.67378697E-09
  327  0.66809103E-09
  328  0.66215394E-09
  329  0.65672995E-09
  330  0.65048211E-09
  331  0.64473427E-09
  332  0.63940353E-09
  333  0.63299982E-09
  334  0.62708955E-09
  335  0.62042821E-09
  336  0.61460720E-09
  337  0.60907740E-09
  338  0.60411887E-09
  339  0.59860689E-09
  340  0.59082861E-09
  341  0.58616795E-09
  342  0.58118327E-09
  343  0.57866406E-09
  344  0.57056154E-09
  345  0.56660382E-09
  346  0.56345950E-09
  347  0.55736332E-09
  348  0.55417287E-09
  349  0.54982796E-09
  350  0.54699806E-09
  351  0.54374250E-09
  352  0.53963528E-09
  353  0.53753380E-09
  354  0.53459770E-09
  355  0.53286625E-09
  356  0.53068072E-09
  357  0.52983251E-09
  358  0.52828242E-09
  359  0.52607374E-09
  360  0.52539584E-09
 ]; 
