spt = [ 
    1  0.27707305E-08
    2  0.27246250E-08
    3  0.26812617E-08
    4  0.26370015E-08
    5  0.25945848E-08
    6  0.25511806E-08
    7  0.25123856E-08
    8  0.24686866E-08
    9  0.24266724E-08
   10  0.23903866E-08
   11  0.23501401E-08
   12  0.23097324E-08
   13  0.22718962E-08
   14  0.22342672E-08
   15  0.21964390E-08
   16  0.21575264E-08
   17  0.21217113E-08
   18  0.20833317E-08
   19  0.20457409E-08
   20  0.20130011E-08
   21  0.19774016E-08
   22  0.19411912E-08
   23  0.19069128E-08
   24  0.18722441E-08
   25  0.18372135E-08
   26  0.18038716E-08
   27  0.17667608E-08
   28  0.17330064E-08
   29  0.16999672E-08
   30  0.16655261E-08
   31  0.16315208E-08
   32  0.15995181E-08
   33  0.15666825E-08
   34  0.15311278E-08
   35  0.15007381E-08
   36  0.14650177E-08
   37  0.14290057E-08
   38  0.14009489E-08
   39  0.13626330E-08
   40  0.13317255E-08
   41  0.13022836E-08
   42  0.12688300E-08
   43  0.12394334E-08
   44  0.12111211E-08
   45  0.11805791E-08
   46  0.11522953E-08
   47  0.11231857E-08
   48  0.10951786E-08
   49  0.10615671E-08
   50  0.10362298E-08
   51  0.10086296E-08
   52  0.98212005E-09
   53  0.96305697E-09
   54  0.93568298E-09
   55  0.90857066E-09
   56  0.88888719E-09
   57  0.86692259E-09
   58  0.84203972E-09
   59  0.82320400E-09
   60  0.80387091E-09
   61  0.78549744E-09
   62  0.76527806E-09
   63  0.74945988E-09
   64  0.73373385E-09
   65  0.71786288E-09
   66  0.70042711E-09
   67  0.68645511E-09
   68  0.67031525E-09
   69  0.66032702E-09
   70  0.65090611E-09
   71  0.63815608E-09
   72  0.62931743E-09
   73  0.62081967E-09
   74  0.61059330E-09
   75  0.60511290E-09
   76  0.59840233E-09
   77  0.59289662E-09
   78  0.58594141E-09
   79  0.58318966E-09
   80  0.57700877E-09
   81  0.57413185E-09
   82  0.57045763E-09
   83  0.56995730E-09
   84  0.56679034E-09
   85  0.56652116E-09
   86  0.56446481E-09
   87  0.56373883E-09
   88  0.56573335E-09
   89  0.56694532E-09
   90  0.56903532E-09
   91  0.57326710E-09
   92  0.57592348E-09
   93  0.58338534E-09
   94  0.58593258E-09
   95  0.59011546E-09
   96  0.59479727E-09
   97  0.60023131E-09
   98  0.61014427E-09
   99  0.61718791E-09
  100  0.62556188E-09
  101  0.63823513E-09
  102  0.65123418E-09
  103  0.66318501E-09
  104  0.67467271E-09
  105  0.69032413E-09
  106  0.70556627E-09
  107  0.71952172E-09
  108  0.73790823E-09
  109  0.75662310E-09
  110  0.77718643E-09
  111  0.79601353E-09
  112  0.81295998E-09
  113  0.83555174E-09
  114  0.85976465E-09
  115  0.88636332E-09
  116  0.90959223E-09
  117  0.93944796E-09
  118  0.96238417E-09
  119  0.99265995E-09
  120  0.10225012E-08
  121  0.10545252E-08
  122  0.10818029E-08
  123  0.11179010E-08
  124  0.11480588E-08
  125  0.11800352E-08
  126  0.12194868E-08
  127  0.12514714E-08
  128  0.12886013E-08
  129  0.13244613E-08
  130  0.13613121E-08
  131  0.13993521E-08
  132  0.14353990E-08
  133  0.14740412E-08
  134  0.15095745E-08
  135  0.15512565E-08
  136  0.15862983E-08
  137  0.16278160E-08
  138  0.16625059E-08
  139  0.17030081E-08
  140  0.17409125E-08
  141  0.17777795E-08
  142  0.18120159E-08
  143  0.18509585E-08
  144  0.18855986E-08
  145  0.19260153E-08
  146  0.19577604E-08
  147  0.19996840E-08
  148  0.20266107E-08
  149  0.20636859E-08
  150  0.20951398E-08
  151  0.21244912E-08
  152  0.21585473E-08
  153  0.21898372E-08
  154  0.22193956E-08
  155  0.22471132E-08
  156  0.22771163E-08
  157  0.23063522E-08
  158  0.23338298E-08
  159  0.23596294E-08
  160  0.23886289E-08
  161  0.24117179E-08
  162  0.24358955E-08
  163  0.24604914E-08
  164  0.24862929E-08
  165  0.25058908E-08
  166  0.25330258E-08
  167  0.25552880E-08
  168  0.25782021E-08
  169  0.26014004E-08
  170  0.26222962E-08
  171  0.26433149E-08
  172  0.26651792E-08
  173  0.26857254E-08
  174  0.27084543E-08
  175  0.27291391E-08
  176  0.27489655E-08
  177  0.27703599E-08
  178  0.27929226E-08
  179  0.28135161E-08
  180  0.28349818E-08
  181  0.28568081E-08
  182  0.28763398E-08
  183  0.29012883E-08
  184  0.29232181E-08
  185  0.29452125E-08
  186  0.29707761E-08
  187  0.29922298E-08
  188  0.30160046E-08
  189  0.30401250E-08
  190  0.30645946E-08
  191  0.30884379E-08
  192  0.31139729E-08
  193  0.31367204E-08
  194  0.31629712E-08
  195  0.31893570E-08
  196  0.32137062E-08
  197  0.32412508E-08
  198  0.32655136E-08
  199  0.32907022E-08
  200  0.33199976E-08
  201  0.33440122E-08
  202  0.33695262E-08
  203  0.33968621E-08
  204  0.34237517E-08
  205  0.34491883E-08
  206  0.34703831E-08
  207  0.34980552E-08
  208  0.35205714E-08
  209  0.35448464E-08
  210  0.35679859E-08
  211  0.35935146E-08
  212  0.36134729E-08
  213  0.36409868E-08
  214  0.36567798E-08
  215  0.36711718E-08
  216  0.36936891E-08
  217  0.37107739E-08
  218  0.37265586E-08
  219  0.37446806E-08
  220  0.37602739E-08
  221  0.37742747E-08
  222  0.37860359E-08
  223  0.37932852E-08
  224  0.38056713E-08
  225  0.38123358E-08
  226  0.38190411E-08
  227  0.38279442E-08
  228  0.38321915E-08
  229  0.38354555E-08
  230  0.38399506E-08
  231  0.38391339E-08
  232  0.38408201E-08
  233  0.38406465E-08
  234  0.38440926E-08
  235  0.38269179E-08
  236  0.38245709E-08
  237  0.38270853E-08
  238  0.38225072E-08
  239  0.38099830E-08
  240  0.38047832E-08
  241  0.38023380E-08
  242  0.37905905E-08
  243  0.37885930E-08
  244  0.37766923E-08
  245  0.37700305E-08
  246  0.37587089E-08
  247  0.37493884E-08
  248  0.37461745E-08
  249  0.37368322E-08
  250  0.37275871E-08
  251  0.37197174E-08
  252  0.37043841E-08
  253  0.36992061E-08
  254  0.36951224E-08
  255  0.36928074E-08
  256  0.36862344E-08
  257  0.36825683E-08
  258  0.36715981E-08
  259  0.36706669E-08
  260  0.36717636E-08
  261  0.36766454E-08
  262  0.36693351E-08
  263  0.36698451E-08
  264  0.36862158E-08
  265  0.36883299E-08
  266  0.36928136E-08
  267  0.36905776E-08
  268  0.37022463E-08
  269  0.37196515E-08
  270  0.37266403E-08
  271  0.37440393E-08
  272  0.37596184E-08
  273  0.37704750E-08
  274  0.37858250E-08
  275  0.37998711E-08
  276  0.38176537E-08
  277  0.38345727E-08
  278  0.38579699E-08
  279  0.38911017E-08
  280  0.39037356E-08
  281  0.39302916E-08
  282  0.39597761E-08
  283  0.39812114E-08
  284  0.40086707E-08
  285  0.40430357E-08
  286  0.40627652E-08
  287  0.40964818E-08
  288  0.41244395E-08
  289  0.41508388E-08
  290  0.41821289E-08
  291  0.42112669E-08
  292  0.42445505E-08
  293  0.42689479E-08
  294  0.42965760E-08
  295  0.43288853E-08
  296  0.43527755E-08
  297  0.43836494E-08
  298  0.44156852E-08
  299  0.44370192E-08
  300  0.44675672E-08
  301  0.44868966E-08
  302  0.45144009E-08
  303  0.45283945E-08
  304  0.45510311E-08
  305  0.45640820E-08
  306  0.45850874E-08
  307  0.45919450E-08
  308  0.46037099E-08
  309  0.46236051E-08
  310  0.46239919E-08
  311  0.46247028E-08
  312  0.46387161E-08
  313  0.46330517E-08
  314  0.46321058E-08
  315  0.46314539E-08
  316  0.46292188E-08
  317  0.46162025E-08
  318  0.45951301E-08
  319  0.45849711E-08
  320  0.45687036E-08
  321  0.45528696E-08
  322  0.45286295E-08
  323  0.45066284E-08
  324  0.44793005E-08
  325  0.44449040E-08
  326  0.44264912E-08
  327  0.43918655E-08
  328  0.43528572E-08
  329  0.43189066E-08
  330  0.42816679E-08
  331  0.42417994E-08
  332  0.41942112E-08
  333  0.41524078E-08
  334  0.41134656E-08
  335  0.40645061E-08
  336  0.40129762E-08
  337  0.39682324E-08
  338  0.39204013E-08
  339  0.38728030E-08
  340  0.38228243E-08
  341  0.37733532E-08
  342  0.37204699E-08
  343  0.36647765E-08
  344  0.36170635E-08
  345  0.35605103E-08
  346  0.35111938E-08
  347  0.34575751E-08
  348  0.34056380E-08
  349  0.33564000E-08
  350  0.33042125E-08
  351  0.32570007E-08
  352  0.32033332E-08
  353  0.31534777E-08
  354  0.31053922E-08
  355  0.30551799E-08
  356  0.30057505E-08
  357  0.29573388E-08
  358  0.29148151E-08
  359  0.28658973E-08
  360  0.28159695E-08
 ]; 
