spt = [ 
    1  0.36384004E-09
    2  0.35996264E-09
    3  0.35586084E-09
    4  0.35102424E-09
    5  0.34848072E-09
    6  0.34409622E-09
    7  0.34055583E-09
    8  0.33697134E-09
    9  0.33346984E-09
   10  0.32967545E-09
   11  0.32606406E-09
   12  0.32328498E-09
   13  0.31892586E-09
   14  0.31521782E-09
   15  0.31248176E-09
   16  0.31031097E-09
   17  0.30655881E-09
   18  0.30297065E-09
   19  0.30051281E-09
   20  0.29871960E-09
   21  0.29576241E-09
   22  0.29173100E-09
   23  0.28993066E-09
   24  0.28677427E-09
   25  0.28171010E-09
   26  0.27905112E-09
   27  0.27651906E-09
   28  0.27425962E-09
   29  0.26912170E-09
   30  0.26877839E-09
   31  0.26331545E-09
   32  0.25972621E-09
   33  0.25715072E-09
   34  0.25439190E-09
   35  0.25180760E-09
   36  0.24735791E-09
   37  0.24379893E-09
   38  0.24056582E-09
   39  0.23532254E-09
   40  0.23241893E-09
   41  0.22801742E-09
   42  0.22406882E-09
   43  0.22043556E-09
   44  0.21579719E-09
   45  0.21239616E-09
   46  0.20840325E-09
   47  0.20339905E-09
   48  0.19942761E-09
   49  0.19599632E-09
   50  0.19121268E-09
   51  0.18812868E-09
   52  0.18220765E-09
   53  0.17901346E-09
   54  0.17413863E-09
   55  0.17058256E-09
   56  0.16517751E-09
   57  0.16128687E-09
   58  0.15716684E-09
   59  0.15384846E-09
   60  0.14931538E-09
   61  0.14550666E-09
   62  0.14133866E-09
   63  0.13588310E-09
   64  0.13409375E-09
   65  0.13045677E-09
   66  0.12793813E-09
   67  0.12320789E-09
   68  0.12015480E-09
   69  0.11668416E-09
   70  0.11366617E-09
   71  0.11158959E-09
   72  0.10929400E-09
   73  0.10546434E-09
   74  0.10354487E-09
   75  0.10101422E-09
   76  0.98870204E-10
   77  0.97039932E-10
   78  0.93423567E-10
   79  0.92526389E-10
   80  0.90550484E-10
   81  0.89195193E-10
   82  0.87927346E-10
   83  0.86453192E-10
   84  0.85668805E-10
   85  0.84282178E-10
   86  0.83986290E-10
   87  0.82220959E-10
   88  0.81881037E-10
   89  0.80966137E-10
   90  0.81831174E-10
   91  0.82499022E-10
   92  0.81961216E-10
   93  0.80899593E-10
   94  0.82635017E-10
   95  0.84502662E-10
   96  0.84694605E-10
   97  0.84406385E-10
   98  0.86766636E-10
   99  0.85466252E-10
  100  0.87653676E-10
  101  0.88534832E-10
  102  0.89476891E-10
  103  0.91495353E-10
  104  0.93793501E-10
  105  0.95411810E-10
  106  0.98190012E-10
  107  0.99956467E-10
  108  0.10193012E-09
  109  0.10435147E-09
  110  0.10783596E-09
  111  0.11131631E-09
  112  0.11486059E-09
  113  0.11649545E-09
  114  0.12052924E-09
  115  0.12442118E-09
  116  0.12784158E-09
  117  0.13119900E-09
  118  0.13449715E-09
  119  0.13754882E-09
  120  0.14278857E-09
  121  0.14765066E-09
  122  0.15186266E-09
  123  0.15598076E-09
  124  0.16071830E-09
  125  0.16476594E-09
  126  0.16940080E-09
  127  0.17528966E-09
  128  0.17914779E-09
  129  0.18512400E-09
  130  0.19004583E-09
  131  0.19639253E-09
  132  0.20075633E-09
  133  0.20580578E-09
  134  0.21029689E-09
  135  0.21623443E-09
  136  0.22148408E-09
  137  0.22750082E-09
  138  0.23269016E-09
  139  0.23808400E-09
  140  0.24332056E-09
  141  0.24873545E-09
  142  0.25420069E-09
  143  0.25998645E-09
  144  0.26554051E-09
  145  0.27209782E-09
  146  0.27644084E-09
  147  0.28149866E-09
  148  0.28652233E-09
  149  0.29179625E-09
  150  0.29732047E-09
  151  0.30428793E-09
  152  0.30815694E-09
  153  0.31406111E-09
  154  0.31870490E-09
  155  0.32456207E-09
  156  0.33024924E-09
  157  0.33549136E-09
  158  0.34074582E-09
  159  0.34586478E-09
  160  0.35158054E-09
  161  0.35676659E-09
  162  0.36209616E-09
  163  0.36732464E-09
  164  0.37284881E-09
  165  0.37804437E-09
  166  0.38309353E-09
  167  0.38894543E-09
  168  0.39434159E-09
  169  0.39947240E-09
  170  0.40599193E-09
  171  0.41057624E-09
  172  0.41693962E-09
  173  0.42135342E-09
  174  0.42724732E-09
  175  0.43358342E-09
  176  0.43899062E-09
  177  0.44511367E-09
  178  0.45101811E-09
  179  0.45698154E-09
  180  0.46289378E-09
  181  0.46889292E-09
  182  0.47432408E-09
  183  0.48086984E-09
  184  0.48715632E-09
  185  0.49311033E-09
  186  0.49879006E-09
  187  0.50602206E-09
  188  0.51215931E-09
  189  0.51753601E-09
  190  0.52396826E-09
  191  0.53075738E-09
  192  0.53595001E-09
  193  0.54218136E-09
  194  0.54833893E-09
  195  0.55403176E-09
  196  0.55938570E-09
  197  0.56553612E-09
  198  0.57112343E-09
  199  0.57765537E-09
  200  0.58239885E-09
  201  0.58730854E-09
  202  0.59213562E-09
  203  0.59809868E-09
  204  0.60296207E-09
  205  0.60659078E-09
  206  0.61043864E-09
  207  0.61576949E-09
  208  0.61920491E-09
  209  0.62137312E-09
  210  0.62409478E-09
  211  0.62747896E-09
  212  0.63093131E-09
  213  0.63187444E-09
  214  0.63463729E-09
  215  0.63637196E-09
  216  0.63672184E-09
  217  0.63945954E-09
  218  0.63964711E-09
  219  0.63826305E-09
  220  0.63757738E-09
  221  0.63833566E-09
  222  0.63656685E-09
  223  0.63632549E-09
  224  0.63566286E-09
  225  0.63371153E-09
  226  0.63191807E-09
  227  0.62965150E-09
  228  0.62639827E-09
  229  0.62232786E-09
  230  0.61938044E-09
  231  0.61800864E-09
  232  0.61576177E-09
  233  0.60903266E-09
  234  0.60574379E-09
  235  0.60179367E-09
  236  0.59974420E-09
  237  0.59171690E-09
  238  0.58550714E-09
  239  0.58202504E-09
  240  0.57509447E-09
  241  0.57126320E-09
  242  0.56465815E-09
  243  0.55833321E-09
  244  0.55403593E-09
  245  0.54981847E-09
  246  0.54528315E-09
  247  0.53640681E-09
  248  0.53202076E-09
  249  0.52771543E-09
  250  0.52367094E-09
  251  0.51700560E-09
  252  0.51230109E-09
  253  0.50572163E-09
  254  0.50501053E-09
  255  0.49909160E-09
  256  0.49360321E-09
  257  0.49172710E-09
  258  0.48530818E-09
  259  0.48040827E-09
  260  0.47867854E-09
  261  0.47518339E-09
  262  0.47056098E-09
  263  0.46648557E-09
  264  0.46157569E-09
  265  0.46140497E-09
  266  0.45786461E-09
  267  0.45514670E-09
  268  0.45386303E-09
  269  0.45146112E-09
  270  0.45090010E-09
  271  0.44904711E-09
  272  0.44829104E-09
  273  0.44874188E-09
  274  0.44632789E-09
  275  0.44443693E-09
  276  0.44517665E-09
  277  0.44503046E-09
  278  0.44328910E-09
  279  0.44592596E-09
  280  0.44636508E-09
  281  0.44665333E-09
  282  0.44597026E-09
  283  0.44873066E-09
  284  0.44914347E-09
  285  0.44921597E-09
  286  0.45238643E-09
  287  0.45325646E-09
  288  0.45531129E-09
  289  0.45653389E-09
  290  0.46096771E-09
  291  0.46115331E-09
  292  0.46556231E-09
  293  0.46688381E-09
  294  0.47107196E-09
  295  0.47114851E-09
  296  0.47406279E-09
  297  0.47780324E-09
  298  0.47969739E-09
  299  0.48273824E-09
  300  0.48207971E-09
  301  0.48439741E-09
  302  0.48832821E-09
  303  0.49211279E-09
  304  0.49626731E-09
  305  0.49673260E-09
  306  0.50168952E-09
  307  0.50050458E-09
  308  0.50175653E-09
  309  0.50442128E-09
  310  0.50887294E-09
  311  0.50811566E-09
  312  0.50687060E-09
  313  0.50968435E-09
  314  0.51128518E-09
  315  0.50941129E-09
  316  0.51307003E-09
  317  0.51027871E-09
  318  0.51276861E-09
  319  0.51246823E-09
  320  0.51332860E-09
  321  0.51317423E-09
  322  0.51141241E-09
  323  0.50856069E-09
  324  0.50789800E-09
  325  0.50747545E-09
  326  0.50560728E-09
  327  0.50411758E-09
  328  0.50064347E-09
  329  0.49698412E-09
  330  0.49513521E-09
  331  0.49356225E-09
  332  0.48945692E-09
  333  0.48414400E-09
  334  0.48009430E-09
  335  0.47861531E-09
  336  0.47409549E-09
  337  0.47121868E-09
  338  0.46703807E-09
  339  0.46201948E-09
  340  0.45802939E-09
  341  0.45379964E-09
  342  0.45058335E-09
  343  0.44417348E-09
  344  0.44118759E-09
  345  0.43585119E-09
  346  0.43150988E-09
  347  0.42720846E-09
  348  0.42198753E-09
  349  0.41694070E-09
  350  0.41374354E-09
  351  0.40639331E-09
  352  0.40268444E-09
  353  0.39766410E-09
  354  0.39378387E-09
  355  0.38915504E-09
  356  0.38615380E-09
  357  0.38116510E-09
  358  0.37575376E-09
  359  0.37254855E-09
  360  0.36740966E-09
 ]; 
