spt = [ 
    1  0.35730033E-09
    2  0.36753009E-09
    3  0.37841413E-09
    4  0.39093856E-09
    5  0.40204376E-09
    6  0.41491632E-09
    7  0.42782233E-09
    8  0.44064982E-09
    9  0.45520646E-09
   10  0.46892945E-09
   11  0.48285292E-09
   12  0.49626853E-09
   13  0.51087379E-09
   14  0.52621218E-09
   15  0.54092192E-09
   16  0.55719440E-09
   17  0.57222682E-09
   18  0.58815136E-09
   19  0.60405997E-09
   20  0.62087663E-09
   21  0.63680239E-09
   22  0.65470157E-09
   23  0.66957839E-09
   24  0.68689437E-09
   25  0.70589301E-09
   26  0.72013484E-09
   27  0.73704792E-09
   28  0.75287065E-09
   29  0.77199819E-09
   30  0.78767226E-09
   31  0.80365425E-09
   32  0.81950235E-09
   33  0.83547463E-09
   34  0.85078655E-09
   35  0.86733914E-09
   36  0.88051322E-09
   37  0.89460611E-09
   38  0.91115177E-09
   39  0.92422942E-09
   40  0.93933461E-09
   41  0.95396591E-09
   42  0.96853259E-09
   43  0.97982411E-09
   44  0.99051911E-09
   45  0.10055068E-08
   46  0.10180349E-08
   47  0.10291004E-08
   48  0.10387626E-08
   49  0.10472627E-08
   50  0.10606180E-08
   51  0.10679766E-08
   52  0.10758036E-08
   53  0.10885388E-08
   54  0.10928952E-08
   55  0.10996392E-08
   56  0.11110113E-08
   57  0.11147538E-08
   58  0.11202116E-08
   59  0.11315964E-08
   60  0.11316145E-08
   61  0.11386271E-08
   62  0.11421829E-08
   63  0.11461282E-08
   64  0.11496561E-08
   65  0.11530024E-08
   66  0.11584491E-08
   67  0.11602397E-08
   68  0.11601501E-08
   69  0.11613898E-08
   70  0.11667690E-08
   71  0.11670909E-08
   72  0.11659225E-08
   73  0.11654602E-08
   74  0.11685973E-08
   75  0.11722059E-08
   76  0.11693183E-08
   77  0.11682737E-08
   78  0.11709260E-08
   79  0.11702033E-08
   80  0.11710667E-08
   81  0.11677462E-08
   82  0.11669431E-08
   83  0.11636759E-08
   84  0.11635096E-08
   85  0.11609799E-08
   86  0.11577783E-08
   87  0.11553616E-08
   88  0.11530792E-08
   89  0.11527475E-08
   90  0.11507080E-08
   91  0.11478283E-08
   92  0.11461090E-08
   93  0.11421106E-08
   94  0.11433954E-08
   95  0.11342429E-08
   96  0.11343950E-08
   97  0.11361867E-08
   98  0.11315743E-08
   99  0.11230283E-08
  100  0.11218253E-08
  101  0.11194539E-08
  102  0.11140362E-08
  103  0.11129387E-08
  104  0.11079763E-08
  105  0.11048960E-08
  106  0.10995926E-08
  107  0.10939979E-08
  108  0.10928851E-08
  109  0.10886735E-08
  110  0.10824991E-08
  111  0.10739252E-08
  112  0.10712080E-08
  113  0.10666863E-08
  114  0.10612803E-08
  115  0.10568567E-08
  116  0.10491696E-08
  117  0.10434823E-08
  118  0.10404412E-08
  119  0.10326341E-08
  120  0.10303058E-08
  121  0.10215887E-08
  122  0.10141210E-08
  123  0.10061746E-08
  124  0.10002899E-08
  125  0.99367758E-09
  126  0.98443143E-09
  127  0.97447983E-09
  128  0.96785169E-09
  129  0.96200514E-09
  130  0.95141850E-09
  131  0.94289643E-09
  132  0.93481389E-09
  133  0.92487279E-09
  134  0.91451502E-09
  135  0.90841279E-09
  136  0.89796859E-09
  137  0.88487551E-09
  138  0.87812629E-09
  139  0.86770768E-09
  140  0.85466767E-09
  141  0.84431478E-09
  142  0.83354562E-09
  143  0.82247997E-09
  144  0.81180840E-09
  145  0.80001239E-09
  146  0.78862378E-09
  147  0.77510898E-09
  148  0.76279105E-09
  149  0.75246004E-09
  150  0.73998424E-09
  151  0.72671091E-09
  152  0.71506434E-09
  153  0.70221551E-09
  154  0.69206363E-09
  155  0.67727202E-09
  156  0.66568073E-09
  157  0.65337924E-09
  158  0.64063377E-09
  159  0.62878369E-09
  160  0.61608874E-09
  161  0.60437194E-09
  162  0.59109306E-09
  163  0.58039668E-09
  164  0.56854321E-09
  165  0.55681387E-09
  166  0.54442167E-09
  167  0.53311100E-09
  168  0.52254906E-09
  169  0.51114035E-09
  170  0.49801774E-09
  171  0.48858773E-09
  172  0.47835108E-09
  173  0.46779669E-09
  174  0.45664292E-09
  175  0.44708226E-09
  176  0.43781648E-09
  177  0.42814019E-09
  178  0.41902828E-09
  179  0.40933804E-09
  180  0.40056283E-09
  181  0.39169212E-09
  182  0.38389555E-09
  183  0.37541528E-09
  184  0.36726655E-09
  185  0.35978054E-09
  186  0.35172501E-09
  187  0.34471551E-09
  188  0.33703029E-09
  189  0.33070122E-09
  190  0.32346356E-09
  191  0.31719469E-09
  192  0.31074218E-09
  193  0.30470368E-09
  194  0.29870703E-09
  195  0.29262873E-09
  196  0.28717900E-09
  197  0.28137231E-09
  198  0.27664371E-09
  199  0.27104810E-09
  200  0.26636232E-09
  201  0.26136318E-09
  202  0.25707392E-09
  203  0.25268312E-09
  204  0.24826924E-09
  205  0.24483574E-09
  206  0.24005115E-09
  207  0.23664218E-09
  208  0.23353280E-09
  209  0.22907418E-09
  210  0.22601698E-09
  211  0.22372706E-09
  212  0.22023877E-09
  213  0.21707497E-09
  214  0.21419432E-09
  215  0.21173131E-09
  216  0.20975259E-09
  217  0.20701445E-09
  218  0.20533407E-09
  219  0.20317827E-09
  220  0.20272162E-09
  221  0.19950475E-09
  222  0.19946049E-09
  223  0.19706968E-09
  224  0.19539935E-09
  225  0.19550983E-09
  226  0.19542541E-09
  227  0.19350853E-09
  228  0.19226079E-09
  229  0.19304376E-09
  230  0.19214051E-09
  231  0.19130368E-09
  232  0.19248785E-09
  233  0.19237809E-09
  234  0.19314356E-09
  235  0.19510130E-09
  236  0.19607567E-09
  237  0.19596320E-09
  238  0.19615583E-09
  239  0.19814698E-09
  240  0.19795378E-09
  241  0.19989924E-09
  242  0.20199152E-09
  243  0.20352489E-09
  244  0.20469401E-09
  245  0.20627156E-09
  246  0.20914653E-09
  247  0.21010252E-09
  248  0.21211738E-09
  249  0.21401565E-09
  250  0.21501156E-09
  251  0.21816822E-09
  252  0.21778161E-09
  253  0.22096963E-09
  254  0.22415647E-09
  255  0.22515423E-09
  256  0.22730025E-09
  257  0.23117465E-09
  258  0.22997966E-09
  259  0.23429708E-09
  260  0.23444471E-09
  261  0.23586996E-09
  262  0.23730390E-09
  263  0.23886937E-09
  264  0.23937799E-09
  265  0.24044194E-09
  266  0.24295702E-09
  267  0.24295363E-09
  268  0.24336017E-09
  269  0.24491065E-09
  270  0.24479038E-09
  271  0.24549116E-09
  272  0.24479874E-09
  273  0.24453503E-09
  274  0.24525357E-09
  275  0.24523014E-09
  276  0.24427385E-09
  277  0.24311794E-09
  278  0.24277688E-09
  279  0.24176175E-09
  280  0.24084446E-09
  281  0.24023453E-09
  282  0.24026570E-09
  283  0.23836549E-09
  284  0.23584668E-09
  285  0.23308919E-09
  286  0.23372465E-09
  287  0.22903156E-09
  288  0.22797575E-09
  289  0.22578407E-09
  290  0.22373692E-09
  291  0.22189305E-09
  292  0.22110182E-09
  293  0.21852170E-09
  294  0.21562722E-09
  295  0.21282848E-09
  296  0.21280851E-09
  297  0.20911414E-09
  298  0.20653418E-09
  299  0.20541623E-09
  300  0.20194621E-09
  301  0.20161808E-09
  302  0.19913225E-09
  303  0.19689118E-09
  304  0.19411402E-09
  305  0.19234497E-09
  306  0.19079045E-09
  307  0.18886988E-09
  308  0.18538031E-09
  309  0.18528527E-09
  310  0.18422952E-09
  311  0.18186250E-09
  312  0.18159095E-09
  313  0.17930313E-09
  314  0.17770056E-09
  315  0.17754613E-09
  316  0.17570261E-09
  317  0.17539507E-09
  318  0.17495667E-09
  319  0.17209144E-09
  320  0.17268237E-09
  321  0.17379562E-09
  322  0.17376460E-09
  323  0.17356301E-09
  324  0.17340795E-09
  325  0.17425765E-09
  326  0.17337318E-09
  327  0.17542501E-09
  328  0.17613176E-09
  329  0.17758500E-09
  330  0.17850135E-09
  331  0.18125092E-09
  332  0.18243736E-09
  333  0.18418986E-09
  334  0.18786571E-09
  335  0.18931536E-09
  336  0.19204409E-09
  337  0.19397077E-09
  338  0.19819378E-09
  339  0.20117696E-09
  340  0.20585249E-09
  341  0.20957241E-09
  342  0.21425167E-09
  343  0.21869233E-09
  344  0.22325373E-09
  345  0.22821936E-09
  346  0.23388610E-09
  347  0.23971550E-09
  348  0.24575103E-09
  349  0.25252903E-09
  350  0.25957034E-09
  351  0.26735841E-09
  352  0.27358846E-09
  353  0.28172525E-09
  354  0.28994240E-09
  355  0.29827824E-09
  356  0.30745423E-09
  357  0.31625824E-09
  358  0.32550765E-09
  359  0.33627343E-09
  360  0.34580888E-09
 ]; 
