stt = [ 
    1  0.24177898E+00
    2  0.24171984E+00
    3  0.24153847E+00
    4  0.24123545E+00
    5  0.24081279E+00
    6  0.24027069E+00
    7  0.23961142E+00
    8  0.23883320E+00
    9  0.23794045E+00
   10  0.23693365E+00
   11  0.23581441E+00
   12  0.23458563E+00
   13  0.23324892E+00
   14  0.23180558E+00
   15  0.23026212E+00
   16  0.22861660E+00
   17  0.22687478E+00
   18  0.22503959E+00
   19  0.22311287E+00
   20  0.22109973E+00
   21  0.21900328E+00
   22  0.21682478E+00
   23  0.21457143E+00
   24  0.21224591E+00
   25  0.20985036E+00
   26  0.20739044E+00
   27  0.20486940E+00
   28  0.20229159E+00
   29  0.19966175E+00
   30  0.19698350E+00
   31  0.19425878E+00
   32  0.19149506E+00
   33  0.18869327E+00
   34  0.18586056E+00
   35  0.18299872E+00
   36  0.18011233E+00
   37  0.17720594E+00
   38  0.17428155E+00
   39  0.17134482E+00
   40  0.16839884E+00
   41  0.16544686E+00
   42  0.16249271E+00
   43  0.15953985E+00
   44  0.15659080E+00
   45  0.15364970E+00
   46  0.15071948E+00
   47  0.14780194E+00
   48  0.14490169E+00
   49  0.14201999E+00
   50  0.13915960E+00
   51  0.13632336E+00
   52  0.13351287E+00
   53  0.13073151E+00
   54  0.12797953E+00
   55  0.12525995E+00
   56  0.12257446E+00
   57  0.11992384E+00
   58  0.11731002E+00
   59  0.11473462E+00
   60  0.11219792E+00
   61  0.10970131E+00
   62  0.10724624E+00
   63  0.10483275E+00
   64  0.10246200E+00
   65  0.10013361E+00
   66  0.97849272E-01
   67  0.95607989E-01
   68  0.93410350E-01
   69  0.91257021E-01
   70  0.89148179E-01
   71  0.87082475E-01
   72  0.85060172E-01
   73  0.83082303E-01
   74  0.81146799E-01
   75  0.79253890E-01
   76  0.77403232E-01
   77  0.75594291E-01
   78  0.73826805E-01
   79  0.72099566E-01
   80  0.70412040E-01
   81  0.68763636E-01
   82  0.67153186E-01
   83  0.65581024E-01
   84  0.64045504E-01
   85  0.62545985E-01
   86  0.61081346E-01
   87  0.59651617E-01
   88  0.58255084E-01
   89  0.56891028E-01
   90  0.55559095E-01
   91  0.54258145E-01
   92  0.52987035E-01
   93  0.51745478E-01
   94  0.50533138E-01
   95  0.49347658E-01
   96  0.48189726E-01
   97  0.47057509E-01
   98  0.45951460E-01
   99  0.44869296E-01
  100  0.43811537E-01
  101  0.42777356E-01
  102  0.41765984E-01
  103  0.40776514E-01
  104  0.39808761E-01
  105  0.38861860E-01
  106  0.37935264E-01
  107  0.37028689E-01
  108  0.36141325E-01
  109  0.35273187E-01
  110  0.34423374E-01
  111  0.33591595E-01
  112  0.32777540E-01
  113  0.31980701E-01
  114  0.31201281E-01
  115  0.30438138E-01
  116  0.29691271E-01
  117  0.28960709E-01
  118  0.28246041E-01
  119  0.27546762E-01
  120  0.26862750E-01
  121  0.26194064E-01
  122  0.25540033E-01
  123  0.24900731E-01
  124  0.24276117E-01
  125  0.23665667E-01
  126  0.23069525E-01
  127  0.22487547E-01
  128  0.21919617E-01
  129  0.21365343E-01
  130  0.20824952E-01
  131  0.20297600E-01
  132  0.19784300E-01
  133  0.19283991E-01
  134  0.18796971E-01
  135  0.18323047E-01
  136  0.17862171E-01
  137  0.17414052E-01
  138  0.16978852E-01
  139  0.16556051E-01
  140  0.16146272E-01
  141  0.15748629E-01
  142  0.15363138E-01
  143  0.14990110E-01
  144  0.14629140E-01
  145  0.14279954E-01
  146  0.13942770E-01
  147  0.13617248E-01
  148  0.13303266E-01
  149  0.13000716E-01
  150  0.12709565E-01
  151  0.12429463E-01
  152  0.12160510E-01
  153  0.11902199E-01
  154  0.11654875E-01
  155  0.11417993E-01
  156  0.11191757E-01
  157  0.10975662E-01
  158  0.10769820E-01
  159  0.10573869E-01
  160  0.10388033E-01
  161  0.10211644E-01
  162  0.10045061E-01
  163  0.98880045E-02
  164  0.97402008E-02
  165  0.96014235E-02
  166  0.94719827E-02
  167  0.93514016E-02
  168  0.92397649E-02
  169  0.91367038E-02
  170  0.90423757E-02
  171  0.89564705E-02
  172  0.88792061E-02
  173  0.88102417E-02
  174  0.87494822E-02
  175  0.86970422E-02
  176  0.86528445E-02
  177  0.86166458E-02
  178  0.85886559E-02
  179  0.85685244E-02
  180  0.85565941E-02
  181  0.85525448E-02
  182  0.85566808E-02
  183  0.85688224E-02
  184  0.85887210E-02
  185  0.86167464E-02
  186  0.86530587E-02
  187  0.86973291E-02
  188  0.87498678E-02
  189  0.88104615E-02
  190  0.88795787E-02
  191  0.89567862E-02
  192  0.90427985E-02
  193  0.91371816E-02
  194  0.92402054E-02
  195  0.93519725E-02
  196  0.94725098E-02
  197  0.96021891E-02
  198  0.97407913E-02
  199  0.98887160E-02
  200  0.10045951E-01
  201  0.10212606E-01
  202  0.10388957E-01
  203  0.10574913E-01
  204  0.10770869E-01
  205  0.10976853E-01
  206  0.11192939E-01
  207  0.11419398E-01
  208  0.11656348E-01
  209  0.11903814E-01
  210  0.12162104E-01
  211  0.12431243E-01
  212  0.12711319E-01
  213  0.13002818E-01
  214  0.13305536E-01
  215  0.13619499E-01
  216  0.13945199E-01
  217  0.14282743E-01
  218  0.14631835E-01
  219  0.14993215E-01
  220  0.15366218E-01
  221  0.15751870E-01
  222  0.16149675E-01
  223  0.16559951E-01
  224  0.16982848E-01
  225  0.17418241E-01
  226  0.17866665E-01
  227  0.18327903E-01
  228  0.18802192E-01
  229  0.19289507E-01
  230  0.19789841E-01
  231  0.20303836E-01
  232  0.20831283E-01
  233  0.21372043E-01
  234  0.21926675E-01
  235  0.22495313E-01
  236  0.23077479E-01
  237  0.23673981E-01
  238  0.24284564E-01
  239  0.24909826E-01
  240  0.25549440E-01
  241  0.26203722E-01
  242  0.26873112E-01
  243  0.27557429E-01
  244  0.28257223E-01
  245  0.28972676E-01
  246  0.29703608E-01
  247  0.30450609E-01
  248  0.31214330E-01
  249  0.31994399E-01
  250  0.32791693E-01
  251  0.33605918E-01
  252  0.34438007E-01
  253  0.35288423E-01
  254  0.36157046E-01
  255  0.37044846E-01
  256  0.37951872E-01
  257  0.38878750E-01
  258  0.39826408E-01
  259  0.40794656E-01
  260  0.41784421E-01
  261  0.42796373E-01
  262  0.43831032E-01
  263  0.44889122E-01
  264  0.45971550E-01
  265  0.47078133E-01
  266  0.48210219E-01
  267  0.49369060E-01
  268  0.50554793E-01
  269  0.51767904E-01
  270  0.53009532E-01
  271  0.54280650E-01
  272  0.55581894E-01
  273  0.56914289E-01
  274  0.58278289E-01
  275  0.59675068E-01
  276  0.61105218E-01
  277  0.62570080E-01
  278  0.64069368E-01
  279  0.65605566E-01
  280  0.67178167E-01
  281  0.68788052E-01
  282  0.70436507E-01
  283  0.72124094E-01
  284  0.73851481E-01
  285  0.75619258E-01
  286  0.77428304E-01
  287  0.79278909E-01
  288  0.81171207E-01
  289  0.83106942E-01
  290  0.85085437E-01
  291  0.87106861E-01
  292  0.89173049E-01
  293  0.91281414E-01
  294  0.93434542E-01
  295  0.95632330E-01
  296  0.97872913E-01
  297  0.10015721E+00
  298  0.10248513E+00
  299  0.10485549E+00
  300  0.10726900E+00
  301  0.10972420E+00
  302  0.11222023E+00
  303  0.11475601E+00
  304  0.11733206E+00
  305  0.11994493E+00
  306  0.12259462E+00
  307  0.12527966E+00
  308  0.12799925E+00
  309  0.13075019E+00
  310  0.13353144E+00
  311  0.13634102E+00
  312  0.13917686E+00
  313  0.14203624E+00
  314  0.14491799E+00
  315  0.14781798E+00
  316  0.15073460E+00
  317  0.15366416E+00
  318  0.15660448E+00
  319  0.15955280E+00
  320  0.16250522E+00
  321  0.16545910E+00
  322  0.16841021E+00
  323  0.17135593E+00
  324  0.17429215E+00
  325  0.17721570E+00
  326  0.18012182E+00
  327  0.18300718E+00
  328  0.18586805E+00
  329  0.18870100E+00
  330  0.19150153E+00
  331  0.19426501E+00
  332  0.19698785E+00
  333  0.19966723E+00
  334  0.20229684E+00
  335  0.20487364E+00
  336  0.20739457E+00
  337  0.20985425E+00
  338  0.21224858E+00
  339  0.21457440E+00
  340  0.21682779E+00
  341  0.21900412E+00
  342  0.22110157E+00
  343  0.22311439E+00
  344  0.22504069E+00
  345  0.22687592E+00
  346  0.22861758E+00
  347  0.23026218E+00
  348  0.23180731E+00
  349  0.23324874E+00
  350  0.23458605E+00
  351  0.23581444E+00
  352  0.23693354E+00
  353  0.23794022E+00
  354  0.23883298E+00
  355  0.23960961E+00
  356  0.24027033E+00
  357  0.24081276E+00
  358  0.24123500E+00
  359  0.24153735E+00
  360  0.24171937E+00
 ]; 
