spt = [ 
    1  0.21361475E-09
    2  0.21077293E-09
    3  0.20781038E-09
    4  0.20659589E-09
    5  0.20390793E-09
    6  0.20143880E-09
    7  0.19967507E-09
    8  0.19848614E-09
    9  0.19550685E-09
   10  0.19507242E-09
   11  0.19426662E-09
   12  0.19174573E-09
   13  0.18960782E-09
   14  0.18855283E-09
   15  0.18867118E-09
   16  0.18704578E-09
   17  0.18540583E-09
   18  0.18454992E-09
   19  0.18360317E-09
   20  0.18246880E-09
   21  0.18206470E-09
   22  0.18210054E-09
   23  0.18014183E-09
   24  0.17885057E-09
   25  0.17945820E-09
   26  0.17859431E-09
   27  0.17847698E-09
   28  0.17723338E-09
   29  0.17607313E-09
   30  0.17672391E-09
   31  0.17547905E-09
   32  0.17654748E-09
   33  0.17471651E-09
   34  0.17555157E-09
   35  0.17476309E-09
   36  0.17426054E-09
   37  0.17332005E-09
   38  0.17399829E-09
   39  0.17391341E-09
   40  0.17420790E-09
   41  0.17393240E-09
   42  0.17252859E-09
   43  0.17393452E-09
   44  0.17259559E-09
   45  0.17296138E-09
   46  0.17210401E-09
   47  0.17226458E-09
   48  0.17301599E-09
   49  0.17235761E-09
   50  0.17150054E-09
   51  0.17190577E-09
   52  0.17273151E-09
   53  0.17287666E-09
   54  0.17197607E-09
   55  0.17253492E-09
   56  0.17200046E-09
   57  0.17379290E-09
   58  0.17150792E-09
   59  0.17392897E-09
   60  0.17308976E-09
   61  0.17209290E-09
   62  0.17128056E-09
   63  0.17263439E-09
   64  0.17220970E-09
   65  0.17441217E-09
   66  0.17386162E-09
   67  0.17386718E-09
   68  0.17365959E-09
   69  0.17656923E-09
   70  0.17594626E-09
   71  0.17798363E-09
   72  0.17751281E-09
   73  0.17695480E-09
   74  0.17846342E-09
   75  0.17869006E-09
   76  0.17848270E-09
   77  0.18064548E-09
   78  0.18056599E-09
   79  0.18018433E-09
   80  0.18319006E-09
   81  0.18365309E-09
   82  0.18499459E-09
   83  0.18522708E-09
   84  0.18660480E-09
   85  0.18901614E-09
   86  0.19044072E-09
   87  0.19151176E-09
   88  0.19324108E-09
   89  0.19359198E-09
   90  0.19565297E-09
   91  0.19890721E-09
   92  0.19799390E-09
   93  0.20268302E-09
   94  0.20448093E-09
   95  0.20681019E-09
   96  0.20758092E-09
   97  0.21087213E-09
   98  0.21243529E-09
   99  0.21415116E-09
  100  0.21717605E-09
  101  0.22007260E-09
  102  0.22240730E-09
  103  0.22688508E-09
  104  0.22844968E-09
  105  0.23263706E-09
  106  0.23678548E-09
  107  0.24043570E-09
  108  0.24255931E-09
  109  0.24519783E-09
  110  0.25154004E-09
  111  0.25283656E-09
  112  0.25898408E-09
  113  0.26214889E-09
  114  0.26815167E-09
  115  0.26999550E-09
  116  0.27710678E-09
  117  0.28292768E-09
  118  0.28632807E-09
  119  0.29204258E-09
  120  0.29690642E-09
  121  0.30401090E-09
  122  0.30804245E-09
  123  0.31400130E-09
  124  0.32029032E-09
  125  0.32508465E-09
  126  0.33107592E-09
  127  0.33750375E-09
  128  0.34283318E-09
  129  0.35172756E-09
  130  0.35746428E-09
  131  0.36177808E-09
  132  0.37015790E-09
  133  0.37510658E-09
  134  0.38200795E-09
  135  0.38815812E-09
  136  0.39368508E-09
  137  0.40106962E-09
  138  0.40583301E-09
  139  0.41193277E-09
  140  0.41990608E-09
  141  0.42670611E-09
  142  0.43223763E-09
  143  0.43736861E-09
  144  0.44315399E-09
  145  0.44809711E-09
  146  0.45375839E-09
  147  0.46008952E-09
  148  0.46567977E-09
  149  0.47014037E-09
  150  0.47557830E-09
  151  0.48138232E-09
  152  0.48514714E-09
  153  0.49096399E-09
  154  0.49470261E-09
  155  0.49930171E-09
  156  0.50336552E-09
  157  0.50680821E-09
  158  0.51043464E-09
  159  0.51419857E-09
  160  0.51738758E-09
  161  0.52088028E-09
  162  0.52390164E-09
  163  0.52731813E-09
  164  0.53009475E-09
  165  0.53145760E-09
  166  0.53471361E-09
  167  0.53660382E-09
  168  0.53966970E-09
  169  0.54099430E-09
  170  0.54389154E-09
  171  0.54549992E-09
  172  0.54731625E-09
  173  0.54951033E-09
  174  0.55073224E-09
  175  0.55202570E-09
  176  0.55366461E-09
  177  0.55475802E-09
  178  0.55647609E-09
  179  0.55806315E-09
  180  0.55898280E-09
  181  0.55993876E-09
  182  0.56136240E-09
  183  0.56215976E-09
  184  0.56364080E-09
  185  0.56497590E-09
  186  0.56549337E-09
  187  0.56650540E-09
  188  0.56777472E-09
  189  0.56912064E-09
  190  0.57019606E-09
  191  0.57082400E-09
  192  0.57238581E-09
  193  0.57388738E-09
  194  0.57459043E-09
  195  0.57586580E-09
  196  0.57633115E-09
  197  0.57754040E-09
  198  0.57825322E-09
  199  0.57956767E-09
  200  0.58019123E-09
  201  0.58111693E-09
  202  0.58249811E-09
  203  0.58321814E-09
  204  0.58373939E-09
  205  0.58370514E-09
  206  0.58442162E-09
  207  0.58590016E-09
  208  0.58419153E-09
  209  0.58637051E-09
  210  0.58626048E-09
  211  0.58606536E-09
  212  0.58751298E-09
  213  0.58636757E-09
  214  0.58544058E-09
  215  0.58610999E-09
  216  0.58585919E-09
  217  0.58389094E-09
  218  0.58468541E-09
  219  0.58256683E-09
  220  0.58218358E-09
  221  0.57962396E-09
  222  0.57918320E-09
  223  0.57664129E-09
  224  0.57486294E-09
  225  0.57316485E-09
  226  0.57042865E-09
  227  0.56841643E-09
  228  0.56437255E-09
  229  0.56014993E-09
  230  0.55921368E-09
  231  0.55493499E-09
  232  0.55389116E-09
  233  0.55034116E-09
  234  0.54633936E-09
  235  0.54393207E-09
  236  0.53646937E-09
  237  0.53329557E-09
  238  0.53022592E-09
  239  0.52852317E-09
  240  0.52339516E-09
  241  0.51661736E-09
  242  0.51374471E-09
  243  0.50916016E-09
  244  0.50571336E-09
  245  0.49942178E-09
  246  0.49833293E-09
  247  0.49545246E-09
  248  0.48798637E-09
  249  0.48186460E-09
  250  0.47907273E-09
  251  0.47653642E-09
  252  0.47245841E-09
  253  0.46765369E-09
  254  0.46660709E-09
  255  0.46071141E-09
  256  0.45580184E-09
  257  0.45289508E-09
  258  0.45282580E-09
  259  0.44895687E-09
  260  0.44416171E-09
  261  0.44161907E-09
  262  0.44037080E-09
  263  0.43572451E-09
  264  0.43436948E-09
  265  0.43029244E-09
  266  0.43012399E-09
  267  0.42771089E-09
  268  0.42712553E-09
  269  0.42645543E-09
  270  0.42441237E-09
  271  0.42131498E-09
  272  0.42230733E-09
  273  0.42015788E-09
  274  0.41680487E-09
  275  0.41811599E-09
  276  0.41815068E-09
  277  0.41793372E-09
  278  0.41643386E-09
  279  0.41546336E-09
  280  0.41504045E-09
  281  0.41487991E-09
  282  0.41646950E-09
  283  0.41473944E-09
  284  0.41500414E-09
  285  0.41749185E-09
  286  0.41336423E-09
  287  0.41435522E-09
  288  0.41576234E-09
  289  0.41890644E-09
  290  0.41884929E-09
  291  0.41766374E-09
  292  0.41731935E-09
  293  0.41706552E-09
  294  0.41616466E-09
  295  0.41614745E-09
  296  0.41801404E-09
  297  0.41680251E-09
  298  0.41859244E-09
  299  0.41535675E-09
  300  0.41797399E-09
  301  0.41463227E-09
  302  0.41442932E-09
  303  0.41523746E-09
  304  0.41329434E-09
  305  0.41225226E-09
  306  0.41318154E-09
  307  0.41148523E-09
  308  0.40911827E-09
  309  0.40604983E-09
  310  0.40566678E-09
  311  0.40181641E-09
  312  0.39982656E-09
  313  0.39741557E-09
  314  0.39477815E-09
  315  0.39318551E-09
  316  0.38926140E-09
  317  0.38818301E-09
  318  0.38320203E-09
  319  0.37891709E-09
  320  0.37652514E-09
  321  0.37132647E-09
  322  0.36906878E-09
  323  0.36702588E-09
  324  0.36237138E-09
  325  0.35677716E-09
  326  0.35240394E-09
  327  0.34992653E-09
  328  0.34366393E-09
  329  0.33785624E-09
  330  0.33533579E-09
  331  0.33035835E-09
  332  0.32599198E-09
  333  0.32216135E-09
  334  0.31701244E-09
  335  0.31275837E-09
  336  0.30862157E-09
  337  0.30375533E-09
  338  0.29879327E-09
  339  0.29416908E-09
  340  0.29026709E-09
  341  0.28466449E-09
  342  0.28074226E-09
  343  0.27623506E-09
  344  0.27219718E-09
  345  0.26815800E-09
  346  0.26372882E-09
  347  0.25995781E-09
  348  0.25600241E-09
  349  0.25209965E-09
  350  0.24758859E-09
  351  0.24467842E-09
  352  0.24154381E-09
  353  0.23690591E-09
  354  0.23417956E-09
  355  0.22935658E-09
  356  0.22739202E-09
  357  0.22496187E-09
  358  0.22144737E-09
  359  0.21856762E-09
  360  0.21554748E-09
 ]; 
