stt = [ 
    1  0.24174714E+00
    2  0.24168608E+00
    3  0.24150376E+00
    4  0.24120031E+00
    5  0.24077758E+00
    6  0.24023421E+00
    7  0.23957349E+00
    8  0.23879521E+00
    9  0.23790173E+00
   10  0.23689421E+00
   11  0.23577347E+00
   12  0.23454367E+00
   13  0.23320611E+00
   14  0.23176329E+00
   15  0.23021837E+00
   16  0.22857159E+00
   17  0.22682914E+00
   18  0.22499256E+00
   19  0.22306527E+00
   20  0.22105221E+00
   21  0.21895418E+00
   22  0.21677642E+00
   23  0.21452148E+00
   24  0.21219523E+00
   25  0.20979971E+00
   26  0.20734060E+00
   27  0.20481846E+00
   28  0.20224075E+00
   29  0.19961002E+00
   30  0.19693103E+00
   31  0.19420679E+00
   32  0.19144267E+00
   33  0.18864253E+00
   34  0.18580844E+00
   35  0.18294719E+00
   36  0.18006086E+00
   37  0.17715475E+00
   38  0.17423178E+00
   39  0.17129491E+00
   40  0.16834909E+00
   41  0.16539794E+00
   42  0.16244441E+00
   43  0.15949178E+00
   44  0.15654437E+00
   45  0.15360372E+00
   46  0.15067394E+00
   47  0.14775732E+00
   48  0.14485760E+00
   49  0.14197683E+00
   50  0.13911730E+00
   51  0.13628224E+00
   52  0.13347329E+00
   53  0.13069241E+00
   54  0.12794147E+00
   55  0.12522347E+00
   56  0.12253805E+00
   57  0.11988895E+00
   58  0.11727584E+00
   59  0.11470181E+00
   60  0.11216545E+00
   61  0.10966998E+00
   62  0.10721570E+00
   63  0.10480317E+00
   64  0.10243285E+00
   65  0.10010550E+00
   66  0.97821750E-01
   67  0.95581338E-01
   68  0.93384877E-01
   69  0.91232359E-01
   70  0.89123532E-01
   71  0.87059006E-01
   72  0.85038066E-01
   73  0.83059788E-01
   74  0.81125244E-01
   75  0.79233356E-01
   76  0.77382937E-01
   77  0.75575292E-01
   78  0.73807888E-01
   79  0.72081104E-01
   80  0.70394315E-01
   81  0.68746157E-01
   82  0.67136891E-01
   83  0.65564655E-01
   84  0.64029947E-01
   85  0.62530629E-01
   86  0.61066516E-01
   87  0.59636969E-01
   88  0.58241230E-01
   89  0.56877729E-01
   90  0.55545818E-01
   91  0.54245591E-01
   92  0.52974928E-01
   93  0.51733967E-01
   94  0.50521515E-01
   95  0.49336608E-01
   96  0.48178844E-01
   97  0.47047105E-01
   98  0.45941304E-01
   99  0.44859700E-01
  100  0.43802276E-01
  101  0.42768341E-01
  102  0.41757163E-01
  103  0.40767904E-01
  104  0.39800290E-01
  105  0.38853467E-01
  106  0.37927222E-01
  107  0.37020601E-01
  108  0.36133695E-01
  109  0.35265636E-01
  110  0.34415640E-01
  111  0.33584125E-01
  112  0.32770190E-01
  113  0.31973682E-01
  114  0.31193774E-01
  115  0.30430885E-01
  116  0.29684227E-01
  117  0.28953318E-01
  118  0.28238392E-01
  119  0.27539089E-01
  120  0.26854796E-01
  121  0.26185812E-01
  122  0.25531879E-01
  123  0.24892384E-01
  124  0.24267562E-01
  125  0.23657059E-01
  126  0.23060683E-01
  127  0.22478541E-01
  128  0.21910105E-01
  129  0.21355594E-01
  130  0.20814726E-01
  131  0.20287398E-01
  132  0.19773331E-01
  133  0.19272873E-01
  134  0.18785501E-01
  135  0.18311212E-01
  136  0.17849879E-01
  137  0.17401803E-01
  138  0.16965758E-01
  139  0.16542895E-01
  140  0.16132569E-01
  141  0.15734559E-01
  142  0.15348741E-01
  143  0.14975297E-01
  144  0.14614019E-01
  145  0.14264533E-01
  146  0.13926966E-01
  147  0.13601232E-01
  148  0.13286754E-01
  149  0.12983979E-01
  150  0.12692513E-01
  151  0.12412026E-01
  152  0.12142684E-01
  153  0.11884288E-01
  154  0.11636553E-01
  155  0.11399453E-01
  156  0.11172850E-01
  157  0.10956459E-01
  158  0.10750348E-01
  159  0.10554067E-01
  160  0.10367853E-01
  161  0.10191561E-01
  162  0.10024526E-01
  163  0.98671895E-02
  164  0.97190645E-02
  165  0.95801419E-02
  166  0.94504906E-02
  167  0.93295546E-02
  168  0.92176441E-02
  169  0.91144461E-02
  170  0.90198861E-02
  171  0.89337854E-02
  172  0.88560926E-02
  173  0.87870164E-02
  174  0.87260632E-02
  175  0.86731501E-02
  176  0.86286990E-02
  177  0.85923439E-02
  178  0.85637150E-02
  179  0.85435146E-02
  180  0.85313013E-02
  181  0.85270256E-02
  182  0.85306829E-02
  183  0.85423784E-02
  184  0.85620051E-02
  185  0.85898759E-02
  186  0.86257327E-02
  187  0.86695934E-02
  188  0.87216329E-02
  189  0.87819770E-02
  190  0.88505698E-02
  191  0.89276759E-02
  192  0.90130279E-02
  193  0.91069760E-02
  194  0.92095369E-02
  195  0.93208263E-02
  196  0.94409427E-02
  197  0.95699970E-02
  198  0.97081726E-02
  199  0.98555153E-02
  200  0.10012201E-01
  201  0.10178395E-01
  202  0.10354025E-01
  203  0.10539511E-01
  204  0.10734883E-01
  205  0.10940135E-01
  206  0.11155780E-01
  207  0.11381535E-01
  208  0.11617808E-01
  209  0.11864648E-01
  210  0.12122238E-01
  211  0.12390767E-01
  212  0.12670049E-01
  213  0.12960803E-01
  214  0.13262601E-01
  215  0.13576045E-01
  216  0.13901088E-01
  217  0.14237685E-01
  218  0.14586076E-01
  219  0.14946574E-01
  220  0.15319019E-01
  221  0.15703853E-01
  222  0.16100878E-01
  223  0.16510308E-01
  224  0.16932320E-01
  225  0.17366964E-01
  226  0.17814517E-01
  227  0.18274780E-01
  228  0.18748065E-01
  229  0.19234680E-01
  230  0.19734280E-01
  231  0.20247305E-01
  232  0.20773811E-01
  233  0.21313803E-01
  234  0.21867445E-01
  235  0.22434974E-01
  236  0.23016647E-01
  237  0.23612082E-01
  238  0.24221927E-01
  239  0.24846075E-01
  240  0.25484975E-01
  241  0.26138555E-01
  242  0.26806926E-01
  243  0.27490346E-01
  244  0.28189424E-01
  245  0.28903684E-01
  246  0.29634090E-01
  247  0.30380489E-01
  248  0.31143112E-01
  249  0.31922787E-01
  250  0.32719120E-01
  251  0.33532847E-01
  252  0.34364238E-01
  253  0.35213843E-01
  254  0.36081865E-01
  255  0.36968827E-01
  256  0.37875373E-01
  257  0.38801935E-01
  258  0.39748747E-01
  259  0.40716749E-01
  260  0.41706059E-01
  261  0.42717721E-01
  262  0.43752216E-01
  263  0.44809747E-01
  264  0.45891680E-01
  265  0.46998367E-01
  266  0.48130538E-01
  267  0.49288854E-01
  268  0.50474189E-01
  269  0.51687371E-01
  270  0.52928947E-01
  271  0.54200225E-01
  272  0.55501491E-01
  273  0.56834228E-01
  274  0.58198433E-01
  275  0.59595279E-01
  276  0.61025526E-01
  277  0.62490407E-01
  278  0.63990936E-01
  279  0.65527014E-01
  280  0.67100078E-01
  281  0.68710037E-01
  282  0.70359133E-01
  283  0.72047204E-01
  284  0.73775388E-01
  285  0.75543739E-01
  286  0.77352956E-01
  287  0.79203807E-01
  288  0.81097484E-01
  289  0.83033763E-01
  290  0.85012525E-01
  291  0.87035097E-01
  292  0.89101411E-01
  293  0.91211356E-01
  294  0.93364559E-01
  295  0.95562771E-01
  296  0.97804561E-01
  297  0.10008972E+00
  298  0.10241856E+00
  299  0.10479020E+00
  300  0.10720390E+00
  301  0.10965966E+00
  302  0.11215692E+00
  303  0.11469369E+00
  304  0.11727015E+00
  305  0.11988398E+00
  306  0.12253504E+00
  307  0.12522137E+00
  308  0.12794140E+00
  309  0.13069327E+00
  310  0.13347498E+00
  311  0.13628571E+00
  312  0.13912225E+00
  313  0.14198264E+00
  314  0.14486489E+00
  315  0.14776559E+00
  316  0.15068281E+00
  317  0.15361376E+00
  318  0.15655507E+00
  319  0.15950416E+00
  320  0.16245739E+00
  321  0.16541205E+00
  322  0.16836415E+00
  323  0.17131053E+00
  324  0.17424826E+00
  325  0.17717145E+00
  326  0.18007894E+00
  327  0.18296547E+00
  328  0.18582724E+00
  329  0.18866152E+00
  330  0.19146225E+00
  331  0.19422631E+00
  332  0.19695032E+00
  333  0.19962989E+00
  334  0.20226072E+00
  335  0.20483834E+00
  336  0.20735988E+00
  337  0.20981990E+00
  338  0.21221513E+00
  339  0.21454108E+00
  340  0.21679538E+00
  341  0.21897274E+00
  342  0.22106972E+00
  343  0.22308318E+00
  344  0.22500968E+00
  345  0.22684537E+00
  346  0.22858712E+00
  347  0.23023225E+00
  348  0.23177700E+00
  349  0.23321906E+00
  350  0.23455583E+00
  351  0.23578469E+00
  352  0.23690347E+00
  353  0.23791012E+00
  354  0.23880340E+00
  355  0.23958065E+00
  356  0.24024031E+00
  357  0.24078238E+00
  358  0.24120472E+00
  359  0.24150635E+00
  360  0.24168654E+00
 ]; 
