stt = [ 
    1  0.24173500E+00
    2  0.24167639E+00
    3  0.24149622E+00
    4  0.24119648E+00
    5  0.24077596E+00
    6  0.24023686E+00
    7  0.23958008E+00
    8  0.23880534E+00
    9  0.23791616E+00
   10  0.23691227E+00
   11  0.23579751E+00
   12  0.23457225E+00
   13  0.23323901E+00
   14  0.23180144E+00
   15  0.23026089E+00
   16  0.22862047E+00
   17  0.22688395E+00
   18  0.22505334E+00
   19  0.22313172E+00
   20  0.22112425E+00
   21  0.21903324E+00
   22  0.21686047E+00
   23  0.21461278E+00
   24  0.21229146E+00
   25  0.20990273E+00
   26  0.20744814E+00
   27  0.20493320E+00
   28  0.20236073E+00
   29  0.19973691E+00
   30  0.19706297E+00
   31  0.19434434E+00
   32  0.19158621E+00
   33  0.18879125E+00
   34  0.18596366E+00
   35  0.18310757E+00
   36  0.18022689E+00
   37  0.17732506E+00
   38  0.17440727E+00
   39  0.17147520E+00
   40  0.16853462E+00
   41  0.16558816E+00
   42  0.16263799E+00
   43  0.15968907E+00
   44  0.15674567E+00
   45  0.15380900E+00
   46  0.15088186E+00
   47  0.14796950E+00
   48  0.14507224E+00
   49  0.14219362E+00
   50  0.13933688E+00
   51  0.13650362E+00
   52  0.13369633E+00
   53  0.13091750E+00
   54  0.12816894E+00
   55  0.12545158E+00
   56  0.12276784E+00
   57  0.12011910E+00
   58  0.11750688E+00
   59  0.11493302E+00
   60  0.11239737E+00
   61  0.10990262E+00
   62  0.10744753E+00
   63  0.10503498E+00
   64  0.10266393E+00
   65  0.10033625E+00
   66  0.98051414E-01
   67  0.95809914E-01
   68  0.93612589E-01
   69  0.91458671E-01
   70  0.89348555E-01
   71  0.87282591E-01
   72  0.85259274E-01
   73  0.83279602E-01
   74  0.81343189E-01
   75  0.79448447E-01
   76  0.77596858E-01
   77  0.75785860E-01
   78  0.74016489E-01
   79  0.72287366E-01
   80  0.70597425E-01
   81  0.68946965E-01
   82  0.67335032E-01
   83  0.65759860E-01
   84  0.64222485E-01
   85  0.62720232E-01
   86  0.61253339E-01
   87  0.59820592E-01
   88  0.58421567E-01
   89  0.57055239E-01
   90  0.55720288E-01
   91  0.54416720E-01
   92  0.53143002E-01
   93  0.51898479E-01
   94  0.50683040E-01
   95  0.49494762E-01
   96  0.48333995E-01
   97  0.47198649E-01
   98  0.46089582E-01
   99  0.45004968E-01
  100  0.43944456E-01
  101  0.42907495E-01
  102  0.41892987E-01
  103  0.40900897E-01
  104  0.39929938E-01
  105  0.38980309E-01
  106  0.38050879E-01
  107  0.37141688E-01
  108  0.36251683E-01
  109  0.35380781E-01
  110  0.34528151E-01
  111  0.33693723E-01
  112  0.32877453E-01
  113  0.32078337E-01
  114  0.31296261E-01
  115  0.30530652E-01
  116  0.29781582E-01
  117  0.29048495E-01
  118  0.28331140E-01
  119  0.27629944E-01
  120  0.26943812E-01
  121  0.26272746E-01
  122  0.25616778E-01
  123  0.24975603E-01
  124  0.24348881E-01
  125  0.23736751E-01
  126  0.23138821E-01
  127  0.22555022E-01
  128  0.21985376E-01
  129  0.21429513E-01
  130  0.20887285E-01
  131  0.20358829E-01
  132  0.19843718E-01
  133  0.19342132E-01
  134  0.18853854E-01
  135  0.18378781E-01
  136  0.17916538E-01
  137  0.17467348E-01
  138  0.17031023E-01
  139  0.16607570E-01
  140  0.16196299E-01
  141  0.15797766E-01
  142  0.15411592E-01
  143  0.15037681E-01
  144  0.14675764E-01
  145  0.14326115E-01
  146  0.13988245E-01
  147  0.13661941E-01
  148  0.13347412E-01
  149  0.13044356E-01
  150  0.12752743E-01
  151  0.12472120E-01
  152  0.12202665E-01
  153  0.11944085E-01
  154  0.11696247E-01
  155  0.11459112E-01
  156  0.11232485E-01
  157  0.11016220E-01
  158  0.10809937E-01
  159  0.10613853E-01
  160  0.10427867E-01
  161  0.10251421E-01
  162  0.10084567E-01
  163  0.99272197E-02
  164  0.97793313E-02
  165  0.96406285E-02
  166  0.95110368E-02
  167  0.93904091E-02
  168  0.92786234E-02
  169  0.91756703E-02
  170  0.90811411E-02
  171  0.89954641E-02
  172  0.89180544E-02
  173  0.88491198E-02
  174  0.87885903E-02
  175  0.87361140E-02
  176  0.86918510E-02
  177  0.86558471E-02
  178  0.86278990E-02
  179  0.86078811E-02
  180  0.85959854E-02
  181  0.85922685E-02
  182  0.85965125E-02
  183  0.86087892E-02
  184  0.86288815E-02
  185  0.86573344E-02
  186  0.86936867E-02
  187  0.87382188E-02
  188  0.87909810E-02
  189  0.88519976E-02
  190  0.89212647E-02
  191  0.89989770E-02
  192  0.90850927E-02
  193  0.91798455E-02
  194  0.92831384E-02
  195  0.93953563E-02
  196  0.95164217E-02
  197  0.96464176E-02
  198  0.97854752E-02
  199  0.99337492E-02
  200  0.10091424E-01
  201  0.10258683E-01
  202  0.10435472E-01
  203  0.10622082E-01
  204  0.10818578E-01
  205  0.11025164E-01
  206  0.11241804E-01
  207  0.11469048E-01
  208  0.11706747E-01
  209  0.11954862E-01
  210  0.12213896E-01
  211  0.12483845E-01
  212  0.12764728E-01
  213  0.13057138E-01
  214  0.13360557E-01
  215  0.13675576E-01
  216  0.14002413E-01
  217  0.14340664E-01
  218  0.14691050E-01
  219  0.15053302E-01
  220  0.15427752E-01
  221  0.15814412E-01
  222  0.16213514E-01
  223  0.16625160E-01
  224  0.17049238E-01
  225  0.17486097E-01
  226  0.17935781E-01
  227  0.18398382E-01
  228  0.18874072E-01
  229  0.19363018E-01
  230  0.19865101E-01
  231  0.20380676E-01
  232  0.20909619E-01
  233  0.21452177E-01
  234  0.22008566E-01
  235  0.22578755E-01
  236  0.23162970E-01
  237  0.23761226E-01
  238  0.24373868E-01
  239  0.25000868E-01
  240  0.25642399E-01
  241  0.26298873E-01
  242  0.26970167E-01
  243  0.27656794E-01
  244  0.28358346E-01
  245  0.29075868E-01
  246  0.29808979E-01
  247  0.30558284E-01
  248  0.31324033E-01
  249  0.32106292E-01
  250  0.32905642E-01
  251  0.33722244E-01
  252  0.34556486E-01
  253  0.35408847E-01
  254  0.36279697E-01
  255  0.37169468E-01
  256  0.38078729E-01
  257  0.39007593E-01
  258  0.39957415E-01
  259  0.40927518E-01
  260  0.41919488E-01
  261  0.42933203E-01
  262  0.43970130E-01
  263  0.45030005E-01
  264  0.46114005E-01
  265  0.47222707E-01
  266  0.48356950E-01
  267  0.49517363E-01
  268  0.50704535E-01
  269  0.51919159E-01
  270  0.53162392E-01
  271  0.54435115E-01
  272  0.55737820E-01
  273  0.57071656E-01
  274  0.58436759E-01
  275  0.59834093E-01
  276  0.61266124E-01
  277  0.62731273E-01
  278  0.64231761E-01
  279  0.65767661E-01
  280  0.67341097E-01
  281  0.68951689E-01
  282  0.70600651E-01
  283  0.72288319E-01
  284  0.74015684E-01
  285  0.75783499E-01
  286  0.77592067E-01
  287  0.79442315E-01
  288  0.81334963E-01
  289  0.83269194E-01
  290  0.85246548E-01
  291  0.87267533E-01
  292  0.89331746E-01
  293  0.91439724E-01
  294  0.93591437E-01
  295  0.95786780E-01
  296  0.98025896E-01
  297  0.10030805E+00
  298  0.10263314E+00
  299  0.10500201E+00
  300  0.10741198E+00
  301  0.10986456E+00
  302  0.11235787E+00
  303  0.11489098E+00
  304  0.11746295E+00
  305  0.12007373E+00
  306  0.12271973E+00
  307  0.12540105E+00
  308  0.12811686E+00
  309  0.13086295E+00
  310  0.13364057E+00
  311  0.13644585E+00
  312  0.13927776E+00
  313  0.14213224E+00
  314  0.14500931E+00
  315  0.14790444E+00
  316  0.15081608E+00
  317  0.15374106E+00
  318  0.15667680E+00
  319  0.15962008E+00
  320  0.16256768E+00
  321  0.16551660E+00
  322  0.16846263E+00
  323  0.17140348E+00
  324  0.17433384E+00
  325  0.17725274E+00
  326  0.18015358E+00
  327  0.18303472E+00
  328  0.18589085E+00
  329  0.18871930E+00
  330  0.19151345E+00
  331  0.19427387E+00
  332  0.19699194E+00
  333  0.19966610E+00
  334  0.20229171E+00
  335  0.20486498E+00
  336  0.20738140E+00
  337  0.20983745E+00
  338  0.21222830E+00
  339  0.21455108E+00
  340  0.21680097E+00
  341  0.21897361E+00
  342  0.22106829E+00
  343  0.22307919E+00
  344  0.22500242E+00
  345  0.22683503E+00
  346  0.22857465E+00
  347  0.23021765E+00
  348  0.23175991E+00
  349  0.23320168E+00
  350  0.23453747E+00
  351  0.23576437E+00
  352  0.23688331E+00
  353  0.23788972E+00
  354  0.23878331E+00
  355  0.23955911E+00
  356  0.24022046E+00
  357  0.24076320E+00
  358  0.24118608E+00
  359  0.24148981E+00
  360  0.24167205E+00
 ]; 
