stt = [ 
    1  0.24173717E+00
    2  0.24167730E+00
    3  0.24149562E+00
    4  0.24119274E+00
    5  0.24077021E+00
    6  0.24022870E+00
    7  0.23956868E+00
    8  0.23879117E+00
    9  0.23789872E+00
   10  0.23689237E+00
   11  0.23577285E+00
   12  0.23454396E+00
   13  0.23320653E+00
   14  0.23176506E+00
   15  0.23021942E+00
   16  0.22857636E+00
   17  0.22683509E+00
   18  0.22500022E+00
   19  0.22307453E+00
   20  0.22106130E+00
   21  0.21896347E+00
   22  0.21678798E+00
   23  0.21453479E+00
   24  0.21220870E+00
   25  0.20981438E+00
   26  0.20735523E+00
   27  0.20483463E+00
   28  0.20225696E+00
   29  0.19962780E+00
   30  0.19694933E+00
   31  0.19422615E+00
   32  0.19146276E+00
   33  0.18866268E+00
   34  0.18583001E+00
   35  0.18296862E+00
   36  0.18008330E+00
   37  0.17717704E+00
   38  0.17425440E+00
   39  0.17131820E+00
   40  0.16837251E+00
   41  0.16542049E+00
   42  0.16246755E+00
   43  0.15951477E+00
   44  0.15656675E+00
   45  0.15362616E+00
   46  0.15069671E+00
   47  0.14778002E+00
   48  0.14487986E+00
   49  0.14199889E+00
   50  0.13913919E+00
   51  0.13630320E+00
   52  0.13349386E+00
   53  0.13071261E+00
   54  0.12796107E+00
   55  0.12524165E+00
   56  0.12255643E+00
   57  0.11990705E+00
   58  0.11729362E+00
   59  0.11471822E+00
   60  0.11218212E+00
   61  0.10968617E+00
   62  0.10723107E+00
   63  0.10481726E+00
   64  0.10244724E+00
   65  0.10011949E+00
   66  0.97835019E-01
   67  0.95593706E-01
   68  0.93396939E-01
   69  0.91243692E-01
   70  0.89134537E-01
   71  0.87069377E-01
   72  0.85047685E-01
   73  0.83069190E-01
   74  0.81134260E-01
   75  0.79241306E-01
   76  0.77390902E-01
   77  0.75582445E-01
   78  0.73814504E-01
   79  0.72087325E-01
   80  0.70399635E-01
   81  0.68751618E-01
   82  0.67141615E-01
   83  0.65569408E-01
   84  0.64033896E-01
   85  0.62534593E-01
   86  0.61069641E-01
   87  0.59639663E-01
   88  0.58243010E-01
   89  0.56879278E-01
   90  0.55547163E-01
   91  0.54246560E-01
   92  0.52975260E-01
   93  0.51733922E-01
   94  0.50521020E-01
   95  0.49335785E-01
   96  0.48177641E-01
   97  0.47045425E-01
   98  0.45939341E-01
   99  0.44856995E-01
  100  0.43799464E-01
  101  0.42764932E-01
  102  0.41753389E-01
  103  0.40763952E-01
  104  0.39795943E-01
  105  0.38848728E-01
  106  0.37922438E-01
  107  0.37015650E-01
  108  0.36128152E-01
  109  0.35259731E-01
  110  0.34409676E-01
  111  0.33577744E-01
  112  0.32763761E-01
  113  0.31966522E-01
  114  0.31186815E-01
  115  0.30423824E-01
  116  0.29676849E-01
  117  0.28946202E-01
  118  0.28231239E-01
  119  0.27531603E-01
  120  0.26847495E-01
  121  0.26178546E-01
  122  0.25524389E-01
  123  0.24884971E-01
  124  0.24259988E-01
  125  0.23649637E-01
  126  0.23053469E-01
  127  0.22471238E-01
  128  0.21902949E-01
  129  0.21348679E-01
  130  0.20807970E-01
  131  0.20280929E-01
  132  0.19767055E-01
  133  0.19266689E-01
  134  0.18779695E-01
  135  0.18305551E-01
  136  0.17844668E-01
  137  0.17396508E-01
  138  0.16961178E-01
  139  0.16538294E-01
  140  0.16128397E-01
  141  0.15730580E-01
  142  0.15345449E-01
  143  0.14972229E-01
  144  0.14611175E-01
  145  0.14262176E-01
  146  0.13924826E-01
  147  0.13599293E-01
  148  0.13285360E-01
  149  0.12982927E-01
  150  0.12691570E-01
  151  0.12411547E-01
  152  0.12142604E-01
  153  0.11884511E-01
  154  0.11637161E-01
  155  0.11400557E-01
  156  0.11174057E-01
  157  0.10958031E-01
  158  0.10752211E-01
  159  0.10556365E-01
  160  0.10370573E-01
  161  0.10194216E-01
  162  0.10027782E-01
  163  0.98708319E-02
  164  0.97229863E-02
  165  0.95844660E-02
  166  0.94549302E-02
  167  0.93344674E-02
  168  0.92227459E-02
  169  0.91198189E-02
  170  0.90256520E-02
  171  0.89398650E-02
  172  0.88625597E-02
  173  0.87937405E-02
  174  0.87330220E-02
  175  0.86807357E-02
  176  0.86363601E-02
  177  0.86003356E-02
  178  0.85723139E-02
  179  0.85523305E-02
  180  0.85404376E-02
  181  0.85365251E-02
  182  0.85405027E-02
  183  0.85527031E-02
  184  0.85727945E-02
  185  0.86010611E-02
  186  0.86372290E-02
  187  0.86816233E-02
  188  0.87340726E-02
  189  0.87948684E-02
  190  0.88639064E-02
  191  0.89413263E-02
  192  0.90271737E-02
  193  0.91216480E-02
  194  0.92247231E-02
  195  0.93365693E-02
  196  0.94571849E-02
  197  0.95868818E-02
  198  0.97256266E-02
  199  0.98734498E-02
  200  0.10030772E-01
  201  0.10197516E-01
  202  0.10373875E-01
  203  0.10559902E-01
  204  0.10755857E-01
  205  0.10961866E-01
  206  0.11178079E-01
  207  0.11404469E-01
  208  0.11641539E-01
  209  0.11889068E-01
  210  0.12147314E-01
  211  0.12416655E-01
  212  0.12696647E-01
  213  0.12988104E-01
  214  0.13290921E-01
  215  0.13605164E-01
  216  0.13930757E-01
  217  0.14268328E-01
  218  0.14617410E-01
  219  0.14978749E-01
  220  0.15352168E-01
  221  0.15737586E-01
  222  0.16135482E-01
  223  0.16545864E-01
  224  0.16968725E-01
  225  0.17404318E-01
  226  0.17852534E-01
  227  0.18313508E-01
  228  0.18787988E-01
  229  0.19275198E-01
  230  0.19775758E-01
  231  0.20289628E-01
  232  0.20816799E-01
  233  0.21357685E-01
  234  0.21912340E-01
  235  0.22480628E-01
  236  0.23063129E-01
  237  0.23659350E-01
  238  0.24269957E-01
  239  0.24894949E-01
  240  0.25534445E-01
  241  0.26188653E-01
  242  0.26857803E-01
  243  0.27542027E-01
  244  0.28241534E-01
  245  0.28956581E-01
  246  0.29687420E-01
  247  0.30434543E-01
  248  0.31197669E-01
  249  0.31977657E-01
  250  0.32774486E-01
  251  0.33588622E-01
  252  0.34420531E-01
  253  0.35270452E-01
  254  0.36138907E-01
  255  0.37026327E-01
  256  0.37932970E-01
  257  0.38859561E-01
  258  0.39806671E-01
  259  0.40774625E-01
  260  0.41763961E-01
  261  0.42775594E-01
  262  0.43810040E-01
  263  0.44867605E-01
  264  0.45949332E-01
  265  0.47055792E-01
  266  0.48187736E-01
  267  0.49346019E-01
  268  0.50531276E-01
  269  0.51744021E-01
  270  0.52985050E-01
  271  0.54256212E-01
  272  0.55556998E-01
  273  0.56888971E-01
  274  0.58252659E-01
  275  0.59648518E-01
  276  0.61078954E-01
  277  0.62543318E-01
  278  0.64042322E-01
  279  0.65577768E-01
  280  0.67149796E-01
  281  0.68759583E-01
  282  0.70407234E-01
  283  0.72094955E-01
  284  0.73822185E-01
  285  0.75589620E-01
  286  0.77398159E-01
  287  0.79248287E-01
  288  0.81140794E-01
  289  0.83076119E-01
  290  0.85054003E-01
  291  0.87075345E-01
  292  0.89141116E-01
  293  0.91249727E-01
  294  0.93402483E-01
  295  0.95599823E-01
  296  0.97840168E-01
  297  0.10012422E+00
  298  0.10245220E+00
  299  0.10482235E+00
  300  0.10723553E+00
  301  0.10969028E+00
  302  0.11218654E+00
  303  0.11472208E+00
  304  0.11729751E+00
  305  0.11991050E+00
  306  0.12256042E+00
  307  0.12524548E+00
  308  0.12796448E+00
  309  0.13071546E+00
  310  0.13349637E+00
  311  0.13630591E+00
  312  0.13914223E+00
  313  0.14200091E+00
  314  0.14488198E+00
  315  0.14778200E+00
  316  0.15069826E+00
  317  0.15362799E+00
  318  0.15656877E+00
  319  0.15951693E+00
  320  0.16246940E+00
  321  0.16542248E+00
  322  0.16837357E+00
  323  0.17131874E+00
  324  0.17425475E+00
  325  0.17717777E+00
  326  0.18008450E+00
  327  0.18297014E+00
  328  0.18583104E+00
  329  0.18866386E+00
  330  0.19146344E+00
  331  0.19422764E+00
  332  0.19694977E+00
  333  0.19962902E+00
  334  0.20225918E+00
  335  0.20483598E+00
  336  0.20735621E+00
  337  0.20981528E+00
  338  0.21220955E+00
  339  0.21453536E+00
  340  0.21678825E+00
  341  0.21896535E+00
  342  0.22106135E+00
  343  0.22307430E+00
  344  0.22500044E+00
  345  0.22683559E+00
  346  0.22857694E+00
  347  0.23022154E+00
  348  0.23176542E+00
  349  0.23320802E+00
  350  0.23454486E+00
  351  0.23577277E+00
  352  0.23689224E+00
  353  0.23789841E+00
  354  0.23879164E+00
  355  0.23956865E+00
  356  0.24022867E+00
  357  0.24077035E+00
  358  0.24119262E+00
  359  0.24149525E+00
  360  0.24167687E+00
 ]; 
