spt = [ 
    1  0.48030429E-08
    2  0.47183648E-08
    3  0.46288138E-08
    4  0.45402575E-08
    5  0.44611039E-08
    6  0.43813864E-08
    7  0.42952637E-08
    8  0.42141592E-08
    9  0.41329273E-08
   10  0.40517087E-08
   11  0.39789185E-08
   12  0.38962469E-08
   13  0.38187977E-08
   14  0.37449093E-08
   15  0.36678098E-08
   16  0.35899419E-08
   17  0.35117247E-08
   18  0.34435448E-08
   19  0.33714580E-08
   20  0.32948346E-08
   21  0.32203908E-08
   22  0.31486287E-08
   23  0.30726621E-08
   24  0.29994742E-08
   25  0.29249081E-08
   26  0.28538700E-08
   27  0.27854232E-08
   28  0.27087816E-08
   29  0.26406521E-08
   30  0.25734226E-08
   31  0.24936246E-08
   32  0.24257236E-08
   33  0.23594291E-08
   34  0.22880224E-08
   35  0.22201074E-08
   36  0.21529736E-08
   37  0.20823450E-08
   38  0.20142108E-08
   39  0.19454187E-08
   40  0.18801329E-08
   41  0.18157960E-08
   42  0.17492590E-08
   43  0.16834979E-08
   44  0.16271381E-08
   45  0.15658856E-08
   46  0.15026126E-08
   47  0.14447762E-08
   48  0.13864345E-08
   49  0.13325209E-08
   50  0.12734463E-08
   51  0.12222791E-08
   52  0.11706786E-08
   53  0.11216555E-08
   54  0.10742669E-08
   55  0.10273756E-08
   56  0.98285524E-09
   57  0.94186203E-09
   58  0.89832464E-09
   59  0.86132584E-09
   60  0.82442242E-09
   61  0.78776086E-09
   62  0.75334183E-09
   63  0.72038936E-09
   64  0.68845457E-09
   65  0.66504485E-09
   66  0.63593936E-09
   67  0.61188482E-09
   68  0.58658933E-09
   69  0.56412996E-09
   70  0.54489330E-09
   71  0.52359073E-09
   72  0.50916243E-09
   73  0.49250298E-09
   74  0.47687548E-09
   75  0.46006207E-09
   76  0.44947374E-09
   77  0.43545939E-09
   78  0.42846729E-09
   79  0.41545486E-09
   80  0.40317436E-09
   81  0.40023712E-09
   82  0.39125359E-09
   83  0.38302864E-09
   84  0.38018855E-09
   85  0.37631179E-09
   86  0.37176387E-09
   87  0.37068998E-09
   88  0.36782677E-09
   89  0.36497722E-09
   90  0.36374245E-09
   91  0.36370920E-09
   92  0.36453737E-09
   93  0.36649209E-09
   94  0.36868722E-09
   95  0.37193418E-09
   96  0.37478293E-09
   97  0.38081557E-09
   98  0.38576553E-09
   99  0.39584741E-09
  100  0.40261655E-09
  101  0.41036402E-09
  102  0.42041221E-09
  103  0.43269874E-09
  104  0.44901996E-09
  105  0.46256998E-09
  106  0.47874160E-09
  107  0.49624027E-09
  108  0.51580318E-09
  109  0.53529453E-09
  110  0.56275601E-09
  111  0.58390481E-09
  112  0.61165151E-09
  113  0.63867506E-09
  114  0.66623951E-09
  115  0.69733558E-09
  116  0.73424683E-09
  117  0.77043788E-09
  118  0.80773954E-09
  119  0.84996710E-09
  120  0.89076385E-09
  121  0.93302732E-09
  122  0.97902175E-09
  123  0.10250283E-08
  124  0.10717676E-08
  125  0.11217220E-08
  126  0.11778987E-08
  127  0.12253322E-08
  128  0.12817633E-08
  129  0.13366893E-08
  130  0.13941927E-08
  131  0.14538610E-08
  132  0.15102729E-08
  133  0.15722534E-08
  134  0.16305511E-08
  135  0.16964328E-08
  136  0.17530648E-08
  137  0.18155504E-08
  138  0.18754234E-08
  139  0.19400459E-08
  140  0.19997977E-08
  141  0.20599038E-08
  142  0.21223443E-08
  143  0.21852375E-08
  144  0.22465620E-08
  145  0.23075259E-08
  146  0.23657731E-08
  147  0.24295925E-08
  148  0.24843625E-08
  149  0.25450817E-08
  150  0.25999132E-08
  151  0.26575273E-08
  152  0.27111888E-08
  153  0.27651426E-08
  154  0.28180951E-08
  155  0.28713212E-08
  156  0.29221885E-08
  157  0.29725262E-08
  158  0.30212526E-08
  159  0.30687048E-08
  160  0.31162004E-08
  161  0.31640310E-08
  162  0.32092173E-08
  163  0.32533602E-08
  164  0.32989746E-08
  165  0.33424670E-08
  166  0.33883008E-08
  167  0.34307075E-08
  168  0.34706760E-08
  169  0.35129291E-08
  170  0.35553482E-08
  171  0.35963614E-08
  172  0.36369485E-08
  173  0.36774723E-08
  174  0.37193308E-08
  175  0.37603698E-08
  176  0.38020023E-08
  177  0.38433914E-08
  178  0.38854289E-08
  179  0.39282981E-08
  180  0.39701491E-08
  181  0.40154577E-08
  182  0.40601620E-08
  183  0.41035180E-08
  184  0.41473132E-08
  185  0.41947836E-08
  186  0.42411177E-08
  187  0.42894772E-08
  188  0.43390607E-08
  189  0.43863611E-08
  190  0.44365103E-08
  191  0.44858495E-08
  192  0.45365605E-08
  193  0.45912065E-08
  194  0.46445168E-08
  195  0.46990922E-08
  196  0.47516089E-08
  197  0.48109374E-08
  198  0.48657958E-08
  199  0.49241624E-08
  200  0.49802202E-08
  201  0.50344755E-08
  202  0.50954228E-08
  203  0.51547100E-08
  204  0.52141447E-08
  205  0.52762728E-08
  206  0.53327187E-08
  207  0.53918177E-08
  208  0.54477782E-08
  209  0.55089702E-08
  210  0.55645386E-08
  211  0.56246923E-08
  212  0.56815925E-08
  213  0.57379625E-08
  214  0.57923968E-08
  215  0.58482423E-08
  216  0.59026055E-08
  217  0.59513940E-08
  218  0.60068648E-08
  219  0.60548269E-08
  220  0.61057124E-08
  221  0.61478387E-08
  222  0.61920655E-08
  223  0.62341052E-08
  224  0.62758718E-08
  225  0.63170598E-08
  226  0.63552785E-08
  227  0.63866730E-08
  228  0.64186478E-08
  229  0.64522254E-08
  230  0.64799690E-08
  231  0.65098771E-08
  232  0.65282131E-08
  233  0.65563923E-08
  234  0.65791785E-08
  235  0.65966330E-08
  236  0.66128112E-08
  237  0.66257129E-08
  238  0.66434476E-08
  239  0.66527819E-08
  240  0.66519896E-08
  241  0.66774692E-08
  242  0.66740657E-08
  243  0.66827313E-08
  244  0.66828503E-08
  245  0.66959167E-08
  246  0.66986394E-08
  247  0.67077401E-08
  248  0.67129857E-08
  249  0.67110832E-08
  250  0.67168018E-08
  251  0.67097417E-08
  252  0.67218693E-08
  253  0.67211610E-08
  254  0.67332242E-08
  255  0.67402968E-08
  256  0.67457773E-08
  257  0.67414412E-08
  258  0.67644241E-08
  259  0.67642292E-08
  260  0.67791923E-08
  261  0.67934436E-08
  262  0.68021273E-08
  263  0.68242594E-08
  264  0.68328654E-08
  265  0.68505028E-08
  266  0.68697927E-08
  267  0.69073134E-08
  268  0.69211987E-08
  269  0.69476203E-08
  270  0.69769803E-08
  271  0.70104416E-08
  272  0.70290160E-08
  273  0.70681199E-08
  274  0.71123334E-08
  275  0.71407600E-08
  276  0.71917636E-08
  277  0.72248167E-08
  278  0.72742936E-08
  279  0.73241018E-08
  280  0.73595765E-08
  281  0.74180337E-08
  282  0.74682118E-08
  283  0.75063484E-08
  284  0.75691995E-08
  285  0.76179001E-08
  286  0.76619191E-08
  287  0.77217575E-08
  288  0.77739255E-08
  289  0.78284392E-08
  290  0.78863946E-08
  291  0.79309155E-08
  292  0.79858467E-08
  293  0.80398515E-08
  294  0.80914608E-08
  295  0.81505718E-08
  296  0.81955598E-08
  297  0.82488487E-08
  298  0.82776808E-08
  299  0.83279250E-08
  300  0.83590654E-08
  301  0.84029246E-08
  302  0.84359408E-08
  303  0.84701925E-08
  304  0.84967944E-08
  305  0.85190539E-08
  306  0.85474499E-08
  307  0.85625889E-08
  308  0.85775032E-08
  309  0.85744185E-08
  310  0.85913028E-08
  311  0.85787724E-08
  312  0.85865226E-08
  313  0.85795300E-08
  314  0.85598337E-08
  315  0.85467473E-08
  316  0.85213125E-08
  317  0.84874170E-08
  318  0.84665110E-08
  319  0.84267668E-08
  320  0.83926999E-08
  321  0.83394376E-08
  322  0.82906162E-08
  323  0.82472047E-08
  324  0.81719840E-08
  325  0.81253599E-08
  326  0.80472953E-08
  327  0.79809332E-08
  328  0.79089224E-08
  329  0.78390112E-08
  330  0.77540445E-08
  331  0.76799340E-08
  332  0.75935018E-08
  333  0.75045934E-08
  334  0.74158590E-08
  335  0.73282451E-08
  336  0.72272712E-08
  337  0.71354220E-08
  338  0.70363071E-08
  339  0.69432153E-08
  340  0.68363923E-08
  341  0.67450792E-08
  342  0.66387402E-08
  343  0.65400756E-08
  344  0.64372698E-08
  345  0.63352528E-08
  346  0.62349668E-08
  347  0.61317595E-08
  348  0.60340328E-08
  349  0.59353833E-08
  350  0.58363292E-08
  351  0.57379883E-08
  352  0.56405702E-08
  353  0.55424692E-08
  354  0.54484630E-08
  355  0.53463216E-08
  356  0.52584492E-08
  357  0.51602012E-08
  358  0.50710751E-08
  359  0.49756235E-08
  360  0.48927369E-08
 ]; 
