stt = [ 
    1  0.24183558E+00
    2  0.24177797E+00
    3  0.24159782E+00
    4  0.24129854E+00
    5  0.24087878E+00
    6  0.24033986E+00
    7  0.23968315E+00
    8  0.23890993E+00
    9  0.23802046E+00
   10  0.23701718E+00
   11  0.23590203E+00
   12  0.23467737E+00
   13  0.23334493E+00
   14  0.23190738E+00
   15  0.23036663E+00
   16  0.22872676E+00
   17  0.22698937E+00
   18  0.22515896E+00
   19  0.22323805E+00
   20  0.22123025E+00
   21  0.21913785E+00
   22  0.21696666E+00
   23  0.21471842E+00
   24  0.21239753E+00
   25  0.21000762E+00
   26  0.20755368E+00
   27  0.20503844E+00
   28  0.20246635E+00
   29  0.19984175E+00
   30  0.19716901E+00
   31  0.19445035E+00
   32  0.19169168E+00
   33  0.18889685E+00
   34  0.18606877E+00
   35  0.18321273E+00
   36  0.18033186E+00
   37  0.17743060E+00
   38  0.17451237E+00
   39  0.17157996E+00
   40  0.16863932E+00
   41  0.16569276E+00
   42  0.16274363E+00
   43  0.15979594E+00
   44  0.15685123E+00
   45  0.15391469E+00
   46  0.15098841E+00
   47  0.14807604E+00
   48  0.14517868E+00
   49  0.14230119E+00
   50  0.13944446E+00
   51  0.13661189E+00
   52  0.13380465E+00
   53  0.13102600E+00
   54  0.12827730E+00
   55  0.12556024E+00
   56  0.12287677E+00
   57  0.12022851E+00
   58  0.11761681E+00
   59  0.11504262E+00
   60  0.11250739E+00
   61  0.11001270E+00
   62  0.10755844E+00
   63  0.10514615E+00
   64  0.10277550E+00
   65  0.10044751E+00
   66  0.98162860E-01
   67  0.95921755E-01
   68  0.93724638E-01
   69  0.91570415E-01
   70  0.89460328E-01
   71  0.87394223E-01
   72  0.85371368E-01
   73  0.83391391E-01
   74  0.81454515E-01
   75  0.79560138E-01
   76  0.77707864E-01
   77  0.75897068E-01
   78  0.74127026E-01
   79  0.72397813E-01
   80  0.70707649E-01
   81  0.69056809E-01
   82  0.67443997E-01
   83  0.65868795E-01
   84  0.64330019E-01
   85  0.62827714E-01
   86  0.61360177E-01
   87  0.59926789E-01
   88  0.58526948E-01
   89  0.57159893E-01
   90  0.55824116E-01
   91  0.54519828E-01
   92  0.53245354E-01
   93  0.52000109E-01
   94  0.50783366E-01
   95  0.49594838E-01
   96  0.48432790E-01
   97  0.47296867E-01
   98  0.46186421E-01
   99  0.45100767E-01
  100  0.44039398E-01
  101  0.43001261E-01
  102  0.41985866E-01
  103  0.40992551E-01
  104  0.40020742E-01
  105  0.39070021E-01
  106  0.38139831E-01
  107  0.37229247E-01
  108  0.36338296E-01
  109  0.35466310E-01
  110  0.34612894E-01
  111  0.33777520E-01
  112  0.32960013E-01
  113  0.32159619E-01
  114  0.31376734E-01
  115  0.30609982E-01
  116  0.29860316E-01
  117  0.29126076E-01
  118  0.28408220E-01
  119  0.27705755E-01
  120  0.27018692E-01
  121  0.26346758E-01
  122  0.25689995E-01
  123  0.25047915E-01
  124  0.24420511E-01
  125  0.23807554E-01
  126  0.23208767E-01
  127  0.22624373E-01
  128  0.22053929E-01
  129  0.21497332E-01
  130  0.20954536E-01
  131  0.20425424E-01
  132  0.19909650E-01
  133  0.19407470E-01
  134  0.18918665E-01
  135  0.18442772E-01
  136  0.17980125E-01
  137  0.17530464E-01
  138  0.17093545E-01
  139  0.16669258E-01
  140  0.16257778E-01
  141  0.15858812E-01
  142  0.15472273E-01
  143  0.15098040E-01
  144  0.14735747E-01
  145  0.14385599E-01
  146  0.14047374E-01
  147  0.13720862E-01
  148  0.13405938E-01
  149  0.13102576E-01
  150  0.12810593E-01
  151  0.12529758E-01
  152  0.12259981E-01
  153  0.12001220E-01
  154  0.11753125E-01
  155  0.11515846E-01
  156  0.11289043E-01
  157  0.11072526E-01
  158  0.10866164E-01
  159  0.10669814E-01
  160  0.10483543E-01
  161  0.10306915E-01
  162  0.10140151E-01
  163  0.99826362E-02
  164  0.98346435E-02
  165  0.96956817E-02
  166  0.95660537E-02
  167  0.94452286E-02
  168  0.93333358E-02
  169  0.92302887E-02
  170  0.91358200E-02
  171  0.90498300E-02
  172  0.89724567E-02
  173  0.89034364E-02
  174  0.88427737E-02
  175  0.87903133E-02
  176  0.87460093E-02
  177  0.87099327E-02
  178  0.86817956E-02
  179  0.86617423E-02
  180  0.86498633E-02
  181  0.86460505E-02
  182  0.86502014E-02
  183  0.86622518E-02
  184  0.86823683E-02
  185  0.87106135E-02
  186  0.87471055E-02
  187  0.87915882E-02
  188  0.88442173E-02
  189  0.89051239E-02
  190  0.89743901E-02
  191  0.90521565E-02
  192  0.91381967E-02
  193  0.92328321E-02
  194  0.93361447E-02
  195  0.94482685E-02
  196  0.95691811E-02
  197  0.96991602E-02
  198  0.98382328E-02
  199  0.99865180E-02
  200  0.10144180E-01
  201  0.10311368E-01
  202  0.10488162E-01
  203  0.10674706E-01
  204  0.10871288E-01
  205  0.11077890E-01
  206  0.11294598E-01
  207  0.11521837E-01
  208  0.11759507E-01
  209  0.12007781E-01
  210  0.12266798E-01
  211  0.12536788E-01
  212  0.12817941E-01
  213  0.13110323E-01
  214  0.13414002E-01
  215  0.13729089E-01
  216  0.14056003E-01
  217  0.14394712E-01
  218  0.14745010E-01
  219  0.15107761E-01
  220  0.15482386E-01
  221  0.15869506E-01
  222  0.16268790E-01
  223  0.16680632E-01
  224  0.17105166E-01
  225  0.17542645E-01
  226  0.17992768E-01
  227  0.18455975E-01
  228  0.18932005E-01
  229  0.19421510E-01
  230  0.19924404E-01
  231  0.20440286E-01
  232  0.20970428E-01
  233  0.21513730E-01
  234  0.22070726E-01
  235  0.22641828E-01
  236  0.23226649E-01
  237  0.23825914E-01
  238  0.24439463E-01
  239  0.25067627E-01
  240  0.25710141E-01
  241  0.26367571E-01
  242  0.27039835E-01
  243  0.27727412E-01
  244  0.28430412E-01
  245  0.29149033E-01
  246  0.29883265E-01
  247  0.30633863E-01
  248  0.31400919E-01
  249  0.32184493E-01
  250  0.32985166E-01
  251  0.33803102E-01
  252  0.34638874E-01
  253  0.35492420E-01
  254  0.36364820E-01
  255  0.37255995E-01
  256  0.38166620E-01
  257  0.39097134E-01
  258  0.40047910E-01
  259  0.41019619E-01
  260  0.42013034E-01
  261  0.43028545E-01
  262  0.44066429E-01
  263  0.45127664E-01
  264  0.46213120E-01
  265  0.47322940E-01
  266  0.48458368E-01
  267  0.49619958E-01
  268  0.50808448E-01
  269  0.52024160E-01
  270  0.53268418E-01
  271  0.54542512E-01
  272  0.55845831E-01
  273  0.57180468E-01
  274  0.58546908E-01
  275  0.59945740E-01
  276  0.61377369E-01
  277  0.62843509E-01
  278  0.64344220E-01
  279  0.65881573E-01
  280  0.67455038E-01
  281  0.69066070E-01
  282  0.70715599E-01
  283  0.72403163E-01
  284  0.74130826E-01
  285  0.75898744E-01
  286  0.77707782E-01
  287  0.79557650E-01
  288  0.81449665E-01
  289  0.83384305E-01
  290  0.85360959E-01
  291  0.87381601E-01
  292  0.89445241E-01
  293  0.91552846E-01
  294  0.93704037E-01
  295  0.95898658E-01
  296  0.98136872E-01
  297  0.10041827E+00
  298  0.10274330E+00
  299  0.10511120E+00
  300  0.10752036E+00
  301  0.10997178E+00
  302  0.11246365E+00
  303  0.11499574E+00
  304  0.11756688E+00
  305  0.12017585E+00
  306  0.12282095E+00
  307  0.12550205E+00
  308  0.12821567E+00
  309  0.13096172E+00
  310  0.13373744E+00
  311  0.13654231E+00
  312  0.13937299E+00
  313  0.14222685E+00
  314  0.14510171E+00
  315  0.14799644E+00
  316  0.15090734E+00
  317  0.15383145E+00
  318  0.15676555E+00
  319  0.15970850E+00
  320  0.16265523E+00
  321  0.16560270E+00
  322  0.16854860E+00
  323  0.17148849E+00
  324  0.17441866E+00
  325  0.17733710E+00
  326  0.18023777E+00
  327  0.18311828E+00
  328  0.18597494E+00
  329  0.18880135E+00
  330  0.19159740E+00
  331  0.19435678E+00
  332  0.19707598E+00
  333  0.19974963E+00
  334  0.20237638E+00
  335  0.20494814E+00
  336  0.20746444E+00
  337  0.20992111E+00
  338  0.21231270E+00
  339  0.21463509E+00
  340  0.21688554E+00
  341  0.21906014E+00
  342  0.22115444E+00
  343  0.22316587E+00
  344  0.22508949E+00
  345  0.22692384E+00
  346  0.22866423E+00
  347  0.23030692E+00
  348  0.23185107E+00
  349  0.23329239E+00
  350  0.23462890E+00
  351  0.23585820E+00
  352  0.23697734E+00
  353  0.23798420E+00
  354  0.23887806E+00
  355  0.23965739E+00
  356  0.24031687E+00
  357  0.24086091E+00
  358  0.24128443E+00
  359  0.24158908E+00
  360  0.24177216E+00
 ]; 
