stt = [ 
    1  0.24160624E+00
    2  0.24154569E+00
    3  0.24136463E+00
    4  0.24106185E+00
    5  0.24064082E+00
    6  0.24009950E+00
    7  0.23944132E+00
    8  0.23866545E+00
    9  0.23777390E+00
   10  0.23676932E+00
   11  0.23565397E+00
   12  0.23442759E+00
   13  0.23309299E+00
   14  0.23165365E+00
   15  0.23011383E+00
   16  0.22847131E+00
   17  0.22673526E+00
   18  0.22490332E+00
   19  0.22298175E+00
   20  0.22097291E+00
   21  0.21888044E+00
   22  0.21670818E+00
   23  0.21446049E+00
   24  0.21214007E+00
   25  0.20974994E+00
   26  0.20729531E+00
   27  0.20478061E+00
   28  0.20220879E+00
   29  0.19958462E+00
   30  0.19691162E+00
   31  0.19419400E+00
   32  0.19143489E+00
   33  0.18864046E+00
   34  0.18581349E+00
   35  0.18295750E+00
   36  0.18007691E+00
   37  0.17717582E+00
   38  0.17425844E+00
   39  0.17132673E+00
   40  0.16838670E+00
   41  0.16544020E+00
   42  0.16249134E+00
   43  0.15954322E+00
   44  0.15659985E+00
   45  0.15366358E+00
   46  0.15073760E+00
   47  0.14782506E+00
   48  0.14492822E+00
   49  0.14205045E+00
   50  0.13919470E+00
   51  0.13636193E+00
   52  0.13355510E+00
   53  0.13077666E+00
   54  0.12802787E+00
   55  0.12531057E+00
   56  0.12262792E+00
   57  0.11997917E+00
   58  0.11736833E+00
   59  0.11479433E+00
   60  0.11225889E+00
   61  0.10976401E+00
   62  0.10731032E+00
   63  0.10489751E+00
   64  0.10252684E+00
   65  0.10019988E+00
   66  0.97915262E-01
   67  0.95673926E-01
   68  0.93476683E-01
   69  0.91323055E-01
   70  0.89213900E-01
   71  0.87147467E-01
   72  0.85125163E-01
   73  0.83146319E-01
   74  0.81209697E-01
   75  0.79316102E-01
   76  0.77463984E-01
   77  0.75653657E-01
   78  0.73884830E-01
   79  0.72155774E-01
   80  0.70466891E-01
   81  0.68816870E-01
   82  0.67204952E-01
   83  0.65630428E-01
   84  0.64093381E-01
   85  0.62591776E-01
   86  0.61125528E-01
   87  0.59693802E-01
   88  0.58294699E-01
   89  0.56929100E-01
   90  0.55594668E-01
   91  0.54291923E-01
   92  0.53018611E-01
   93  0.51775038E-01
   94  0.50560072E-01
   95  0.49372680E-01
   96  0.48212685E-01
   97  0.47077846E-01
   98  0.45969430E-01
   99  0.44885397E-01
  100  0.43825727E-01
  101  0.42789135E-01
  102  0.41775346E-01
  103  0.40783584E-01
  104  0.39813742E-01
  105  0.38864363E-01
  106  0.37935819E-01
  107  0.37027027E-01
  108  0.36137760E-01
  109  0.35267267E-01
  110  0.34415703E-01
  111  0.33581808E-01
  112  0.32765698E-01
  113  0.31967051E-01
  114  0.31185539E-01
  115  0.30420227E-01
  116  0.29671824E-01
  117  0.28939147E-01
  118  0.28222637E-01
  119  0.27521491E-01
  120  0.26836071E-01
  121  0.26165225E-01
  122  0.25509723E-01
  123  0.24868809E-01
  124  0.24242656E-01
  125  0.23630869E-01
  126  0.23033392E-01
  127  0.22449935E-01
  128  0.21880561E-01
  129  0.21325044E-01
  130  0.20783152E-01
  131  0.20255057E-01
  132  0.19740338E-01
  133  0.19239068E-01
  134  0.18750992E-01
  135  0.18275995E-01
  136  0.17814267E-01
  137  0.17365351E-01
  138  0.16929083E-01
  139  0.16505864E-01
  140  0.16095037E-01
  141  0.15696876E-01
  142  0.15310830E-01
  143  0.14937273E-01
  144  0.14575640E-01
  145  0.14226167E-01
  146  0.13888526E-01
  147  0.13562601E-01
  148  0.13248251E-01
  149  0.12945463E-01
  150  0.12654011E-01
  151  0.12373555E-01
  152  0.12104427E-01
  153  0.11846173E-01
  154  0.11598599E-01
  155  0.11361812E-01
  156  0.11135238E-01
  157  0.10919210E-01
  158  0.10713266E-01
  159  0.10517340E-01
  160  0.10331350E-01
  161  0.10155276E-01
  162  0.99886777E-02
  163  0.98315021E-02
  164  0.96837971E-02
  165  0.95453542E-02
  166  0.94159357E-02
  167  0.92954719E-02
  168  0.91839219E-02
  169  0.90811318E-02
  170  0.89869900E-02
  171  0.89013735E-02
  172  0.88242544E-02
  173  0.87554287E-02
  174  0.86950213E-02
  175  0.86427256E-02
  176  0.85986359E-02
  177  0.85627045E-02
  178  0.85349632E-02
  179  0.85151661E-02
  180  0.85034566E-02
  181  0.84997062E-02
  182  0.85041607E-02
  183  0.85163917E-02
  184  0.85367290E-02
  185  0.85651707E-02
  186  0.86016692E-02
  187  0.86463923E-02
  188  0.86993100E-02
  189  0.87603414E-02
  190  0.88297399E-02
  191  0.89075556E-02
  192  0.89937951E-02
  193  0.90885265E-02
  194  0.91921482E-02
  195  0.93043502E-02
  196  0.94254389E-02
  197  0.95555577E-02
  198  0.96947523E-02
  199  0.98431623E-02
  200  0.10000933E-01
  201  0.10168261E-01
  202  0.10345118E-01
  203  0.10531807E-01
  204  0.10728318E-01
  205  0.10934941E-01
  206  0.11151866E-01
  207  0.11378918E-01
  208  0.11616716E-01
  209  0.11864962E-01
  210  0.12123940E-01
  211  0.12393866E-01
  212  0.12674878E-01
  213  0.12967127E-01
  214  0.13270692E-01
  215  0.13585799E-01
  216  0.13912288E-01
  217  0.14250840E-01
  218  0.14600943E-01
  219  0.14963107E-01
  220  0.15337490E-01
  221  0.15724182E-01
  222  0.16122885E-01
  223  0.16534410E-01
  224  0.16958376E-01
  225  0.17394938E-01
  226  0.17844534E-01
  227  0.18306794E-01
  228  0.18782094E-01
  229  0.19270625E-01
  230  0.19772289E-01
  231  0.20287255E-01
  232  0.20815898E-01
  233  0.21357834E-01
  234  0.21913532E-01
  235  0.22483313E-01
  236  0.23066776E-01
  237  0.23664277E-01
  238  0.24276219E-01
  239  0.24902366E-01
  240  0.25542995E-01
  241  0.26198423E-01
  242  0.26868924E-01
  243  0.27554354E-01
  244  0.28255189E-01
  245  0.28971488E-01
  246  0.29703610E-01
  247  0.30451769E-01
  248  0.31216180E-01
  249  0.31997342E-01
  250  0.32795325E-01
  251  0.33610661E-01
  252  0.34443814E-01
  253  0.35295021E-01
  254  0.36164820E-01
  255  0.37053127E-01
  256  0.37961215E-01
  257  0.38889106E-01
  258  0.39837174E-01
  259  0.40806245E-01
  260  0.41796956E-01
  261  0.42809807E-01
  262  0.43845192E-01
  263  0.44904076E-01
  264  0.45987055E-01
  265  0.47094814E-01
  266  0.48227955E-01
  267  0.49387354E-01
  268  0.50573662E-01
  269  0.51787425E-01
  270  0.53029742E-01
  271  0.54301813E-01
  272  0.55603605E-01
  273  0.56936607E-01
  274  0.58301628E-01
  275  0.59698947E-01
  276  0.61130114E-01
  277  0.62595323E-01
  278  0.64095750E-01
  279  0.65631866E-01
  280  0.67205213E-01
  281  0.68815894E-01
  282  0.70465446E-01
  283  0.72152987E-01
  284  0.73881388E-01
  285  0.75649612E-01
  286  0.77458732E-01
  287  0.79309784E-01
  288  0.81202723E-01
  289  0.83138280E-01
  290  0.85116684E-01
  291  0.87138735E-01
  292  0.89203931E-01
  293  0.91312937E-01
  294  0.93466394E-01
  295  0.95662788E-01
  296  0.97903758E-01
  297  0.10018717E+00
  298  0.10251414E+00
  299  0.10488494E+00
  300  0.10729687E+00
  301  0.10975107E+00
  302  0.11224577E+00
  303  0.11478070E+00
  304  0.11735453E+00
  305  0.11996648E+00
  306  0.12261418E+00
  307  0.12529789E+00
  308  0.12801439E+00
  309  0.13076346E+00
  310  0.13354231E+00
  311  0.13634953E+00
  312  0.13918284E+00
  313  0.14203884E+00
  314  0.14491720E+00
  315  0.14781459E+00
  316  0.15072739E+00
  317  0.15365393E+00
  318  0.15659069E+00
  319  0.15953480E+00
  320  0.16248403E+00
  321  0.16543321E+00
  322  0.16838023E+00
  323  0.17132126E+00
  324  0.17425273E+00
  325  0.17717169E+00
  326  0.18007325E+00
  327  0.18295452E+00
  328  0.18581042E+00
  329  0.18863869E+00
  330  0.19143398E+00
  331  0.19419298E+00
  332  0.19691071E+00
  333  0.19958505E+00
  334  0.20221001E+00
  335  0.20478180E+00
  336  0.20729738E+00
  337  0.20975155E+00
  338  0.21214169E+00
  339  0.21446323E+00
  340  0.21671171E+00
  341  0.21888393E+00
  342  0.22097676E+00
  343  0.22298466E+00
  344  0.22490677E+00
  345  0.22673853E+00
  346  0.22847632E+00
  347  0.23011699E+00
  348  0.23165786E+00
  349  0.23309611E+00
  350  0.23442978E+00
  351  0.23565672E+00
  352  0.23677234E+00
  353  0.23777696E+00
  354  0.23866697E+00
  355  0.23944269E+00
  356  0.24010186E+00
  357  0.24064149E+00
  358  0.24106380E+00
  359  0.24136531E+00
  360  0.24154627E+00
 ]; 
