stt = [ 
    1  0.24147345E+00
    2  0.24141333E+00
    3  0.24123222E+00
    4  0.24093169E+00
    5  0.24051081E+00
    6  0.23997071E+00
    7  0.23931377E+00
    8  0.23853838E+00
    9  0.23764913E+00
   10  0.23664668E+00
   11  0.23553123E+00
   12  0.23430720E+00
   13  0.23297517E+00
   14  0.23153736E+00
   15  0.22999802E+00
   16  0.22835946E+00
   17  0.22662376E+00
   18  0.22479497E+00
   19  0.22287530E+00
   20  0.22086842E+00
   21  0.21877819E+00
   22  0.21660863E+00
   23  0.21436276E+00
   24  0.21204461E+00
   25  0.20965745E+00
   26  0.20720559E+00
   27  0.20469308E+00
   28  0.20212403E+00
   29  0.19950147E+00
   30  0.19683070E+00
   31  0.19411644E+00
   32  0.19136003E+00
   33  0.18856737E+00
   34  0.18574354E+00
   35  0.18289006E+00
   36  0.18001208E+00
   37  0.17711282E+00
   38  0.17419802E+00
   39  0.17126934E+00
   40  0.16833046E+00
   41  0.16538677E+00
   42  0.16244027E+00
   43  0.15949431E+00
   44  0.15655315E+00
   45  0.15361860E+00
   46  0.15069543E+00
   47  0.14778440E+00
   48  0.14488971E+00
   49  0.14201449E+00
   50  0.13916019E+00
   51  0.13632937E+00
   52  0.13352416E+00
   53  0.13074736E+00
   54  0.12800059E+00
   55  0.12528546E+00
   56  0.12260391E+00
   57  0.11995707E+00
   58  0.11734653E+00
   59  0.11477444E+00
   60  0.11224080E+00
   61  0.10974683E+00
   62  0.10729449E+00
   63  0.10488307E+00
   64  0.10251370E+00
   65  0.10018755E+00
   66  0.97904474E-01
   67  0.95664136E-01
   68  0.93467660E-01
   69  0.91315091E-01
   70  0.89206263E-01
   71  0.87140918E-01
   72  0.85119523E-01
   73  0.83140843E-01
   74  0.81205621E-01
   75  0.79312250E-01
   76  0.77461116E-01
   77  0.75651638E-01
   78  0.73882774E-01
   79  0.72154462E-01
   80  0.70465736E-01
   81  0.68816572E-01
   82  0.67205243E-01
   83  0.65630883E-01
   84  0.64094082E-01
   85  0.62592439E-01
   86  0.61126921E-01
   87  0.59694961E-01
   88  0.58296740E-01
   89  0.56930888E-01
   90  0.55597462E-01
   91  0.54294083E-01
   92  0.53021152E-01
   93  0.51777724E-01
   94  0.50562881E-01
   95  0.49375653E-01
   96  0.48215471E-01
   97  0.47081389E-01
   98  0.45972411E-01
   99  0.44888742E-01
  100  0.43828923E-01
  101  0.42792507E-01
  102  0.41778591E-01
  103  0.40787086E-01
  104  0.39816931E-01
  105  0.38867947E-01
  106  0.37939314E-01
  107  0.37030470E-01
  108  0.36141269E-01
  109  0.35270676E-01
  110  0.34419131E-01
  111  0.33585478E-01
  112  0.32769095E-01
  113  0.31970840E-01
  114  0.31189185E-01
  115  0.30424139E-01
  116  0.29675307E-01
  117  0.28942948E-01
  118  0.28226290E-01
  119  0.27525352E-01
  120  0.26839606E-01
  121  0.26169088E-01
  122  0.25513664E-01
  123  0.24872757E-01
  124  0.24246506E-01
  125  0.23634808E-01
  126  0.23037333E-01
  127  0.22453861E-01
  128  0.21884633E-01
  129  0.21329062E-01
  130  0.20787420E-01
  131  0.20259291E-01
  132  0.19744458E-01
  133  0.19243374E-01
  134  0.18755462E-01
  135  0.18280623E-01
  136  0.17818764E-01
  137  0.17369935E-01
  138  0.16933711E-01
  139  0.16510434E-01
  140  0.16099853E-01
  141  0.15701503E-01
  142  0.15315683E-01
  143  0.14942084E-01
  144  0.14580544E-01
  145  0.14231153E-01
  146  0.13893483E-01
  147  0.13567536E-01
  148  0.13253323E-01
  149  0.12950514E-01
  150  0.12659081E-01
  151  0.12378780E-01
  152  0.12109646E-01
  153  0.11851352E-01
  154  0.11603804E-01
  155  0.11366954E-01
  156  0.11140587E-01
  157  0.10924487E-01
  158  0.10718491E-01
  159  0.10522759E-01
  160  0.10336869E-01
  161  0.10160770E-01
  162  0.99941213E-02
  163  0.98370947E-02
  164  0.96894829E-02
  165  0.95510073E-02
  166  0.94216373E-02
  167  0.93012033E-02
  168  0.91897054E-02
  169  0.90870159E-02
  170  0.89929588E-02
  171  0.89073265E-02
  172  0.88302679E-02
  173  0.87616788E-02
  174  0.87014074E-02
  175  0.86491592E-02
  176  0.86052325E-02
  177  0.85694827E-02
  178  0.85418262E-02
  179  0.85221883E-02
  180  0.85106213E-02
  181  0.85071428E-02
  182  0.85117137E-02
  183  0.85241431E-02
  184  0.85448408E-02
  185  0.85734380E-02
  186  0.86101843E-02
  187  0.86550713E-02
  188  0.87082507E-02
  189  0.87695522E-02
  190  0.88393912E-02
  191  0.89173419E-02
  192  0.90040648E-02
  193  0.90991575E-02
  194  0.92029739E-02
  195  0.93155717E-02
  196  0.94370870E-02
  197  0.95675234E-02
  198  0.97071482E-02
  199  0.98559875E-02
  200  0.10014167E-01
  201  0.10181915E-01
  202  0.10359271E-01
  203  0.10546387E-01
  204  0.10743358E-01
  205  0.10950617E-01
  206  0.11167879E-01
  207  0.11395463E-01
  208  0.11633620E-01
  209  0.11882444E-01
  210  0.12141953E-01
  211  0.12412690E-01
  212  0.12694189E-01
  213  0.12986960E-01
  214  0.13290863E-01
  215  0.13606458E-01
  216  0.13933778E-01
  217  0.14272759E-01
  218  0.14623394E-01
  219  0.14986275E-01
  220  0.15361134E-01
  221  0.15748169E-01
  222  0.16147692E-01
  223  0.16559580E-01
  224  0.16984211E-01
  225  0.17421253E-01
  226  0.17871149E-01
  227  0.18334145E-01
  228  0.18809855E-01
  229  0.19298967E-01
  230  0.19801095E-01
  231  0.20316714E-01
  232  0.20845657E-01
  233  0.21388136E-01
  234  0.21944461E-01
  235  0.22514218E-01
  236  0.23098141E-01
  237  0.23696190E-01
  238  0.24308478E-01
  239  0.24934947E-01
  240  0.25575968E-01
  241  0.26231810E-01
  242  0.26902510E-01
  243  0.27588222E-01
  244  0.28289268E-01
  245  0.29005764E-01
  246  0.29737812E-01
  247  0.30485999E-01
  248  0.31250875E-01
  249  0.32031916E-01
  250  0.32830112E-01
  251  0.33645555E-01
  252  0.34478493E-01
  253  0.35329506E-01
  254  0.36199182E-01
  255  0.37087504E-01
  256  0.37995111E-01
  257  0.38922813E-01
  258  0.39870806E-01
  259  0.40839486E-01
  260  0.41829575E-01
  261  0.42842060E-01
  262  0.43877121E-01
  263  0.44935692E-01
  264  0.46017844E-01
  265  0.47124837E-01
  266  0.48257500E-01
  267  0.49415909E-01
  268  0.50601706E-01
  269  0.51814936E-01
  270  0.53056359E-01
  271  0.54327838E-01
  272  0.55628676E-01
  273  0.56960683E-01
  274  0.58324628E-01
  275  0.59721090E-01
  276  0.61151069E-01
  277  0.62614992E-01
  278  0.64114079E-01
  279  0.65649167E-01
  280  0.67221351E-01
  281  0.68830676E-01
  282  0.70478454E-01
  283  0.72164632E-01
  284  0.73890693E-01
  285  0.75657926E-01
  286  0.77465810E-01
  287  0.79315074E-01
  288  0.81206426E-01
  289  0.83140150E-01
  290  0.85116901E-01
  291  0.87137140E-01
  292  0.89200370E-01
  293  0.91307573E-01
  294  0.93458883E-01
  295  0.95653623E-01
  296  0.97891986E-01
  297  0.10017370E+00
  298  0.10249928E+00
  299  0.10486682E+00
  300  0.10727689E+00
  301  0.10972838E+00
  302  0.11222175E+00
  303  0.11475370E+00
  304  0.11732483E+00
  305  0.11993456E+00
  306  0.12258039E+00
  307  0.12526135E+00
  308  0.12797542E+00
  309  0.13072184E+00
  310  0.13349806E+00
  311  0.13630269E+00
  312  0.13913292E+00
  313  0.14198691E+00
  314  0.14486252E+00
  315  0.14775656E+00
  316  0.15066758E+00
  317  0.15359062E+00
  318  0.15652548E+00
  319  0.15946676E+00
  320  0.16241249E+00
  321  0.16535869E+00
  322  0.16830371E+00
  323  0.17124134E+00
  324  0.17417091E+00
  325  0.17708699E+00
  326  0.17998596E+00
  327  0.18286391E+00
  328  0.18571807E+00
  329  0.18854389E+00
  330  0.19133724E+00
  331  0.19409271E+00
  332  0.19680864E+00
  333  0.19948004E+00
  334  0.20210326E+00
  335  0.20467284E+00
  336  0.20718624E+00
  337  0.20963930E+00
  338  0.21202667E+00
  339  0.21434595E+00
  340  0.21659297E+00
  341  0.21876353E+00
  342  0.22085401E+00
  343  0.22286159E+00
  344  0.22478156E+00
  345  0.22661135E+00
  346  0.22834788E+00
  347  0.22998782E+00
  348  0.23152733E+00
  349  0.23296602E+00
  350  0.23429842E+00
  351  0.23552418E+00
  352  0.23663926E+00
  353  0.23764384E+00
  354  0.23853335E+00
  355  0.23930776E+00
  356  0.23996761E+00
  357  0.24050793E+00
  358  0.24092928E+00
  359  0.24123131E+00
  360  0.24141267E+00
 ]; 
