spt = [ 
    1  0.25147853E-08
    2  0.24910516E-08
    3  0.24673834E-08
    4  0.24471163E-08
    5  0.24243623E-08
    6  0.24039226E-08
    7  0.23830888E-08
    8  0.23603484E-08
    9  0.23425664E-08
   10  0.23239408E-08
   11  0.23080808E-08
   12  0.22868170E-08
   13  0.22702891E-08
   14  0.22517719E-08
   15  0.22345823E-08
   16  0.22158462E-08
   17  0.22020654E-08
   18  0.21867748E-08
   19  0.21636706E-08
   20  0.21464130E-08
   21  0.21286755E-08
   22  0.21136461E-08
   23  0.20940529E-08
   24  0.20776736E-08
   25  0.20604023E-08
   26  0.20453810E-08
   27  0.20275486E-08
   28  0.20084741E-08
   29  0.19910065E-08
   30  0.19691548E-08
   31  0.19499369E-08
   32  0.19272588E-08
   33  0.19074413E-08
   34  0.18898021E-08
   35  0.18645054E-08
   36  0.18478006E-08
   37  0.18238200E-08
   38  0.17974466E-08
   39  0.17746248E-08
   40  0.17530093E-08
   41  0.17298418E-08
   42  0.17046481E-08
   43  0.16758152E-08
   44  0.16543541E-08
   45  0.16289226E-08
   46  0.15985456E-08
   47  0.15761639E-08
   48  0.15469469E-08
   49  0.15236500E-08
   50  0.14950400E-08
   51  0.14735392E-08
   52  0.14413468E-08
   53  0.14138949E-08
   54  0.13864427E-08
   55  0.13587583E-08
   56  0.13353155E-08
   57  0.13069260E-08
   58  0.12847421E-08
   59  0.12574707E-08
   60  0.12298550E-08
   61  0.12068617E-08
   62  0.11867113E-08
   63  0.11598944E-08
   64  0.11341387E-08
   65  0.11142492E-08
   66  0.10875629E-08
   67  0.10709374E-08
   68  0.10490712E-08
   69  0.10309796E-08
   70  0.10117004E-08
   71  0.99289699E-09
   72  0.97995756E-09
   73  0.96367103E-09
   74  0.94652552E-09
   75  0.93583197E-09
   76  0.92119001E-09
   77  0.90853930E-09
   78  0.89886082E-09
   79  0.88837177E-09
   80  0.87763435E-09
   81  0.87235585E-09
   82  0.86330804E-09
   83  0.85841417E-09
   84  0.85096252E-09
   85  0.84693863E-09
   86  0.84404961E-09
   87  0.83934693E-09
   88  0.84429397E-09
   89  0.83978990E-09
   90  0.84624519E-09
   91  0.84469076E-09
   92  0.84843876E-09
   93  0.85020929E-09
   94  0.85608515E-09
   95  0.86538099E-09
   96  0.87344448E-09
   97  0.87929031E-09
   98  0.88755225E-09
   99  0.89829516E-09
  100  0.91102276E-09
  101  0.92640712E-09
  102  0.94082220E-09
  103  0.95305719E-09
  104  0.97184383E-09
  105  0.98905972E-09
  106  0.10078628E-08
  107  0.10257858E-08
  108  0.10493200E-08
  109  0.10708940E-08
  110  0.10952570E-08
  111  0.11191588E-08
  112  0.11454361E-08
  113  0.11727479E-08
  114  0.12005271E-08
  115  0.12345428E-08
  116  0.12637730E-08
  117  0.12943182E-08
  118  0.13321918E-08
  119  0.13625250E-08
  120  0.13981458E-08
  121  0.14358108E-08
  122  0.14720960E-08
  123  0.15120994E-08
  124  0.15496661E-08
  125  0.15919575E-08
  126  0.16307790E-08
  127  0.16736769E-08
  128  0.17144266E-08
  129  0.17569683E-08
  130  0.17978341E-08
  131  0.18444640E-08
  132  0.18893875E-08
  133  0.19318791E-08
  134  0.19775008E-08
  135  0.20245314E-08
  136  0.20656270E-08
  137  0.21099003E-08
  138  0.21523283E-08
  139  0.22023066E-08
  140  0.22443152E-08
  141  0.22898974E-08
  142  0.23337132E-08
  143  0.23775060E-08
  144  0.24217184E-08
  145  0.24640308E-08
  146  0.25077485E-08
  147  0.25483535E-08
  148  0.25896500E-08
  149  0.26334155E-08
  150  0.26754179E-08
  151  0.27154978E-08
  152  0.27549969E-08
  153  0.27929032E-08
  154  0.28318901E-08
  155  0.28703495E-08
  156  0.29086669E-08
  157  0.29460423E-08
  158  0.29811664E-08
  159  0.30199294E-08
  160  0.30530123E-08
  161  0.30892866E-08
  162  0.31227145E-08
  163  0.31578586E-08
  164  0.31910945E-08
  165  0.32253615E-08
  166  0.32558480E-08
  167  0.32888339E-08
  168  0.33255094E-08
  169  0.33549283E-08
  170  0.33839453E-08
  171  0.34186389E-08
  172  0.34502259E-08
  173  0.34804142E-08
  174  0.35126071E-08
  175  0.35445804E-08
  176  0.35756216E-08
  177  0.36064585E-08
  178  0.36391661E-08
  179  0.36703369E-08
  180  0.37007883E-08
  181  0.37316719E-08
  182  0.37625294E-08
  183  0.37925934E-08
  184  0.38238333E-08
  185  0.38542218E-08
  186  0.38853138E-08
  187  0.39172861E-08
  188  0.39473229E-08
  189  0.39770574E-08
  190  0.40069503E-08
  191  0.40359089E-08
  192  0.40664068E-08
  193  0.40947468E-08
  194  0.41247818E-08
  195  0.41504964E-08
  196  0.41770405E-08
  197  0.42045576E-08
  198  0.42314410E-08
  199  0.42543693E-08
  200  0.42810422E-08
  201  0.43041593E-08
  202  0.43264392E-08
  203  0.43464712E-08
  204  0.43658477E-08
  205  0.43868131E-08
  206  0.44045749E-08
  207  0.44194346E-08
  208  0.44307003E-08
  209  0.44455977E-08
  210  0.44567026E-08
  211  0.44673252E-08
  212  0.44766186E-08
  213  0.44824580E-08
  214  0.44892361E-08
  215  0.44880863E-08
  216  0.44855542E-08
  217  0.44863495E-08
  218  0.44873185E-08
  219  0.44751096E-08
  220  0.44727524E-08
  221  0.44627018E-08
  222  0.44512678E-08
  223  0.44394950E-08
  224  0.44180872E-08
  225  0.44059218E-08
  226  0.43845745E-08
  227  0.43632271E-08
  228  0.43454604E-08
  229  0.43194852E-08
  230  0.42934682E-08
  231  0.42734345E-08
  232  0.42428905E-08
  233  0.42099657E-08
  234  0.41808073E-08
  235  0.41464849E-08
  236  0.41215311E-08
  237  0.40822807E-08
  238  0.40437436E-08
  239  0.40137027E-08
  240  0.39791894E-08
  241  0.39468611E-08
  242  0.39011994E-08
  243  0.38693648E-08
  244  0.38384718E-08
  245  0.37993511E-08
  246  0.37629921E-08
  247  0.37291565E-08
  248  0.36860268E-08
  249  0.36627044E-08
  250  0.36251795E-08
  251  0.35920082E-08
  252  0.35621848E-08
  253  0.35290575E-08
  254  0.35022387E-08
  255  0.34674159E-08
  256  0.34400309E-08
  257  0.34148315E-08
  258  0.33801020E-08
  259  0.33591783E-08
  260  0.33330376E-08
  261  0.33176784E-08
  262  0.32844036E-08
  263  0.32744070E-08
  264  0.32497973E-08
  265  0.32296725E-08
  266  0.32171790E-08
  267  0.32018022E-08
  268  0.31900900E-08
  269  0.31792515E-08
  270  0.31733181E-08
  271  0.31602645E-08
  272  0.31525438E-08
  273  0.31521796E-08
  274  0.31523200E-08
  275  0.31389547E-08
  276  0.31391960E-08
  277  0.31433973E-08
  278  0.31525023E-08
  279  0.31516776E-08
  280  0.31561704E-08
  281  0.31585585E-08
  282  0.31628935E-08
  283  0.31722045E-08
  284  0.31858756E-08
  285  0.31910037E-08
  286  0.32027745E-08
  287  0.32175080E-08
  288  0.32262306E-08
  289  0.32403407E-08
  290  0.32591403E-08
  291  0.32720786E-08
  292  0.32874452E-08
  293  0.33003755E-08
  294  0.33097487E-08
  295  0.33287828E-08
  296  0.33406289E-08
  297  0.33658678E-08
  298  0.33718415E-08
  299  0.33986016E-08
  300  0.34034844E-08
  301  0.34211527E-08
  302  0.34336234E-08
  303  0.34462597E-08
  304  0.34567496E-08
  305  0.34729615E-08
  306  0.34888810E-08
  307  0.34922290E-08
  308  0.34963326E-08
  309  0.35106711E-08
  310  0.35197214E-08
  311  0.35207952E-08
  312  0.35293433E-08
  313  0.35305794E-08
  314  0.35368508E-08
  315  0.35282766E-08
  316  0.35294458E-08
  317  0.35240095E-08
  318  0.35225365E-08
  319  0.35185923E-08
  320  0.35081815E-08
  321  0.35008012E-08
  322  0.34901484E-08
  323  0.34762846E-08
  324  0.34632202E-08
  325  0.34447043E-08
  326  0.34363223E-08
  327  0.34130210E-08
  328  0.33916066E-08
  329  0.33780225E-08
  330  0.33527492E-08
  331  0.33290253E-08
  332  0.33093677E-08
  333  0.32875431E-08
  334  0.32577179E-08
  335  0.32327470E-08
  336  0.32034260E-08
  337  0.31785268E-08
  338  0.31519667E-08
  339  0.31261123E-08
  340  0.30962410E-08
  341  0.30651741E-08
  342  0.30361806E-08
  343  0.30094036E-08
  344  0.29779339E-08
  345  0.29475051E-08
  346  0.29152440E-08
  347  0.28912803E-08
  348  0.28596705E-08
  349  0.28307532E-08
  350  0.28002007E-08
  351  0.27706337E-08
  352  0.27457736E-08
  353  0.27167346E-08
  354  0.26896649E-08
  355  0.26625564E-08
  356  0.26372686E-08
  357  0.26109155E-08
  358  0.25854492E-08
  359  0.25597673E-08
  360  0.25354596E-08
 ]; 
