spt = [ 
    1  0.25778295E-08
    2  0.25468390E-08
    3  0.25140898E-08
    4  0.24842872E-08
    5  0.24528266E-08
    6  0.24231157E-08
    7  0.23953777E-08
    8  0.23645705E-08
    9  0.23388793E-08
   10  0.23085196E-08
   11  0.22816942E-08
   12  0.22560085E-08
   13  0.22314171E-08
   14  0.22034032E-08
   15  0.21789803E-08
   16  0.21513515E-08
   17  0.21285416E-08
   18  0.21014066E-08
   19  0.20763120E-08
   20  0.20513653E-08
   21  0.20255841E-08
   22  0.20052282E-08
   23  0.19789324E-08
   24  0.19518460E-08
   25  0.19337927E-08
   26  0.19096467E-08
   27  0.18817439E-08
   28  0.18577143E-08
   29  0.18366817E-08
   30  0.18095645E-08
   31  0.17871669E-08
   32  0.17637756E-08
   33  0.17349183E-08
   34  0.17054033E-08
   35  0.16833356E-08
   36  0.16590526E-08
   37  0.16307343E-08
   38  0.16050715E-08
   39  0.15806634E-08
   40  0.15506689E-08
   41  0.15285080E-08
   42  0.15070020E-08
   43  0.14769664E-08
   44  0.14511820E-08
   45  0.14278186E-08
   46  0.14006721E-08
   47  0.13736708E-08
   48  0.13500028E-08
   49  0.13240984E-08
   50  0.12990904E-08
   51  0.12756299E-08
   52  0.12456730E-08
   53  0.12201028E-08
   54  0.12034442E-08
   55  0.11774991E-08
   56  0.11532345E-08
   57  0.11281293E-08
   58  0.11063932E-08
   59  0.10837310E-08
   60  0.10647647E-08
   61  0.10430193E-08
   62  0.10239738E-08
   63  0.10090300E-08
   64  0.98883612E-09
   65  0.97123865E-09
   66  0.95369534E-09
   67  0.93676922E-09
   68  0.92074387E-09
   69  0.90619717E-09
   70  0.88849711E-09
   71  0.87720547E-09
   72  0.86018398E-09
   73  0.85224555E-09
   74  0.84113816E-09
   75  0.82802715E-09
   76  0.81648993E-09
   77  0.80764628E-09
   78  0.80246643E-09
   79  0.79256574E-09
   80  0.78960122E-09
   81  0.78463602E-09
   82  0.77487566E-09
   83  0.76990170E-09
   84  0.76828111E-09
   85  0.76811491E-09
   86  0.76410100E-09
   87  0.75988549E-09
   88  0.76183998E-09
   89  0.76066187E-09
   90  0.76207718E-09
   91  0.76283202E-09
   92  0.76565598E-09
   93  0.77295559E-09
   94  0.77793616E-09
   95  0.78020890E-09
   96  0.78747242E-09
   97  0.78934398E-09
   98  0.80366919E-09
   99  0.81158980E-09
  100  0.82172208E-09
  101  0.83121005E-09
  102  0.84208962E-09
  103  0.85958751E-09
  104  0.87138868E-09
  105  0.88294277E-09
  106  0.90006308E-09
  107  0.92143243E-09
  108  0.93524410E-09
  109  0.95162822E-09
  110  0.97657871E-09
  111  0.99880604E-09
  112  0.10156136E-08
  113  0.10418295E-08
  114  0.10643713E-08
  115  0.10870793E-08
  116  0.11190870E-08
  117  0.11420754E-08
  118  0.11698617E-08
  119  0.11972477E-08
  120  0.12319308E-08
  121  0.12617501E-08
  122  0.12928920E-08
  123  0.13210631E-08
  124  0.13544907E-08
  125  0.13898039E-08
  126  0.14198033E-08
  127  0.14574965E-08
  128  0.14906675E-08
  129  0.15244938E-08
  130  0.15574150E-08
  131  0.15951713E-08
  132  0.16284784E-08
  133  0.16615147E-08
  134  0.16996450E-08
  135  0.17327714E-08
  136  0.17665527E-08
  137  0.17991921E-08
  138  0.18358005E-08
  139  0.18716291E-08
  140  0.19038273E-08
  141  0.19421842E-08
  142  0.19696178E-08
  143  0.20071984E-08
  144  0.20357513E-08
  145  0.20643767E-08
  146  0.20962920E-08
  147  0.21227480E-08
  148  0.21538051E-08
  149  0.21821156E-08
  150  0.22092683E-08
  151  0.22364024E-08
  152  0.22590525E-08
  153  0.22847326E-08
  154  0.23097226E-08
  155  0.23323143E-08
  156  0.23544247E-08
  157  0.23768660E-08
  158  0.23968119E-08
  159  0.24182891E-08
  160  0.24364002E-08
  161  0.24577476E-08
  162  0.24747322E-08
  163  0.24938760E-08
  164  0.25106350E-08
  165  0.25288078E-08
  166  0.25424911E-08
  167  0.25615150E-08
  168  0.25759168E-08
  169  0.25923519E-08
  170  0.26057980E-08
  171  0.26211022E-08
  172  0.26354452E-08
  173  0.26499218E-08
  174  0.26648903E-08
  175  0.26786742E-08
  176  0.26927347E-08
  177  0.27087579E-08
  178  0.27216824E-08
  179  0.27356011E-08
  180  0.27514688E-08
  181  0.27651448E-08
  182  0.27792570E-08
  183  0.27948479E-08
  184  0.28104543E-08
  185  0.28237013E-08
  186  0.28403442E-08
  187  0.28551543E-08
  188  0.28705669E-08
  189  0.28896880E-08
  190  0.29031542E-08
  191  0.29196743E-08
  192  0.29375162E-08
  193  0.29531297E-08
  194  0.29705260E-08
  195  0.29863072E-08
  196  0.30037581E-08
  197  0.30196226E-08
  198  0.30357712E-08
  199  0.30559568E-08
  200  0.30710463E-08
  201  0.30860414E-08
  202  0.31047567E-08
  203  0.31217877E-08
  204  0.31355376E-08
  205  0.31509619E-08
  206  0.31660667E-08
  207  0.31789433E-08
  208  0.32002183E-08
  209  0.32117051E-08
  210  0.32227820E-08
  211  0.32337193E-08
  212  0.32473926E-08
  213  0.32557073E-08
  214  0.32676188E-08
  215  0.32782794E-08
  216  0.32847951E-08
  217  0.32888130E-08
  218  0.32983634E-08
  219  0.33057488E-08
  220  0.33102023E-08
  221  0.33146954E-08
  222  0.33195462E-08
  223  0.33139225E-08
  224  0.33163350E-08
  225  0.33136567E-08
  226  0.33110001E-08
  227  0.33080341E-08
  228  0.33014069E-08
  229  0.33010243E-08
  230  0.32920318E-08
  231  0.32897269E-08
  232  0.32777467E-08
  233  0.32696283E-08
  234  0.32563703E-08
  235  0.32432752E-08
  236  0.32394907E-08
  237  0.32212109E-08
  238  0.32088243E-08
  239  0.32019785E-08
  240  0.31886966E-08
  241  0.31709089E-08
  242  0.31578669E-08
  243  0.31490284E-08
  244  0.31326164E-08
  245  0.31173981E-08
  246  0.31036527E-08
  247  0.30869955E-08
  248  0.30759224E-08
  249  0.30625591E-08
  250  0.30468266E-08
  251  0.30365943E-08
  252  0.30264207E-08
  253  0.30084359E-08
  254  0.30030116E-08
  255  0.29974554E-08
  256  0.29813392E-08
  257  0.29779748E-08
  258  0.29689595E-08
  259  0.29723135E-08
  260  0.29624239E-08
  261  0.29538076E-08
  262  0.29559268E-08
  263  0.29548144E-08
  264  0.29523768E-08
  265  0.29540428E-08
  266  0.29553735E-08
  267  0.29612299E-08
  268  0.29635578E-08
  269  0.29720402E-08
  270  0.29844738E-08
  271  0.29932870E-08
  272  0.30070222E-08
  273  0.30157041E-08
  274  0.30293490E-08
  275  0.30478413E-08
  276  0.30576273E-08
  277  0.30712153E-08
  278  0.30950031E-08
  279  0.31043104E-08
  280  0.31287910E-08
  281  0.31502208E-08
  282  0.31783656E-08
  283  0.31956346E-08
  284  0.32233525E-08
  285  0.32505816E-08
  286  0.32696934E-08
  287  0.32964287E-08
  288  0.33258520E-08
  289  0.33563288E-08
  290  0.33779559E-08
  291  0.34045111E-08
  292  0.34304253E-08
  293  0.34536545E-08
  294  0.34867591E-08
  295  0.35131256E-08
  296  0.35380179E-08
  297  0.35729368E-08
  298  0.35971002E-08
  299  0.36175740E-08
  300  0.36432837E-08
  301  0.36738201E-08
  302  0.37000882E-08
  303  0.37183641E-08
  304  0.37405408E-08
  305  0.37583070E-08
  306  0.37769050E-08
  307  0.37888053E-08
  308  0.37984385E-08
  309  0.38210648E-08
  310  0.38347396E-08
  311  0.38389243E-08
  312  0.38486676E-08
  313  0.38568699E-08
  314  0.38658219E-08
  315  0.38706682E-08
  316  0.38696126E-08
  317  0.38637511E-08
  318  0.38608161E-08
  319  0.38502823E-08
  320  0.38412473E-08
  321  0.38406833E-08
  322  0.38194479E-08
  323  0.38128802E-08
  324  0.37923673E-08
  325  0.37780197E-08
  326  0.37600865E-08
  327  0.37373331E-08
  328  0.37146197E-08
  329  0.36935286E-08
  330  0.36715724E-08
  331  0.36381960E-08
  332  0.36121051E-08
  333  0.35775256E-08
  334  0.35505880E-08
  335  0.35147361E-08
  336  0.34815213E-08
  337  0.34449852E-08
  338  0.34125593E-08
  339  0.33766638E-08
  340  0.33428289E-08
  341  0.33018119E-08
  342  0.32666205E-08
  343  0.32293122E-08
  344  0.31922884E-08
  345  0.31567708E-08
  346  0.31178502E-08
  347  0.30765746E-08
  348  0.30389162E-08
  349  0.30042762E-08
  350  0.29623015E-08
  351  0.29287570E-08
  352  0.28915419E-08
  353  0.28541893E-08
  354  0.28180565E-08
  355  0.27837439E-08
  356  0.27468026E-08
  357  0.27128815E-08
  358  0.26749376E-08
  359  0.26456584E-08
  360  0.26096241E-08
 ]; 
