spt = [ 
    1  0.21034348E-08
    2  0.20813693E-08
    3  0.20609052E-08
    4  0.20414936E-08
    5  0.20252910E-08
    6  0.20064943E-08
    7  0.19886714E-08
    8  0.19726394E-08
    9  0.19570452E-08
   10  0.19394635E-08
   11  0.19208484E-08
   12  0.19064224E-08
   13  0.18904844E-08
   14  0.18756297E-08
   15  0.18584692E-08
   16  0.18430750E-08
   17  0.18277309E-08
   18  0.18118591E-08
   19  0.17979531E-08
   20  0.17809599E-08
   21  0.17637866E-08
   22  0.17508951E-08
   23  0.17325011E-08
   24  0.17164158E-08
   25  0.17043907E-08
   26  0.16853052E-08
   27  0.16685342E-08
   28  0.16499299E-08
   29  0.16345931E-08
   30  0.16141632E-08
   31  0.15997236E-08
   32  0.15814612E-08
   33  0.15622166E-08
   34  0.15429523E-08
   35  0.15243450E-08
   36  0.15043232E-08
   37  0.14820493E-08
   38  0.14643549E-08
   39  0.14425156E-08
   40  0.14157993E-08
   41  0.13994449E-08
   42  0.13753243E-08
   43  0.13520619E-08
   44  0.13291170E-08
   45  0.13055557E-08
   46  0.12813685E-08
   47  0.12609797E-08
   48  0.12340405E-08
   49  0.12187101E-08
   50  0.11883301E-08
   51  0.11644743E-08
   52  0.11399217E-08
   53  0.11202839E-08
   54  0.10948952E-08
   55  0.10718797E-08
   56  0.10483727E-08
   57  0.10258289E-08
   58  0.10009190E-08
   59  0.98117092E-09
   60  0.95754182E-09
   61  0.93857977E-09
   62  0.91606478E-09
   63  0.89743246E-09
   64  0.87635804E-09
   65  0.85634827E-09
   66  0.84102603E-09
   67  0.82210910E-09
   68  0.80449014E-09
   69  0.78800655E-09
   70  0.77385803E-09
   71  0.75523221E-09
   72  0.74106721E-09
   73  0.73124273E-09
   74  0.71567996E-09
   75  0.70480005E-09
   76  0.69302691E-09
   77  0.68387662E-09
   78  0.67522415E-09
   79  0.66468697E-09
   80  0.65643641E-09
   81  0.65134026E-09
   82  0.64570510E-09
   83  0.64086314E-09
   84  0.63496408E-09
   85  0.63046168E-09
   86  0.62940791E-09
   87  0.62616334E-09
   88  0.62671451E-09
   89  0.62507877E-09
   90  0.62786393E-09
   91  0.62614441E-09
   92  0.62827660E-09
   93  0.63261724E-09
   94  0.63777489E-09
   95  0.64272471E-09
   96  0.64809280E-09
   97  0.65419009E-09
   98  0.65949546E-09
   99  0.66935335E-09
  100  0.67771283E-09
  101  0.68895356E-09
  102  0.69855383E-09
  103  0.70937639E-09
  104  0.72330231E-09
  105  0.73384376E-09
  106  0.75088941E-09
  107  0.76873397E-09
  108  0.78371049E-09
  109  0.80098095E-09
  110  0.81918200E-09
  111  0.83987450E-09
  112  0.86213142E-09
  113  0.88681579E-09
  114  0.90139907E-09
  115  0.92947722E-09
  116  0.95287722E-09
  117  0.97794772E-09
  118  0.10062516E-08
  119  0.10325343E-08
  120  0.10611497E-08
  121  0.10905568E-08
  122  0.11188602E-08
  123  0.11497554E-08
  124  0.11814623E-08
  125  0.12143181E-08
  126  0.12457954E-08
  127  0.12793485E-08
  128  0.13127960E-08
  129  0.13499503E-08
  130  0.13819956E-08
  131  0.14186265E-08
  132  0.14531287E-08
  133  0.14887863E-08
  134  0.15255743E-08
  135  0.15609173E-08
  136  0.15989950E-08
  137  0.16354220E-08
  138  0.16740646E-08
  139  0.17079536E-08
  140  0.17480223E-08
  141  0.17816938E-08
  142  0.18198995E-08
  143  0.18554936E-08
  144  0.18910629E-08
  145  0.19264950E-08
  146  0.19640443E-08
  147  0.19990256E-08
  148  0.20334547E-08
  149  0.20693380E-08
  150  0.21046938E-08
  151  0.21365092E-08
  152  0.21697983E-08
  153  0.22044757E-08
  154  0.22377009E-08
  155  0.22713929E-08
  156  0.23007165E-08
  157  0.23344076E-08
  158  0.23631916E-08
  159  0.23955444E-08
  160  0.24267512E-08
  161  0.24563236E-08
  162  0.24871822E-08
  163  0.25153597E-08
  164  0.25448468E-08
  165  0.25743190E-08
  166  0.26045075E-08
  167  0.26295259E-08
  168  0.26611255E-08
  169  0.26891520E-08
  170  0.27136495E-08
  171  0.27432008E-08
  172  0.27729050E-08
  173  0.28009111E-08
  174  0.28245926E-08
  175  0.28545131E-08
  176  0.28850999E-08
  177  0.29107277E-08
  178  0.29390090E-08
  179  0.29667493E-08
  180  0.29936842E-08
  181  0.30205736E-08
  182  0.30481311E-08
  183  0.30762246E-08
  184  0.31040961E-08
  185  0.31315108E-08
  186  0.31598011E-08
  187  0.31852292E-08
  188  0.32138334E-08
  189  0.32398313E-08
  190  0.32665757E-08
  191  0.32958665E-08
  192  0.33217280E-08
  193  0.33477789E-08
  194  0.33740037E-08
  195  0.34005141E-08
  196  0.34245018E-08
  197  0.34466439E-08
  198  0.34729208E-08
  199  0.34948784E-08
  200  0.35200818E-08
  201  0.35412135E-08
  202  0.35592269E-08
  203  0.35813212E-08
  204  0.35997449E-08
  205  0.36207073E-08
  206  0.36361851E-08
  207  0.36538441E-08
  208  0.36648566E-08
  209  0.36774919E-08
  210  0.36896342E-08
  211  0.37014329E-08
  212  0.37111794E-08
  213  0.37188148E-08
  214  0.37269792E-08
  215  0.37301526E-08
  216  0.37304213E-08
  217  0.37358694E-08
  218  0.37339771E-08
  219  0.37336503E-08
  220  0.37266568E-08
  221  0.37252612E-08
  222  0.37165846E-08
  223  0.37016863E-08
  224  0.36957000E-08
  225  0.36821182E-08
  226  0.36661656E-08
  227  0.36569161E-08
  228  0.36402683E-08
  229  0.36233732E-08
  230  0.36067753E-08
  231  0.35894590E-08
  232  0.35634256E-08
  233  0.35413759E-08
  234  0.35140257E-08
  235  0.34874363E-08
  236  0.34645471E-08
  237  0.34377310E-08
  238  0.34148107E-08
  239  0.33830645E-08
  240  0.33546186E-08
  241  0.33200140E-08
  242  0.32943868E-08
  243  0.32667968E-08
  244  0.32472318E-08
  245  0.32119298E-08
  246  0.31806109E-08
  247  0.31522018E-08
  248  0.31245362E-08
  249  0.30949874E-08
  250  0.30711274E-08
  251  0.30396570E-08
  252  0.30072664E-08
  253  0.29851046E-08
  254  0.29638332E-08
  255  0.29378444E-08
  256  0.29144991E-08
  257  0.28916518E-08
  258  0.28709415E-08
  259  0.28410241E-08
  260  0.28250164E-08
  261  0.28024914E-08
  262  0.27854077E-08
  263  0.27697340E-08
  264  0.27544826E-08
  265  0.27370499E-08
  266  0.27272289E-08
  267  0.27111222E-08
  268  0.26952818E-08
  269  0.26885998E-08
  270  0.26796267E-08
  271  0.26762659E-08
  272  0.26766300E-08
  273  0.26617912E-08
  274  0.26580578E-08
  275  0.26537319E-08
  276  0.26546831E-08
  277  0.26530980E-08
  278  0.26541271E-08
  279  0.26617104E-08
  280  0.26605178E-08
  281  0.26686902E-08
  282  0.26746323E-08
  283  0.26725910E-08
  284  0.26807452E-08
  285  0.26898868E-08
  286  0.26989531E-08
  287  0.27105531E-08
  288  0.27175571E-08
  289  0.27284970E-08
  290  0.27313740E-08
  291  0.27529869E-08
  292  0.27656810E-08
  293  0.27766074E-08
  294  0.27791578E-08
  295  0.28032583E-08
  296  0.28057574E-08
  297  0.28189262E-08
  298  0.28307365E-08
  299  0.28466047E-08
  300  0.28546925E-08
  301  0.28707912E-08
  302  0.28844658E-08
  303  0.28902192E-08
  304  0.29003879E-08
  305  0.29040745E-08
  306  0.29170630E-08
  307  0.29246618E-08
  308  0.29333895E-08
  309  0.29379770E-08
  310  0.29494034E-08
  311  0.29507150E-08
  312  0.29538232E-08
  313  0.29508780E-08
  314  0.29557199E-08
  315  0.29516896E-08
  316  0.29508072E-08
  317  0.29454184E-08
  318  0.29432590E-08
  319  0.29382070E-08
  320  0.29284406E-08
  321  0.29282998E-08
  322  0.29136162E-08
  323  0.29087674E-08
  324  0.28958136E-08
  325  0.28840907E-08
  326  0.28690159E-08
  327  0.28567173E-08
  328  0.28437672E-08
  329  0.28201379E-08
  330  0.28030065E-08
  331  0.27846514E-08
  332  0.27667952E-08
  333  0.27476519E-08
  334  0.27233855E-08
  335  0.27038820E-08
  336  0.26838816E-08
  337  0.26579432E-08
  338  0.26346676E-08
  339  0.26136324E-08
  340  0.25903943E-08
  341  0.25635007E-08
  342  0.25368778E-08
  343  0.25127360E-08
  344  0.24884783E-08
  345  0.24628952E-08
  346  0.24408873E-08
  347  0.24148832E-08
  348  0.23945121E-08
  349  0.23669886E-08
  350  0.23418341E-08
  351  0.23192011E-08
  352  0.22956304E-08
  353  0.22744668E-08
  354  0.22504694E-08
  355  0.22278703E-08
  356  0.22075781E-08
  357  0.21847255E-08
  358  0.21592006E-08
  359  0.21412947E-08
  360  0.21217077E-08
 ]; 
