stt = [ 
    1  0.24166569E+00
    2  0.24160358E+00
    3  0.24142149E+00
    4  0.24111776E+00
    5  0.24069539E+00
    6  0.24015248E+00
    7  0.23949207E+00
    8  0.23871394E+00
    9  0.23782127E+00
   10  0.23681436E+00
   11  0.23569557E+00
   12  0.23446631E+00
   13  0.23313037E+00
   14  0.23168796E+00
   15  0.23014377E+00
   16  0.22849952E+00
   17  0.22675920E+00
   18  0.22492504E+00
   19  0.22299922E+00
   20  0.22098695E+00
   21  0.21889125E+00
   22  0.21671562E+00
   23  0.21446361E+00
   24  0.21213952E+00
   25  0.20974697E+00
   26  0.20728876E+00
   27  0.20476943E+00
   28  0.20219424E+00
   29  0.19956644E+00
   30  0.19688968E+00
   31  0.19416806E+00
   32  0.19140647E+00
   33  0.18860830E+00
   34  0.18577778E+00
   35  0.18291815E+00
   36  0.18003500E+00
   37  0.17713074E+00
   38  0.17421000E+00
   39  0.17127594E+00
   40  0.16833280E+00
   41  0.16538297E+00
   42  0.16243139E+00
   43  0.15948090E+00
   44  0.15653534E+00
   45  0.15359701E+00
   46  0.15066856E+00
   47  0.14775425E+00
   48  0.14485617E+00
   49  0.14197676E+00
   50  0.13911878E+00
   51  0.13628443E+00
   52  0.13347605E+00
   53  0.13069659E+00
   54  0.12794706E+00
   55  0.12522918E+00
   56  0.12254489E+00
   57  0.11989627E+00
   58  0.11728422E+00
   59  0.11470973E+00
   60  0.11217450E+00
   61  0.10967851E+00
   62  0.10722457E+00
   63  0.10481209E+00
   64  0.10244149E+00
   65  0.10011465E+00
   66  0.97830772E-01
   67  0.95590271E-01
   68  0.93393579E-01
   69  0.91240242E-01
   70  0.89131095E-01
   71  0.87066382E-01
   72  0.85044280E-01
   73  0.83065875E-01
   74  0.81130177E-01
   75  0.79237543E-01
   76  0.77387005E-01
   77  0.75578101E-01
   78  0.73810354E-01
   79  0.72082445E-01
   80  0.70394889E-01
   81  0.68745710E-01
   82  0.67135699E-01
   83  0.65562733E-01
   84  0.64026780E-01
   85  0.62526390E-01
   86  0.61061654E-01
   87  0.59630979E-01
   88  0.58234066E-01
   89  0.56869518E-01
   90  0.55536736E-01
   91  0.54235343E-01
   92  0.52963682E-01
   93  0.51721703E-01
   94  0.50508711E-01
   95  0.49322650E-01
   96  0.48163414E-01
   97  0.47030956E-01
   98  0.45923904E-01
   99  0.44841509E-01
  100  0.43783188E-01
  101  0.42748161E-01
  102  0.41736100E-01
  103  0.40746104E-01
  104  0.39777372E-01
  105  0.38829606E-01
  106  0.37902396E-01
  107  0.36994986E-01
  108  0.36107253E-01
  109  0.35238001E-01
  110  0.34387510E-01
  111  0.33555295E-01
  112  0.32740429E-01
  113  0.31943005E-01
  114  0.31162346E-01
  115  0.30398594E-01
  116  0.29651050E-01
  117  0.28919503E-01
  118  0.28203921E-01
  119  0.27503943E-01
  120  0.26819080E-01
  121  0.26149554E-01
  122  0.25494939E-01
  123  0.24854803E-01
  124  0.24229420E-01
  125  0.23618465E-01
  126  0.23021422E-01
  127  0.22438722E-01
  128  0.21869930E-01
  129  0.21315007E-01
  130  0.20773672E-01
  131  0.20245990E-01
  132  0.19731620E-01
  133  0.19230669E-01
  134  0.18743033E-01
  135  0.18268548E-01
  136  0.17807039E-01
  137  0.17358268E-01
  138  0.16922578E-01
  139  0.16499536E-01
  140  0.16088726E-01
  141  0.15690690E-01
  142  0.15304879E-01
  143  0.14931340E-01
  144  0.14569836E-01
  145  0.14220448E-01
  146  0.13882772E-01
  147  0.13556875E-01
  148  0.13242597E-01
  149  0.12939731E-01
  150  0.12648230E-01
  151  0.12367959E-01
  152  0.12098535E-01
  153  0.11840288E-01
  154  0.11592565E-01
  155  0.11355543E-01
  156  0.11129032E-01
  157  0.10912853E-01
  158  0.10706876E-01
  159  0.10510816E-01
  160  0.10324700E-01
  161  0.10148439E-01
  162  0.99816518E-02
  163  0.98243169E-02
  164  0.96764844E-02
  165  0.95377089E-02
  166  0.94080847E-02
  167  0.92874710E-02
  168  0.91755763E-02
  169  0.90726027E-02
  170  0.89781489E-02
  171  0.88922782E-02
  172  0.88148639E-02
  173  0.87457839E-02
  174  0.86850123E-02
  175  0.86324895E-02
  176  0.85881585E-02
  177  0.85518984E-02
  178  0.85237799E-02
  179  0.85035833E-02
  180  0.84914807E-02
  181  0.84873969E-02
  182  0.84913708E-02
  183  0.85031018E-02
  184  0.85231382E-02
  185  0.85511990E-02
  186  0.85871648E-02
  187  0.86314175E-02
  188  0.86836768E-02
  189  0.87443003E-02
  190  0.88130925E-02
  191  0.88903373E-02
  192  0.89760358E-02
  193  0.90701673E-02
  194  0.91730282E-02
  195  0.92846639E-02
  196  0.94050029E-02
  197  0.95343841E-02
  198  0.96728457E-02
  199  0.98205488E-02
  200  0.99775614E-02
  201  0.10144060E-01
  202  0.10319989E-01
  203  0.10505874E-01
  204  0.10701487E-01
  205  0.10907339E-01
  206  0.11123130E-01
  207  0.11349374E-01
  208  0.11586071E-01
  209  0.11833230E-01
  210  0.12091330E-01
  211  0.12360170E-01
  212  0.12640073E-01
  213  0.12931203E-01
  214  0.13233506E-01
  215  0.13547250E-01
  216  0.13872765E-01
  217  0.14209942E-01
  218  0.14558889E-01
  219  0.14919883E-01
  220  0.15292989E-01
  221  0.15678061E-01
  222  0.16075660E-01
  223  0.16485700E-01
  224  0.16908202E-01
  225  0.17343430E-01
  226  0.17791228E-01
  227  0.18252324E-01
  228  0.18726030E-01
  229  0.19213071E-01
  230  0.19713320E-01
  231  0.20226780E-01
  232  0.20753762E-01
  233  0.21294542E-01
  234  0.21848699E-01
  235  0.22416681E-01
  236  0.22998583E-01
  237  0.23594812E-01
  238  0.24204975E-01
  239  0.24829719E-01
  240  0.25468957E-01
  241  0.26122848E-01
  242  0.26791830E-01
  243  0.27475763E-01
  244  0.28175063E-01
  245  0.28890019E-01
  246  0.29620834E-01
  247  0.30367523E-01
  248  0.31130519E-01
  249  0.31910438E-01
  250  0.32707255E-01
  251  0.33521589E-01
  252  0.34353152E-01
  253  0.35203125E-01
  254  0.36071450E-01
  255  0.36958981E-01
  256  0.37865885E-01
  257  0.38792603E-01
  258  0.39739799E-01
  259  0.40708188E-01
  260  0.41697949E-01
  261  0.42709660E-01
  262  0.43744307E-01
  263  0.44802539E-01
  264  0.45884758E-01
  265  0.46991974E-01
  266  0.48124421E-01
  267  0.49283024E-01
  268  0.50468959E-01
  269  0.51682323E-01
  270  0.52924696E-01
  271  0.54196123E-01
  272  0.55497743E-01
  273  0.56830626E-01
  274  0.58195353E-01
  275  0.59592962E-01
  276  0.61024133E-01
  277  0.62488787E-01
  278  0.63989781E-01
  279  0.65526292E-01
  280  0.67099579E-01
  281  0.68710983E-01
  282  0.70360631E-01
  283  0.72048843E-01
  284  0.73777139E-01
  285  0.75546145E-01
  286  0.77356040E-01
  287  0.79207420E-01
  288  0.81101790E-01
  289  0.83038256E-01
  290  0.85017174E-01
  291  0.87040141E-01
  292  0.89107089E-01
  293  0.91217846E-01
  294  0.93371630E-01
  295  0.95569439E-01
  296  0.97811684E-01
  297  0.10009710E+00
  298  0.10242635E+00
  299  0.10479751E+00
  300  0.10721202E+00
  301  0.10966797E+00
  302  0.11216483E+00
  303  0.11470168E+00
  304  0.11727746E+00
  305  0.11989184E+00
  306  0.12254203E+00
  307  0.12522818E+00
  308  0.12794738E+00
  309  0.13069910E+00
  310  0.13348046E+00
  311  0.13629052E+00
  312  0.13912602E+00
  313  0.14198545E+00
  314  0.14486663E+00
  315  0.14776710E+00
  316  0.15068242E+00
  317  0.15361285E+00
  318  0.15655309E+00
  319  0.15950041E+00
  320  0.16245194E+00
  321  0.16540521E+00
  322  0.16835536E+00
  323  0.17130016E+00
  324  0.17423561E+00
  325  0.17715751E+00
  326  0.18006262E+00
  327  0.18294767E+00
  328  0.18580694E+00
  329  0.18863863E+00
  330  0.19143724E+00
  331  0.19419965E+00
  332  0.19692129E+00
  333  0.19959866E+00
  334  0.20222746E+00
  335  0.20480227E+00
  336  0.20732094E+00
  337  0.20977883E+00
  338  0.21217154E+00
  339  0.21449587E+00
  340  0.21674713E+00
  341  0.21892197E+00
  342  0.22101729E+00
  343  0.22302790E+00
  344  0.22495250E+00
  345  0.22678623E+00
  346  0.22852544E+00
  347  0.23016809E+00
  348  0.23171172E+00
  349  0.23315157E+00
  350  0.23448630E+00
  351  0.23571506E+00
  352  0.23683085E+00
  353  0.23783657E+00
  354  0.23872784E+00
  355  0.23950349E+00
  356  0.24016279E+00
  357  0.24070263E+00
  358  0.24112415E+00
  359  0.24142508E+00
  360  0.24160495E+00
 ]; 
