stt = [ 
    1  0.24139996E+00
    2  0.24133971E+00
    3  0.24115849E+00
    4  0.24085771E+00
    5  0.24043684E+00
    6  0.23989712E+00
    7  0.23923855E+00
    8  0.23846464E+00
    9  0.23757531E+00
   10  0.23657186E+00
   11  0.23545718E+00
   12  0.23423199E+00
   13  0.23289995E+00
   14  0.23146296E+00
   15  0.22992453E+00
   16  0.22828603E+00
   17  0.22655085E+00
   18  0.22472192E+00
   19  0.22280225E+00
   20  0.22079694E+00
   21  0.21870710E+00
   22  0.21653789E+00
   23  0.21429209E+00
   24  0.21197450E+00
   25  0.20958781E+00
   26  0.20713556E+00
   27  0.20462398E+00
   28  0.20205575E+00
   29  0.19943509E+00
   30  0.19676463E+00
   31  0.19404919E+00
   32  0.19129433E+00
   33  0.18850209E+00
   34  0.18567817E+00
   35  0.18282615E+00
   36  0.17994842E+00
   37  0.17705017E+00
   38  0.17413497E+00
   39  0.17120743E+00
   40  0.16826893E+00
   41  0.16532595E+00
   42  0.16237989E+00
   43  0.15943429E+00
   44  0.15649389E+00
   45  0.15355980E+00
   46  0.15063673E+00
   47  0.14772588E+00
   48  0.14483224E+00
   49  0.14195727E+00
   50  0.13910238E+00
   51  0.13627237E+00
   52  0.13346781E+00
   53  0.13069101E+00
   54  0.12794478E+00
   55  0.12522922E+00
   56  0.12254812E+00
   57  0.11990139E+00
   58  0.11729161E+00
   59  0.11471989E+00
   60  0.11218648E+00
   61  0.10969256E+00
   62  0.10724033E+00
   63  0.10482846E+00
   64  0.10246005E+00
   65  0.10013354E+00
   66  0.97850211E-01
   67  0.95611006E-01
   68  0.93414560E-01
   69  0.91262281E-01
   70  0.89153215E-01
   71  0.87088175E-01
   72  0.85066587E-01
   73  0.83088122E-01
   74  0.81152469E-01
   75  0.79259753E-01
   76  0.77408537E-01
   77  0.75599514E-01
   78  0.73830828E-01
   79  0.72102636E-01
   80  0.70414566E-01
   81  0.68765126E-01
   82  0.67154177E-01
   83  0.65580256E-01
   84  0.64043634E-01
   85  0.62542260E-01
   86  0.61076518E-01
   87  0.59645087E-01
   88  0.58247138E-01
   89  0.56881737E-01
   90  0.55548005E-01
   91  0.54245509E-01
   92  0.52972633E-01
   93  0.51729523E-01
   94  0.50515287E-01
   95  0.49328204E-01
   96  0.48168119E-01
   97  0.47034323E-01
   98  0.45925882E-01
   99  0.44842582E-01
  100  0.43783139E-01
  101  0.42747092E-01
  102  0.41733600E-01
  103  0.40742151E-01
  104  0.39772600E-01
  105  0.38823962E-01
  106  0.37895687E-01
  107  0.36987454E-01
  108  0.36098298E-01
  109  0.35228301E-01
  110  0.34376707E-01
  111  0.33543307E-01
  112  0.32727800E-01
  113  0.31929828E-01
  114  0.31148246E-01
  115  0.30383686E-01
  116  0.29635306E-01
  117  0.28903302E-01
  118  0.28186709E-01
  119  0.27486023E-01
  120  0.26800796E-01
  121  0.26130648E-01
  122  0.25475400E-01
  123  0.24834869E-01
  124  0.24209008E-01
  125  0.23597492E-01
  126  0.23000298E-01
  127  0.22417270E-01
  128  0.21848293E-01
  129  0.21293031E-01
  130  0.20751411E-01
  131  0.20223673E-01
  132  0.19709263E-01
  133  0.19208213E-01
  134  0.18720608E-01
  135  0.18245885E-01
  136  0.17784135E-01
  137  0.17335778E-01
  138  0.16899820E-01
  139  0.16476817E-01
  140  0.16066322E-01
  141  0.15668210E-01
  142  0.15282559E-01
  143  0.14909091E-01
  144  0.14547717E-01
  145  0.14198450E-01
  146  0.13861077E-01
  147  0.13535218E-01
  148  0.13221165E-01
  149  0.12918561E-01
  150  0.12627172E-01
  151  0.12347048E-01
  152  0.12078159E-01
  153  0.11819802E-01
  154  0.11572426E-01
  155  0.11335751E-01
  156  0.11109454E-01
  157  0.10893532E-01
  158  0.10687739E-01
  159  0.10491966E-01
  160  0.10306269E-01
  161  0.10130161E-01
  162  0.99637443E-02
  163  0.98067261E-02
  164  0.96591683E-02
  165  0.95208008E-02
  166  0.93914578E-02
  167  0.92711514E-02
  168  0.91597568E-02
  169  0.90570822E-02
  170  0.89630364E-02
  171  0.88776378E-02
  172  0.88006547E-02
  173  0.87320805E-02
  174  0.86717233E-02
  175  0.86196512E-02
  176  0.85758241E-02
  177  0.85400669E-02
  178  0.85124485E-02
  179  0.84928395E-02
  180  0.84814290E-02
  181  0.84781023E-02
  182  0.84825521E-02
  183  0.84952405E-02
  184  0.85159605E-02
  185  0.85446499E-02
  186  0.85815499E-02
  187  0.86266017E-02
  188  0.86796684E-02
  189  0.87412717E-02
  190  0.88109560E-02
  191  0.88891806E-02
  192  0.89757722E-02
  193  0.90710996E-02
  194  0.91749532E-02
  195  0.92876395E-02
  196  0.94092181E-02
  197  0.95398491E-02
  198  0.96794628E-02
  199  0.98284474E-02
  200  0.99867173E-02
  201  0.10154526E-01
  202  0.10331984E-01
  203  0.10519172E-01
  204  0.10716333E-01
  205  0.10923551E-01
  206  0.11140878E-01
  207  0.11368717E-01
  208  0.11606793E-01
  209  0.11855794E-01
  210  0.12115336E-01
  211  0.12386038E-01
  212  0.12667631E-01
  213  0.12960432E-01
  214  0.13264657E-01
  215  0.13580214E-01
  216  0.13907413E-01
  217  0.14246383E-01
  218  0.14597312E-01
  219  0.14960047E-01
  220  0.15334844E-01
  221  0.15721878E-01
  222  0.16121330E-01
  223  0.16533310E-01
  224  0.16957751E-01
  225  0.17394768E-01
  226  0.17844778E-01
  227  0.18307455E-01
  228  0.18783186E-01
  229  0.19272096E-01
  230  0.19774068E-01
  231  0.20289466E-01
  232  0.20818306E-01
  233  0.21360632E-01
  234  0.21916572E-01
  235  0.22486288E-01
  236  0.23070173E-01
  237  0.23667708E-01
  238  0.24279630E-01
  239  0.24905846E-01
  240  0.25546489E-01
  241  0.26201917E-01
  242  0.26872203E-01
  243  0.27557554E-01
  244  0.28258121E-01
  245  0.28974077E-01
  246  0.29706070E-01
  247  0.30453902E-01
  248  0.31217800E-01
  249  0.31998690E-01
  250  0.32796126E-01
  251  0.33611171E-01
  252  0.34443438E-01
  253  0.35294112E-01
  254  0.36163107E-01
  255  0.37050929E-01
  256  0.37957843E-01
  257  0.38885072E-01
  258  0.39832287E-01
  259  0.40800359E-01
  260  0.41790180E-01
  261  0.42802051E-01
  262  0.43836344E-01
  263  0.44894151E-01
  264  0.45975924E-01
  265  0.47082428E-01
  266  0.48214395E-01
  267  0.49372349E-01
  268  0.50557062E-01
  269  0.51769752E-01
  270  0.53011261E-01
  271  0.54281827E-01
  272  0.55582162E-01
  273  0.56913696E-01
  274  0.58277257E-01
  275  0.59673075E-01
  276  0.61102591E-01
  277  0.62566392E-01
  278  0.64065106E-01
  279  0.65600224E-01
  280  0.67171492E-01
  281  0.68781003E-01
  282  0.70428357E-01
  283  0.72114505E-01
  284  0.73840559E-01
  285  0.75607464E-01
  286  0.77414915E-01
  287  0.79264224E-01
  288  0.81155226E-01
  289  0.83089031E-01
  290  0.85065611E-01
  291  0.87085575E-01
  292  0.89149013E-01
  293  0.91255881E-01
  294  0.93407512E-01
  295  0.95601879E-01
  296  0.97840823E-01
  297  0.10012295E+00
  298  0.10244767E+00
  299  0.10481548E+00
  300  0.10722600E+00
  301  0.10967769E+00
  302  0.11217017E+00
  303  0.11470273E+00
  304  0.11727434E+00
  305  0.11988404E+00
  306  0.12252979E+00
  307  0.12521051E+00
  308  0.12792541E+00
  309  0.13067146E+00
  310  0.13344787E+00
  311  0.13625255E+00
  312  0.13908318E+00
  313  0.14193678E+00
  314  0.14481208E+00
  315  0.14770637E+00
  316  0.15061709E+00
  317  0.15354040E+00
  318  0.15647405E+00
  319  0.15941562E+00
  320  0.16236123E+00
  321  0.16530854E+00
  322  0.16825224E+00
  323  0.17119028E+00
  324  0.17411955E+00
  325  0.17703538E+00
  326  0.17993380E+00
  327  0.18281084E+00
  328  0.18566492E+00
  329  0.18849012E+00
  330  0.19128165E+00
  331  0.19403829E+00
  332  0.19675326E+00
  333  0.19942412E+00
  334  0.20204662E+00
  335  0.20461604E+00
  336  0.20712858E+00
  337  0.20957996E+00
  338  0.21196702E+00
  339  0.21428603E+00
  340  0.21653226E+00
  341  0.21870178E+00
  342  0.22079200E+00
  343  0.22279897E+00
  344  0.22471792E+00
  345  0.22654755E+00
  346  0.22828309E+00
  347  0.22992209E+00
  348  0.23146136E+00
  349  0.23289928E+00
  350  0.23423009E+00
  351  0.23545563E+00
  352  0.23657015E+00
  353  0.23757365E+00
  354  0.23846328E+00
  355  0.23923701E+00
  356  0.23989552E+00
  357  0.24043624E+00
  358  0.24085656E+00
  359  0.24115856E+00
  360  0.24133977E+00
 ]; 
