stt = [ 
    1  0.24161376E+00
    2  0.24155335E+00
    3  0.24137236E+00
    4  0.24107201E+00
    5  0.24065010E+00
    6  0.24010997E+00
    7  0.23945224E+00
    8  0.23867719E+00
    9  0.23778611E+00
   10  0.23678303E+00
   11  0.23566692E+00
   12  0.23444091E+00
   13  0.23310806E+00
   14  0.23166963E+00
   15  0.23012939E+00
   16  0.22848870E+00
   17  0.22675218E+00
   18  0.22492059E+00
   19  0.22300005E+00
   20  0.22099209E+00
   21  0.21890017E+00
   22  0.21672878E+00
   23  0.21448046E+00
   24  0.21216038E+00
   25  0.20977172E+00
   26  0.20731798E+00
   27  0.20480394E+00
   28  0.20223193E+00
   29  0.19960846E+00
   30  0.19693507E+00
   31  0.19421844E+00
   32  0.19145970E+00
   33  0.18866579E+00
   34  0.18583934E+00
   35  0.18298404E+00
   36  0.18010403E+00
   37  0.17720227E+00
   38  0.17428605E+00
   39  0.17135477E+00
   40  0.16841465E+00
   41  0.16546777E+00
   42  0.16251932E+00
   43  0.15957183E+00
   44  0.15662920E+00
   45  0.15369280E+00
   46  0.15076734E+00
   47  0.14785500E+00
   48  0.14495906E+00
   49  0.14208135E+00
   50  0.13922520E+00
   51  0.13639271E+00
   52  0.13358630E+00
   53  0.13080753E+00
   54  0.12805912E+00
   55  0.12534289E+00
   56  0.12265968E+00
   57  0.12001134E+00
   58  0.11740050E+00
   59  0.11482610E+00
   60  0.11229129E+00
   61  0.10979692E+00
   62  0.10734316E+00
   63  0.10492995E+00
   64  0.10256021E+00
   65  0.10023271E+00
   66  0.97948313E-01
   67  0.95707960E-01
   68  0.93510047E-01
   69  0.91357082E-01
   70  0.89247301E-01
   71  0.87181106E-01
   72  0.85158639E-01
   73  0.83179392E-01
   74  0.81242874E-01
   75  0.79349115E-01
   76  0.77497110E-01
   77  0.75687416E-01
   78  0.73917903E-01
   79  0.72189122E-01
   80  0.70500106E-01
   81  0.68849780E-01
   82  0.67237847E-01
   83  0.65663636E-01
   84  0.64125776E-01
   85  0.62623955E-01
   86  0.61157960E-01
   87  0.59725244E-01
   88  0.58326822E-01
   89  0.56960501E-01
   90  0.55626333E-01
   91  0.54323044E-01
   92  0.53049881E-01
   93  0.51805727E-01
   94  0.50590277E-01
   95  0.49402971E-01
   96  0.48241891E-01
   97  0.47107540E-01
   98  0.45998741E-01
   99  0.44914406E-01
  100  0.43854088E-01
  101  0.42817354E-01
  102  0.41803282E-01
  103  0.40811252E-01
  104  0.39840899E-01
  105  0.38891591E-01
  106  0.37962563E-01
  107  0.37053265E-01
  108  0.36163967E-01
  109  0.35293110E-01
  110  0.34440875E-01
  111  0.33606980E-01
  112  0.32790486E-01
  113  0.31991735E-01
  114  0.31209674E-01
  115  0.30444272E-01
  116  0.29695453E-01
  117  0.28962411E-01
  118  0.28245693E-01
  119  0.27544465E-01
  120  0.26858408E-01
  121  0.26187548E-01
  122  0.25531884E-01
  123  0.24890792E-01
  124  0.24264319E-01
  125  0.23652295E-01
  126  0.23054615E-01
  127  0.22470899E-01
  128  0.21901406E-01
  129  0.21345638E-01
  130  0.20803571E-01
  131  0.20275222E-01
  132  0.19760422E-01
  133  0.19258810E-01
  134  0.18770713E-01
  135  0.18295709E-01
  136  0.17833855E-01
  137  0.17384790E-01
  138  0.16948646E-01
  139  0.16525144E-01
  140  0.16114259E-01
  141  0.15715888E-01
  142  0.15329828E-01
  143  0.14956184E-01
  144  0.14594520E-01
  145  0.14245012E-01
  146  0.13907271E-01
  147  0.13581266E-01
  148  0.13266947E-01
  149  0.12964018E-01
  150  0.12672536E-01
  151  0.12392258E-01
  152  0.12122911E-01
  153  0.11864633E-01
  154  0.11617026E-01
  155  0.11380139E-01
  156  0.11153710E-01
  157  0.10937483E-01
  158  0.10731691E-01
  159  0.10535767E-01
  160  0.10349845E-01
  161  0.10173636E-01
  162  0.10007046E-01
  163  0.98500550E-02
  164  0.97023658E-02
  165  0.95637161E-02
  166  0.94343638E-02
  167  0.93138861E-02
  168  0.92023816E-02
  169  0.90995915E-02
  170  0.90054190E-02
  171  0.89198081E-02
  172  0.88427793E-02
  173  0.87740133E-02
  174  0.87134056E-02
  175  0.86612636E-02
  176  0.86174402E-02
  177  0.85813617E-02
  178  0.85536446E-02
  179  0.85341046E-02
  180  0.85223140E-02
  181  0.85187284E-02
  182  0.85230879E-02
  183  0.85356757E-02
  184  0.85559851E-02
  185  0.85845031E-02
  186  0.86210575E-02
  187  0.86659044E-02
  188  0.87189190E-02
  189  0.87800659E-02
  190  0.88495370E-02
  191  0.89273993E-02
  192  0.90138558E-02
  193  0.91087120E-02
  194  0.92124315E-02
  195  0.93247369E-02
  196  0.94460025E-02
  197  0.95763151E-02
  198  0.97155459E-02
  199  0.98641682E-02
  200  0.10022219E-01
  201  0.10189591E-01
  202  0.10366691E-01
  203  0.10553571E-01
  204  0.10750280E-01
  205  0.10957144E-01
  206  0.11174203E-01
  207  0.11401656E-01
  208  0.11639394E-01
  209  0.11887884E-01
  210  0.12147219E-01
  211  0.12417530E-01
  212  0.12698608E-01
  213  0.12991193E-01
  214  0.13295120E-01
  215  0.13610281E-01
  216  0.13937313E-01
  217  0.14275916E-01
  218  0.14626489E-01
  219  0.14988995E-01
  220  0.15363629E-01
  221  0.15750518E-01
  222  0.16149709E-01
  223  0.16561428E-01
  224  0.16985834E-01
  225  0.17422879E-01
  226  0.17872391E-01
  227  0.18335318E-01
  228  0.18810924E-01
  229  0.19299915E-01
  230  0.19801849E-01
  231  0.20317398E-01
  232  0.20846425E-01
  233  0.21388795E-01
  234  0.21945117E-01
  235  0.22515021E-01
  236  0.23098929E-01
  237  0.23697181E-01
  238  0.24309404E-01
  239  0.24935994E-01
  240  0.25577299E-01
  241  0.26233140E-01
  242  0.26903808E-01
  243  0.27589850E-01
  244  0.28290985E-01
  245  0.29007701E-01
  246  0.29740235E-01
  247  0.30488871E-01
  248  0.31253714E-01
  249  0.32035481E-01
  250  0.32834113E-01
  251  0.33649724E-01
  252  0.34483191E-01
  253  0.35334665E-01
  254  0.36204707E-01
  255  0.37093528E-01
  256  0.38001824E-01
  257  0.38929749E-01
  258  0.39878424E-01
  259  0.40847868E-01
  260  0.41838713E-01
  261  0.42851485E-01
  262  0.43887407E-01
  263  0.44946518E-01
  264  0.46029437E-01
  265  0.47137368E-01
  266  0.48270237E-01
  267  0.49429588E-01
  268  0.50615929E-01
  269  0.51829975E-01
  270  0.53072270E-01
  271  0.54344241E-01
  272  0.55645801E-01
  273  0.56979056E-01
  274  0.58343589E-01
  275  0.59740383E-01
  276  0.61171222E-01
  277  0.62636591E-01
  278  0.64136460E-01
  279  0.65672614E-01
  280  0.67245357E-01
  281  0.68855695E-01
  282  0.70504338E-01
  283  0.72191812E-01
  284  0.73919073E-01
  285  0.75686775E-01
  286  0.77495284E-01
  287  0.79345547E-01
  288  0.81238344E-01
  289  0.83173037E-01
  290  0.85150346E-01
  291  0.87171786E-01
  292  0.89236714E-01
  293  0.91344789E-01
  294  0.93496881E-01
  295  0.95692754E-01
  296  0.97931989E-01
  297  0.10021523E+00
  298  0.10254160E+00
  299  0.10491065E+00
  300  0.10732242E+00
  301  0.10977524E+00
  302  0.11226930E+00
  303  0.11480302E+00
  304  0.11737589E+00
  305  0.11998668E+00
  306  0.12263381E+00
  307  0.12531638E+00
  308  0.12803258E+00
  309  0.13078012E+00
  310  0.13355783E+00
  311  0.13636442E+00
  312  0.13919663E+00
  313  0.14205244E+00
  314  0.14492986E+00
  315  0.14782521E+00
  316  0.15073819E+00
  317  0.15366289E+00
  318  0.15659922E+00
  319  0.15954307E+00
  320  0.16249019E+00
  321  0.16543961E+00
  322  0.16838562E+00
  323  0.17132702E+00
  324  0.17425752E+00
  325  0.17717576E+00
  326  0.18007675E+00
  327  0.18295741E+00
  328  0.18581340E+00
  329  0.18864082E+00
  330  0.19143565E+00
  331  0.19419307E+00
  332  0.19691193E+00
  333  0.19958530E+00
  334  0.20221055E+00
  335  0.20478149E+00
  336  0.20729744E+00
  337  0.20975198E+00
  338  0.21214171E+00
  339  0.21446246E+00
  340  0.21671133E+00
  341  0.21888369E+00
  342  0.22097582E+00
  343  0.22298552E+00
  344  0.22490697E+00
  345  0.22673917E+00
  346  0.22847654E+00
  347  0.23011804E+00
  348  0.23165950E+00
  349  0.23309851E+00
  350  0.23443194E+00
  351  0.23565924E+00
  352  0.23677492E+00
  353  0.23778069E+00
  354  0.23867171E+00
  355  0.23944665E+00
  356  0.24010682E+00
  357  0.24064712E+00
  358  0.24106908E+00
  359  0.24137193E+00
  360  0.24155323E+00
 ]; 
