stt = [ 
    1  0.24173459E+00
    2  0.24167395E+00
    3  0.24149199E+00
    4  0.24119000E+00
    5  0.24076664E+00
    6  0.24022548E+00
    7  0.23956549E+00
    8  0.23878796E+00
    9  0.23789452E+00
   10  0.23688850E+00
   11  0.23576856E+00
   12  0.23454052E+00
   13  0.23320313E+00
   14  0.23176147E+00
   15  0.23021680E+00
   16  0.22857302E+00
   17  0.22683164E+00
   18  0.22499624E+00
   19  0.22307013E+00
   20  0.22105712E+00
   21  0.21896031E+00
   22  0.21678390E+00
   23  0.21453018E+00
   24  0.21220490E+00
   25  0.20981063E+00
   26  0.20735125E+00
   27  0.20483109E+00
   28  0.20225359E+00
   29  0.19962338E+00
   30  0.19694486E+00
   31  0.19422166E+00
   32  0.19145805E+00
   33  0.18865851E+00
   34  0.18582547E+00
   35  0.18296468E+00
   36  0.18007909E+00
   37  0.17717320E+00
   38  0.17425013E+00
   39  0.17131341E+00
   40  0.16836777E+00
   41  0.16541713E+00
   42  0.16246356E+00
   43  0.15951066E+00
   44  0.15656216E+00
   45  0.15362188E+00
   46  0.15069272E+00
   47  0.14777620E+00
   48  0.14487563E+00
   49  0.14199546E+00
   50  0.13913518E+00
   51  0.13629948E+00
   52  0.13349020E+00
   53  0.13070880E+00
   54  0.12795758E+00
   55  0.12523822E+00
   56  0.12255316E+00
   57  0.11990396E+00
   58  0.11729052E+00
   59  0.11471494E+00
   60  0.11217866E+00
   61  0.10968275E+00
   62  0.10722799E+00
   63  0.10481399E+00
   64  0.10244465E+00
   65  0.10011658E+00
   66  0.97832330E-01
   67  0.95591001E-01
   68  0.93394347E-01
   69  0.91241159E-01
   70  0.89132443E-01
   71  0.87067053E-01
   72  0.85045107E-01
   73  0.83066940E-01
   74  0.81131980E-01
   75  0.79239197E-01
   76  0.77388644E-01
   77  0.75580485E-01
   78  0.73812589E-01
   79  0.72085343E-01
   80  0.70397824E-01
   81  0.68749979E-01
   82  0.67139946E-01
   83  0.65567687E-01
   84  0.64032130E-01
   85  0.62532887E-01
   86  0.61067857E-01
   87  0.59638169E-01
   88  0.58241464E-01
   89  0.56877740E-01
   90  0.55545699E-01
   91  0.54244958E-01
   92  0.52973792E-01
   93  0.51732440E-01
   94  0.50519597E-01
   95  0.49334329E-01
   96  0.48176099E-01
   97  0.47044128E-01
   98  0.45938093E-01
   99  0.44855777E-01
  100  0.43797970E-01
  101  0.42763773E-01
  102  0.41752130E-01
  103  0.40762547E-01
  104  0.39794743E-01
  105  0.38847536E-01
  106  0.37920982E-01
  107  0.37014402E-01
  108  0.36126990E-01
  109  0.35258539E-01
  110  0.34408517E-01
  111  0.33576466E-01
  112  0.32762583E-01
  113  0.31965483E-01
  114  0.31185638E-01
  115  0.30422524E-01
  116  0.29675635E-01
  117  0.28945062E-01
  118  0.28230119E-01
  119  0.27530301E-01
  120  0.26846198E-01
  121  0.26177360E-01
  122  0.25522932E-01
  123  0.24883421E-01
  124  0.24258716E-01
  125  0.23648221E-01
  126  0.23051858E-01
  127  0.22469863E-01
  128  0.21901481E-01
  129  0.21347199E-01
  130  0.20806456E-01
  131  0.20279311E-01
  132  0.19765476E-01
  133  0.19265104E-01
  134  0.18777883E-01
  135  0.18303933E-01
  136  0.17842924E-01
  137  0.17394647E-01
  138  0.16959235E-01
  139  0.16536774E-01
  140  0.16126487E-01
  141  0.15728716E-01
  142  0.15343516E-01
  143  0.14970331E-01
  144  0.14609251E-01
  145  0.14260186E-01
  146  0.13922906E-01
  147  0.13597250E-01
  148  0.13283432E-01
  149  0.12980831E-01
  150  0.12689635E-01
  151  0.12409648E-01
  152  0.12140580E-01
  153  0.11882268E-01
  154  0.11634916E-01
  155  0.11398390E-01
  156  0.11171952E-01
  157  0.10955936E-01
  158  0.10749959E-01
  159  0.10554230E-01
  160  0.10368370E-01
  161  0.10192209E-01
  162  0.10025574E-01
  163  0.98684989E-02
  164  0.97207306E-02
  165  0.95822681E-02
  166  0.94526587E-02
  167  0.93321670E-02
  168  0.92205023E-02
  169  0.91175372E-02
  170  0.90232985E-02
  171  0.89375004E-02
  172  0.88602323E-02
  173  0.87913480E-02
  174  0.87307105E-02
  175  0.86782016E-02
  176  0.86340634E-02
  177  0.85979821E-02
  178  0.85701114E-02
  179  0.85498886E-02
  180  0.85379956E-02
  181  0.85340999E-02
  182  0.85379444E-02
  183  0.85502276E-02
  184  0.85702082E-02
  185  0.85984655E-02
  186  0.86346921E-02
  187  0.86789327E-02
  188  0.87314369E-02
  189  0.87921862E-02
  190  0.88612074E-02
  191  0.89386413E-02
  192  0.90245139E-02
  193  0.91189379E-02
  194  0.92219375E-02
  195  0.93338005E-02
  196  0.94543966E-02
  197  0.95840599E-02
  198  0.97226286E-02
  199  0.98706270E-02
  200  0.10027812E-01
  201  0.10194472E-01
  202  0.10370714E-01
  203  0.10556832E-01
  204  0.10752837E-01
  205  0.10958673E-01
  206  0.11174896E-01
  207  0.11401396E-01
  208  0.11638226E-01
  209  0.11885730E-01
  210  0.12143992E-01
  211  0.12413112E-01
  212  0.12693255E-01
  213  0.12984672E-01
  214  0.13287238E-01
  215  0.13601395E-01
  216  0.13927222E-01
  217  0.14264537E-01
  218  0.14613722E-01
  219  0.14974993E-01
  220  0.15348261E-01
  221  0.15733680E-01
  222  0.16131481E-01
  223  0.16541893E-01
  224  0.16964694E-01
  225  0.17400103E-01
  226  0.17848283E-01
  227  0.18309299E-01
  228  0.18783664E-01
  229  0.19270673E-01
  230  0.19771259E-01
  231  0.20285046E-01
  232  0.20812420E-01
  233  0.21353047E-01
  234  0.21907525E-01
  235  0.22475822E-01
  236  0.23058070E-01
  237  0.23654528E-01
  238  0.24264973E-01
  239  0.24889819E-01
  240  0.25529329E-01
  241  0.26183451E-01
  242  0.26852489E-01
  243  0.27536595E-01
  244  0.28236130E-01
  245  0.28951269E-01
  246  0.29681945E-01
  247  0.30428922E-01
  248  0.31191897E-01
  249  0.31971700E-01
  250  0.32768857E-01
  251  0.33582795E-01
  252  0.34414612E-01
  253  0.35264324E-01
  254  0.36132935E-01
  255  0.37020121E-01
  256  0.37926938E-01
  257  0.38853336E-01
  258  0.39800249E-01
  259  0.40768281E-01
  260  0.41757520E-01
  261  0.42769108E-01
  262  0.43803595E-01
  263  0.44861097E-01
  264  0.45942806E-01
  265  0.47049075E-01
  266  0.48181042E-01
  267  0.49339108E-01
  268  0.50524283E-01
  269  0.51736962E-01
  270  0.52978445E-01
  271  0.54249041E-01
  272  0.55549867E-01
  273  0.56882095E-01
  274  0.58245439E-01
  275  0.59641559E-01
  276  0.61071981E-01
  277  0.62536299E-01
  278  0.64035147E-01
  279  0.65570690E-01
  280  0.67142777E-01
  281  0.68752430E-01
  282  0.70400156E-01
  283  0.72087780E-01
  284  0.73814951E-01
  285  0.75582393E-01
  286  0.77391066E-01
  287  0.79241551E-01
  288  0.81133716E-01
  289  0.83068877E-01
  290  0.85046381E-01
  291  0.87068237E-01
  292  0.89133747E-01
  293  0.91242306E-01
  294  0.93395203E-01
  295  0.95592745E-01
  296  0.97833268E-01
  297  0.10011734E+00
  298  0.10244560E+00
  299  0.10481548E+00
  300  0.10722883E+00
  301  0.10968310E+00
  302  0.11217958E+00
  303  0.11471509E+00
  304  0.11729069E+00
  305  0.11990363E+00
  306  0.12255395E+00
  307  0.12523855E+00
  308  0.12795793E+00
  309  0.13070837E+00
  310  0.13349032E+00
  311  0.13629983E+00
  312  0.13913548E+00
  313  0.14199442E+00
  314  0.14487599E+00
  315  0.14777587E+00
  316  0.15069269E+00
  317  0.15362237E+00
  318  0.15656279E+00
  319  0.15951110E+00
  320  0.16246387E+00
  321  0.16541706E+00
  322  0.16836813E+00
  323  0.17131393E+00
  324  0.17424938E+00
  325  0.17717275E+00
  326  0.18007927E+00
  327  0.18296526E+00
  328  0.18582661E+00
  329  0.18865813E+00
  330  0.19145894E+00
  331  0.19422241E+00
  332  0.19694591E+00
  333  0.19962503E+00
  334  0.20225431E+00
  335  0.20483148E+00
  336  0.20735167E+00
  337  0.20981105E+00
  338  0.21220618E+00
  339  0.21453139E+00
  340  0.21678503E+00
  341  0.21896121E+00
  342  0.22105801E+00
  343  0.22307099E+00
  344  0.22499721E+00
  345  0.22683206E+00
  346  0.22857411E+00
  347  0.23021823E+00
  348  0.23176239E+00
  349  0.23320444E+00
  350  0.23454118E+00
  351  0.23576941E+00
  352  0.23688886E+00
  353  0.23789562E+00
  354  0.23878844E+00
  355  0.23956487E+00
  356  0.24022581E+00
  357  0.24076785E+00
  358  0.24118987E+00
  359  0.24149261E+00
  360  0.24167381E+00
 ]; 
