spt = [ 
    1  0.36793513E-08
    2  0.36346197E-08
    3  0.35909320E-08
    4  0.35435164E-08
    5  0.35070460E-08
    6  0.34650294E-08
    7  0.34169940E-08
    8  0.33775762E-08
    9  0.33352798E-08
   10  0.32976830E-08
   11  0.32568483E-08
   12  0.32155507E-08
   13  0.31771437E-08
   14  0.31391889E-08
   15  0.30998142E-08
   16  0.30623653E-08
   17  0.30245111E-08
   18  0.29821239E-08
   19  0.29459513E-08
   20  0.29074190E-08
   21  0.28675082E-08
   22  0.28289540E-08
   23  0.27882572E-08
   24  0.27506626E-08
   25  0.27102875E-08
   26  0.26723281E-08
   27  0.26311779E-08
   28  0.25909228E-08
   29  0.25489530E-08
   30  0.25089033E-08
   31  0.24681823E-08
   32  0.24264888E-08
   33  0.23842883E-08
   34  0.23419160E-08
   35  0.22959592E-08
   36  0.22556628E-08
   37  0.22101105E-08
   38  0.21704687E-08
   39  0.21192428E-08
   40  0.20739446E-08
   41  0.20345305E-08
   42  0.19885553E-08
   43  0.19418231E-08
   44  0.18989985E-08
   45  0.18568419E-08
   46  0.18124893E-08
   47  0.17629486E-08
   48  0.17253545E-08
   49  0.16796495E-08
   50  0.16327825E-08
   51  0.15939468E-08
   52  0.15495153E-08
   53  0.15081256E-08
   54  0.14676224E-08
   55  0.14301930E-08
   56  0.13908328E-08
   57  0.13517996E-08
   58  0.13101438E-08
   59  0.12744615E-08
   60  0.12397985E-08
   61  0.12075482E-08
   62  0.11714638E-08
   63  0.11411788E-08
   64  0.11087522E-08
   65  0.10785915E-08
   66  0.10511522E-08
   67  0.10205613E-08
   68  0.10001999E-08
   69  0.97564601E-09
   70  0.94858177E-09
   71  0.93045249E-09
   72  0.90743546E-09
   73  0.88932034E-09
   74  0.87074253E-09
   75  0.85877994E-09
   76  0.84037183E-09
   77  0.82635360E-09
   78  0.81490809E-09
   79  0.80017276E-09
   80  0.79315371E-09
   81  0.78341489E-09
   82  0.77316686E-09
   83  0.76667045E-09
   84  0.76214318E-09
   85  0.76057705E-09
   86  0.75735801E-09
   87  0.75919182E-09
   88  0.75803380E-09
   89  0.75455314E-09
   90  0.75891976E-09
   91  0.76048468E-09
   92  0.76789880E-09
   93  0.77043827E-09
   94  0.78254714E-09
   95  0.78760903E-09
   96  0.79543705E-09
   97  0.80595086E-09
   98  0.82132146E-09
   99  0.83364726E-09
  100  0.84677837E-09
  101  0.86489582E-09
  102  0.88228863E-09
  103  0.90124913E-09
  104  0.91960589E-09
  105  0.94500430E-09
  106  0.96586283E-09
  107  0.99042841E-09
  108  0.10183234E-08
  109  0.10455683E-08
  110  0.10748092E-08
  111  0.11070388E-08
  112  0.11358599E-08
  113  0.11744800E-08
  114  0.12117299E-08
  115  0.12487971E-08
  116  0.12841973E-08
  117  0.13230917E-08
  118  0.13693646E-08
  119  0.14134780E-08
  120  0.14545247E-08
  121  0.15024044E-08
  122  0.15498159E-08
  123  0.15945446E-08
  124  0.16444477E-08
  125  0.17002618E-08
  126  0.17487882E-08
  127  0.18026641E-08
  128  0.18553443E-08
  129  0.19123252E-08
  130  0.19656590E-08
  131  0.20230717E-08
  132  0.20796189E-08
  133  0.21383140E-08
  134  0.21961402E-08
  135  0.22488149E-08
  136  0.23103763E-08
  137  0.23687572E-08
  138  0.24293296E-08
  139  0.24885518E-08
  140  0.25473823E-08
  141  0.26013638E-08
  142  0.26623994E-08
  143  0.27144504E-08
  144  0.27747478E-08
  145  0.28324669E-08
  146  0.28893847E-08
  147  0.29471892E-08
  148  0.30006730E-08
  149  0.30540148E-08
  150  0.31030416E-08
  151  0.31607452E-08
  152  0.32168725E-08
  153  0.32642522E-08
  154  0.33197729E-08
  155  0.33647671E-08
  156  0.34143584E-08
  157  0.34622465E-08
  158  0.35113772E-08
  159  0.35545471E-08
  160  0.36041530E-08
  161  0.36477845E-08
  162  0.36919769E-08
  163  0.37345260E-08
  164  0.37799697E-08
  165  0.38243799E-08
  166  0.38678034E-08
  167  0.39055319E-08
  168  0.39497507E-08
  169  0.39902832E-08
  170  0.40297810E-08
  171  0.40694363E-08
  172  0.41105737E-08
  173  0.41517119E-08
  174  0.41884958E-08
  175  0.42344959E-08
  176  0.42717518E-08
  177  0.43112296E-08
  178  0.43507917E-08
  179  0.43896140E-08
  180  0.44303583E-08
  181  0.44696105E-08
  182  0.45120361E-08
  183  0.45478981E-08
  184  0.45912540E-08
  185  0.46309760E-08
  186  0.46725477E-08
  187  0.47138062E-08
  188  0.47535402E-08
  189  0.47957687E-08
  190  0.48389155E-08
  191  0.48796469E-08
  192  0.49199906E-08
  193  0.49597970E-08
  194  0.50019708E-08
  195  0.50402784E-08
  196  0.50831801E-08
  197  0.51243689E-08
  198  0.51620592E-08
  199  0.52009037E-08
  200  0.52396514E-08
  201  0.52762550E-08
  202  0.53162350E-08
  203  0.53542477E-08
  204  0.53902860E-08
  205  0.54252798E-08
  206  0.54527596E-08
  207  0.54883604E-08
  208  0.55186269E-08
  209  0.55482854E-08
  210  0.55735070E-08
  211  0.56045786E-08
  212  0.56296514E-08
  213  0.56518292E-08
  214  0.56715819E-08
  215  0.56890146E-08
  216  0.57060627E-08
  217  0.57171294E-08
  218  0.57294889E-08
  219  0.57414402E-08
  220  0.57474878E-08
  221  0.57514908E-08
  222  0.57509393E-08
  223  0.57574994E-08
  224  0.57591074E-08
  225  0.57461365E-08
  226  0.57409437E-08
  227  0.57381233E-08
  228  0.57234302E-08
  229  0.57147180E-08
  230  0.56976837E-08
  231  0.56761973E-08
  232  0.56563678E-08
  233  0.56397833E-08
  234  0.56168865E-08
  235  0.55903726E-08
  236  0.55637104E-08
  237  0.55365144E-08
  238  0.55015823E-08
  239  0.54733822E-08
  240  0.54446625E-08
  241  0.54141598E-08
  242  0.53855738E-08
  243  0.53490896E-08
  244  0.53191460E-08
  245  0.52802385E-08
  246  0.52493023E-08
  247  0.52178040E-08
  248  0.51807971E-08
  249  0.51455054E-08
  250  0.51161790E-08
  251  0.50842694E-08
  252  0.50460351E-08
  253  0.50130433E-08
  254  0.49872630E-08
  255  0.49640656E-08
  256  0.49381663E-08
  257  0.49126041E-08
  258  0.48868563E-08
  259  0.48597557E-08
  260  0.48376863E-08
  261  0.48239697E-08
  262  0.47926472E-08
  263  0.47825215E-08
  264  0.47684354E-08
  265  0.47529043E-08
  266  0.47406767E-08
  267  0.47342166E-08
  268  0.47241255E-08
  269  0.47245154E-08
  270  0.47262034E-08
  271  0.47147473E-08
  272  0.47193551E-08
  273  0.47249151E-08
  274  0.47164868E-08
  275  0.47406941E-08
  276  0.47410302E-08
  277  0.47561355E-08
  278  0.47666378E-08
  279  0.47810591E-08
  280  0.47926774E-08
  281  0.48110964E-08
  282  0.48256625E-08
  283  0.48518825E-08
  284  0.48654738E-08
  285  0.48849236E-08
  286  0.49189639E-08
  287  0.49484039E-08
  288  0.49699969E-08
  289  0.49898023E-08
  290  0.50140239E-08
  291  0.50497468E-08
  292  0.50802438E-08
  293  0.51080637E-08
  294  0.51355231E-08
  295  0.51583209E-08
  296  0.51961142E-08
  297  0.52147655E-08
  298  0.52440163E-08
  299  0.52702389E-08
  300  0.52992748E-08
  301  0.53239626E-08
  302  0.53423475E-08
  303  0.53796692E-08
  304  0.53979727E-08
  305  0.54151008E-08
  306  0.54346847E-08
  307  0.54491971E-08
  308  0.54627001E-08
  309  0.54735656E-08
  310  0.54844018E-08
  311  0.55003708E-08
  312  0.55136300E-08
  313  0.55036153E-08
  314  0.55061227E-08
  315  0.55073186E-08
  316  0.55069811E-08
  317  0.54968594E-08
  318  0.54867089E-08
  319  0.54810840E-08
  320  0.54550968E-08
  321  0.54486033E-08
  322  0.54254348E-08
  323  0.54030074E-08
  324  0.53792912E-08
  325  0.53472982E-08
  326  0.53243698E-08
  327  0.52939977E-08
  328  0.52582738E-08
  329  0.52219797E-08
  330  0.51951381E-08
  331  0.51472635E-08
  332  0.51077906E-08
  333  0.50642992E-08
  334  0.50178395E-08
  335  0.49783342E-08
  336  0.49265529E-08
  337  0.48825486E-08
  338  0.48331188E-08
  339  0.47832520E-08
  340  0.47290669E-08
  341  0.46800501E-08
  342  0.46315956E-08
  343  0.45798791E-08
  344  0.45266599E-08
  345  0.44768029E-08
  346  0.44187698E-08
  347  0.43692778E-08
  348  0.43161754E-08
  349  0.42648494E-08
  350  0.42136019E-08
  351  0.41618655E-08
  352  0.41117856E-08
  353  0.40591233E-08
  354  0.40116563E-08
  355  0.39609422E-08
  356  0.39113019E-08
  357  0.38640100E-08
  358  0.38182506E-08
  359  0.37709555E-08
  360  0.37240391E-08
 ]; 
