stt = [ 
    1  0.24176465E+00
    2  0.24170336E+00
    3  0.24152082E+00
    4  0.24121876E+00
    5  0.24079534E+00
    6  0.24025233E+00
    7  0.23959161E+00
    8  0.23881444E+00
    9  0.23792008E+00
   10  0.23691246E+00
   11  0.23579305E+00
   12  0.23456320E+00
   13  0.23322603E+00
   14  0.23178320E+00
   15  0.23023668E+00
   16  0.22859199E+00
   17  0.22684906E+00
   18  0.22501376E+00
   19  0.22308667E+00
   20  0.22107296E+00
   21  0.21897593E+00
   22  0.21679711E+00
   23  0.21454331E+00
   24  0.21221679E+00
   25  0.20982201E+00
   26  0.20736173E+00
   27  0.20484032E+00
   28  0.20226221E+00
   29  0.19963300E+00
   30  0.19695356E+00
   31  0.19422948E+00
   32  0.19146644E+00
   33  0.18866517E+00
   34  0.18583192E+00
   35  0.18297058E+00
   36  0.18008427E+00
   37  0.17717831E+00
   38  0.17425556E+00
   39  0.17131864E+00
   40  0.16837323E+00
   41  0.16542107E+00
   42  0.16246761E+00
   43  0.15951593E+00
   44  0.15656699E+00
   45  0.15362684E+00
   46  0.15069743E+00
   47  0.14778095E+00
   48  0.14488029E+00
   49  0.14200000E+00
   50  0.13914034E+00
   51  0.13630500E+00
   52  0.13349488E+00
   53  0.13071440E+00
   54  0.12796307E+00
   55  0.12524395E+00
   56  0.12255909E+00
   57  0.11990954E+00
   58  0.11729620E+00
   59  0.11472097E+00
   60  0.11218538E+00
   61  0.10968953E+00
   62  0.10723526E+00
   63  0.10482213E+00
   64  0.10245170E+00
   65  0.10012364E+00
   66  0.97839169E-01
   67  0.95598496E-01
   68  0.93402021E-01
   69  0.91248855E-01
   70  0.89139812E-01
   71  0.87074913E-01
   72  0.85053220E-01
   73  0.83074816E-01
   74  0.81139915E-01
   75  0.79247557E-01
   76  0.77396952E-01
   77  0.75588197E-01
   78  0.73820822E-01
   79  0.72094038E-01
   80  0.70406489E-01
   81  0.68757959E-01
   82  0.67148626E-01
   83  0.65576330E-01
   84  0.64040855E-01
   85  0.62541075E-01
   86  0.61076961E-01
   87  0.59646640E-01
   88  0.58250755E-01
   89  0.56886718E-01
   90  0.55554796E-01
   91  0.54254137E-01
   92  0.52983295E-01
   93  0.51741920E-01
   94  0.50528787E-01
   95  0.49343977E-01
   96  0.48185773E-01
   97  0.47053460E-01
   98  0.45947626E-01
   99  0.44865746E-01
  100  0.43807808E-01
  101  0.42773634E-01
  102  0.41762240E-01
  103  0.40772758E-01
  104  0.39804999E-01
  105  0.38858041E-01
  106  0.37931435E-01
  107  0.37024759E-01
  108  0.36137260E-01
  109  0.35268977E-01
  110  0.34419063E-01
  111  0.33587426E-01
  112  0.32773264E-01
  113  0.31976450E-01
  114  0.31196553E-01
  115  0.30433316E-01
  116  0.29686620E-01
  117  0.28955616E-01
  118  0.28240908E-01
  119  0.27540987E-01
  120  0.26856685E-01
  121  0.26187642E-01
  122  0.25533456E-01
  123  0.24893953E-01
  124  0.24268979E-01
  125  0.23658304E-01
  126  0.23061944E-01
  127  0.22479590E-01
  128  0.21911195E-01
  129  0.21356439E-01
  130  0.20815575E-01
  131  0.20288253E-01
  132  0.19774329E-01
  133  0.19273726E-01
  134  0.18786233E-01
  135  0.18311948E-01
  136  0.17850656E-01
  137  0.17402323E-01
  138  0.16966555E-01
  139  0.16543686E-01
  140  0.16133230E-01
  141  0.15735190E-01
  142  0.15349526E-01
  143  0.14976109E-01
  144  0.14614658E-01
  145  0.14265286E-01
  146  0.13927866E-01
  147  0.13601947E-01
  148  0.13287604E-01
  149  0.12984818E-01
  150  0.12693213E-01
  151  0.12412964E-01
  152  0.12143592E-01
  153  0.11885291E-01
  154  0.11637435E-01
  155  0.11400410E-01
  156  0.11173837E-01
  157  0.10957416E-01
  158  0.10751395E-01
  159  0.10555249E-01
  160  0.10369062E-01
  161  0.10192664E-01
  162  0.10025855E-01
  163  0.98683974E-02
  164  0.97204437E-02
  165  0.95815361E-02
  166  0.94517814E-02
  167  0.93310615E-02
  168  0.92190998E-02
  169  0.91159232E-02
  170  0.90213222E-02
  171  0.89352969E-02
  172  0.88577513E-02
  173  0.87884953E-02
  174  0.87276418E-02
  175  0.86749243E-02
  176  0.86303847E-02
  177  0.85938880E-02
  178  0.85657015E-02
  179  0.85453130E-02
  180  0.85331770E-02
  181  0.85288929E-02
  182  0.85325977E-02
  183  0.85442308E-02
  184  0.85640149E-02
  185  0.85919006E-02
  186  0.86276680E-02
  187  0.86718127E-02
  188  0.87237507E-02
  189  0.87842392E-02
  190  0.88529177E-02
  191  0.89299772E-02
  192  0.90153581E-02
  193  0.91092056E-02
  194  0.92118289E-02
  195  0.93231881E-02
  196  0.94433241E-02
  197  0.95724603E-02
  198  0.97107058E-02
  199  0.98580718E-02
  200  0.10014757E-01
  201  0.10181029E-01
  202  0.10356816E-01
  203  0.10542280E-01
  204  0.10737603E-01
  205  0.10943092E-01
  206  0.11158663E-01
  207  0.11384470E-01
  208  0.11620777E-01
  209  0.11867733E-01
  210  0.12125365E-01
  211  0.12393898E-01
  212  0.12673487E-01
  213  0.12964093E-01
  214  0.13266155E-01
  215  0.13579519E-01
  216  0.13904617E-01
  217  0.14241272E-01
  218  0.14590033E-01
  219  0.14950512E-01
  220  0.15323096E-01
  221  0.15707895E-01
  222  0.16104981E-01
  223  0.16514428E-01
  224  0.16936617E-01
  225  0.17371383E-01
  226  0.17818930E-01
  227  0.18279308E-01
  228  0.18752828E-01
  229  0.19239543E-01
  230  0.19739309E-01
  231  0.20252498E-01
  232  0.20779226E-01
  233  0.21319214E-01
  234  0.21873178E-01
  235  0.22440767E-01
  236  0.23022356E-01
  237  0.23618221E-01
  238  0.24228156E-01
  239  0.24852589E-01
  240  0.25491536E-01
  241  0.26145069E-01
  242  0.26813775E-01
  243  0.27497500E-01
  244  0.28196584E-01
  245  0.28911086E-01
  246  0.29641693E-01
  247  0.30388249E-01
  248  0.31151159E-01
  249  0.31930696E-01
  250  0.32727338E-01
  251  0.33541195E-01
  252  0.34373194E-01
  253  0.35222914E-01
  254  0.36091145E-01
  255  0.36978323E-01
  256  0.37885219E-01
  257  0.38811866E-01
  258  0.39758768E-01
  259  0.40726889E-01
  260  0.41716661E-01
  261  0.42728197E-01
  262  0.43763060E-01
  263  0.44820800E-01
  264  0.45903068E-01
  265  0.47009796E-01
  266  0.48142195E-01
  267  0.49300801E-01
  268  0.50486661E-01
  269  0.51699631E-01
  270  0.52941754E-01
  271  0.54213468E-01
  272  0.55514645E-01
  273  0.56847408E-01
  274  0.58212165E-01
  275  0.59609275E-01
  276  0.61039656E-01
  277  0.62504567E-01
  278  0.64005293E-01
  279  0.65541692E-01
  280  0.67115091E-01
  281  0.68725243E-01
  282  0.70374720E-01
  283  0.72062969E-01
  284  0.73791333E-01
  285  0.75559728E-01
  286  0.77369370E-01
  287  0.79220682E-01
  288  0.81114486E-01
  289  0.83050437E-01
  290  0.85030153E-01
  291  0.87052315E-01
  292  0.89119077E-01
  293  0.91228731E-01
  294  0.93383126E-01
  295  0.95580824E-01
  296  0.97822525E-01
  297  0.10010830E+00
  298  0.10243673E+00
  299  0.10480873E+00
  300  0.10722316E+00
  301  0.10967936E+00
  302  0.11217613E+00
  303  0.11471292E+00
  304  0.11728971E+00
  305  0.11990372E+00
  306  0.12255480E+00
  307  0.12524073E+00
  308  0.12796094E+00
  309  0.13071273E+00
  310  0.13349541E+00
  311  0.13630563E+00
  312  0.13914207E+00
  313  0.14200297E+00
  314  0.14488541E+00
  315  0.14778620E+00
  316  0.15070321E+00
  317  0.15363412E+00
  318  0.15657568E+00
  319  0.15952480E+00
  320  0.16247745E+00
  321  0.16543195E+00
  322  0.16838431E+00
  323  0.17133032E+00
  324  0.17426682E+00
  325  0.17719133E+00
  326  0.18009852E+00
  327  0.18298542E+00
  328  0.18584706E+00
  329  0.18868081E+00
  330  0.19148149E+00
  331  0.19424510E+00
  332  0.19696966E+00
  333  0.19964807E+00
  334  0.20227967E+00
  335  0.20485699E+00
  336  0.20737796E+00
  337  0.20983782E+00
  338  0.21223249E+00
  339  0.21455947E+00
  340  0.21681277E+00
  341  0.21899077E+00
  342  0.22108738E+00
  343  0.22310095E+00
  344  0.22502737E+00
  345  0.22686297E+00
  346  0.22860466E+00
  347  0.23024954E+00
  348  0.23179440E+00
  349  0.23323624E+00
  350  0.23457298E+00
  351  0.23580115E+00
  352  0.23692103E+00
  353  0.23792756E+00
  354  0.23882069E+00
  355  0.23959744E+00
  356  0.24025707E+00
  357  0.24079929E+00
  358  0.24122114E+00
  359  0.24152328E+00
  360  0.24170415E+00
 ]; 
