stt = [ 
    1  0.24176210E+00
    2  0.24170060E+00
    3  0.24151915E+00
    4  0.24121512E+00
    5  0.24079297E+00
    6  0.24025032E+00
    7  0.23958953E+00
    8  0.23881215E+00
    9  0.23791808E+00
   10  0.23691089E+00
   11  0.23579146E+00
   12  0.23456118E+00
   13  0.23322353E+00
   14  0.23178147E+00
   15  0.23023544E+00
   16  0.22859052E+00
   17  0.22684780E+00
   18  0.22501142E+00
   19  0.22308506E+00
   20  0.22107081E+00
   21  0.21897328E+00
   22  0.21679625E+00
   23  0.21454260E+00
   24  0.21221462E+00
   25  0.20981950E+00
   26  0.20735808E+00
   27  0.20483756E+00
   28  0.20225911E+00
   29  0.19962907E+00
   30  0.19694988E+00
   31  0.19422546E+00
   32  0.19146042E+00
   33  0.18865965E+00
   34  0.18582685E+00
   35  0.18296435E+00
   36  0.18007775E+00
   37  0.17717099E+00
   38  0.17424725E+00
   39  0.17131095E+00
   40  0.16836436E+00
   41  0.16541329E+00
   42  0.16245918E+00
   43  0.15950617E+00
   44  0.15655702E+00
   45  0.15361626E+00
   46  0.15068617E+00
   47  0.14776938E+00
   48  0.14486863E+00
   49  0.14198755E+00
   50  0.13912785E+00
   51  0.13629182E+00
   52  0.13348207E+00
   53  0.13070092E+00
   54  0.12794910E+00
   55  0.12523060E+00
   56  0.12254496E+00
   57  0.11989512E+00
   58  0.11728135E+00
   59  0.11470649E+00
   60  0.11216983E+00
   61  0.10967399E+00
   62  0.10721944E+00
   63  0.10480637E+00
   64  0.10243587E+00
   65  0.10010838E+00
   66  0.97824052E-01
   67  0.95583126E-01
   68  0.93386546E-01
   69  0.91233812E-01
   70  0.89124694E-01
   71  0.87060019E-01
   72  0.85038707E-01
   73  0.83060429E-01
   74  0.81125110E-01
   75  0.79233132E-01
   76  0.77382959E-01
   77  0.75574659E-01
   78  0.73806822E-01
   79  0.72080374E-01
   80  0.70393570E-01
   81  0.68745427E-01
   82  0.67135833E-01
   83  0.65563746E-01
   84  0.64028867E-01
   85  0.62529728E-01
   86  0.61065175E-01
   87  0.59635881E-01
   88  0.58239691E-01
   89  0.56876268E-01
   90  0.55544659E-01
   91  0.54244388E-01
   92  0.52973498E-01
   93  0.51732257E-01
   94  0.50520103E-01
   95  0.49335409E-01
   96  0.48177529E-01
   97  0.47046028E-01
   98  0.45940232E-01
   99  0.44858571E-01
  100  0.43801025E-01
  101  0.42766981E-01
  102  0.41755755E-01
  103  0.40766999E-01
  104  0.39799217E-01
  105  0.38852748E-01
  106  0.37926432E-01
  107  0.37020162E-01
  108  0.36133140E-01
  109  0.35264920E-01
  110  0.34415271E-01
  111  0.33583988E-01
  112  0.32770216E-01
  113  0.31973720E-01
  114  0.31193892E-01
  115  0.30431233E-01
  116  0.29684497E-01
  117  0.28954230E-01
  118  0.28239328E-01
  119  0.27540118E-01
  120  0.26856359E-01
  121  0.26187463E-01
  122  0.25533412E-01
  123  0.24894336E-01
  124  0.24269689E-01
  125  0.23659272E-01
  126  0.23063039E-01
  127  0.22481125E-01
  128  0.21913065E-01
  129  0.21358758E-01
  130  0.20818163E-01
  131  0.20290915E-01
  132  0.19777354E-01
  133  0.19277124E-01
  134  0.18789997E-01
  135  0.18316001E-01
  136  0.17854940E-01
  137  0.17406706E-01
  138  0.16971488E-01
  139  0.16548708E-01
  140  0.16138669E-01
  141  0.15740750E-01
  142  0.15355344E-01
  143  0.14982136E-01
  144  0.14621121E-01
  145  0.14271861E-01
  146  0.13934528E-01
  147  0.13608913E-01
  148  0.13294806E-01
  149  0.12992125E-01
  150  0.12700809E-01
  151  0.12420743E-01
  152  0.12151606E-01
  153  0.11893243E-01
  154  0.11645762E-01
  155  0.11408982E-01
  156  0.11182523E-01
  157  0.10966357E-01
  158  0.10760411E-01
  159  0.10564483E-01
  160  0.10378375E-01
  161  0.10202033E-01
  162  0.10035286E-01
  163  0.98779732E-02
  164  0.97301705E-02
  165  0.95914835E-02
  166  0.94618062E-02
  167  0.93411487E-02
  168  0.92292354E-02
  169  0.91261547E-02
  170  0.90317465E-02
  171  0.89458413E-02
  172  0.88684689E-02
  173  0.87992335E-02
  174  0.87385420E-02
  175  0.86859446E-02
  176  0.86414209E-02
  177  0.86052455E-02
  178  0.85769184E-02
  179  0.85567571E-02
  180  0.85447039E-02
  181  0.85404785E-02
  182  0.85443286E-02
  183  0.85562486E-02
  184  0.85761966E-02
  185  0.86040907E-02
  186  0.86399093E-02
  187  0.86841593E-02
  188  0.87365359E-02
  189  0.87970085E-02
  190  0.88658854E-02
  191  0.89430977E-02
  192  0.90286387E-02
  193  0.91228113E-02
  194  0.92255538E-02
  195  0.93370676E-02
  196  0.94574718E-02
  197  0.95867394E-02
  198  0.97251013E-02
  199  0.98726749E-02
  200  0.10029650E-01
  201  0.10196080E-01
  202  0.10372031E-01
  203  0.10557681E-01
  204  0.10753337E-01
  205  0.10958949E-01
  206  0.11174777E-01
  207  0.11400683E-01
  208  0.11637409E-01
  209  0.11884456E-01
  210  0.12142219E-01
  211  0.12411132E-01
  212  0.12690784E-01
  213  0.12981699E-01
  214  0.13284067E-01
  215  0.13597649E-01
  216  0.13922870E-01
  217  0.14259909E-01
  218  0.14608650E-01
  219  0.14969390E-01
  220  0.15342331E-01
  221  0.15727272E-01
  222  0.16124690E-01
  223  0.16534377E-01
  224  0.16956663E-01
  225  0.17391559E-01
  226  0.17839350E-01
  227  0.18300043E-01
  228  0.18773638E-01
  229  0.19260341E-01
  230  0.19760471E-01
  231  0.20273643E-01
  232  0.20800438E-01
  233  0.21340642E-01
  234  0.21894719E-01
  235  0.22462593E-01
  236  0.23044465E-01
  237  0.23640156E-01
  238  0.24250194E-01
  239  0.24874847E-01
  240  0.25513705E-01
  241  0.26167354E-01
  242  0.26836151E-01
  243  0.27519824E-01
  244  0.28218862E-01
  245  0.28933566E-01
  246  0.29663855E-01
  247  0.30410234E-01
  248  0.31173361E-01
  249  0.31952962E-01
  250  0.32749575E-01
  251  0.33563342E-01
  252  0.34394808E-01
  253  0.35244439E-01
  254  0.36112539E-01
  255  0.36999758E-01
  256  0.37906047E-01
  257  0.38832586E-01
  258  0.39779220E-01
  259  0.40747166E-01
  260  0.41736588E-01
  261  0.42747859E-01
  262  0.43781981E-01
  263  0.44839915E-01
  264  0.45921549E-01
  265  0.47027867E-01
  266  0.48159886E-01
  267  0.49317993E-01
  268  0.50503444E-01
  269  0.51716078E-01
  270  0.52957658E-01
  271  0.54228622E-01
  272  0.55529557E-01
  273  0.56861494E-01
  274  0.58225717E-01
  275  0.59622210E-01
  276  0.61051901E-01
  277  0.62516741E-01
  278  0.64016521E-01
  279  0.65552063E-01
  280  0.67124791E-01
  281  0.68734646E-01
  282  0.70382766E-01
  283  0.72070614E-01
  284  0.73798448E-01
  285  0.75566307E-01
  286  0.77375464E-01
  287  0.79226479E-01
  288  0.81118830E-01
  289  0.83054923E-01
  290  0.85033298E-01
  291  0.87055050E-01
  292  0.89121372E-01
  293  0.91230534E-01
  294  0.93383685E-01
  295  0.95581442E-01
  296  0.97822741E-01
  297  0.10010790E+00
  298  0.10243570E+00
  299  0.10480692E+00
  300  0.10722034E+00
  301  0.10967620E+00
  302  0.11217301E+00
  303  0.11470978E+00
  304  0.11728528E+00
  305  0.11989910E+00
  306  0.12254984E+00
  307  0.12523599E+00
  308  0.12795542E+00
  309  0.13070713E+00
  310  0.13348892E+00
  311  0.13629976E+00
  312  0.13913587E+00
  313  0.14199644E+00
  314  0.14487816E+00
  315  0.14777912E+00
  316  0.15069640E+00
  317  0.15362716E+00
  318  0.15656866E+00
  319  0.15951733E+00
  320  0.16247028E+00
  321  0.16542494E+00
  322  0.16837639E+00
  323  0.17132321E+00
  324  0.17426054E+00
  325  0.17718433E+00
  326  0.18009129E+00
  327  0.18297802E+00
  328  0.18583949E+00
  329  0.18867366E+00
  330  0.19147423E+00
  331  0.19423854E+00
  332  0.19696285E+00
  333  0.19964235E+00
  334  0.20227334E+00
  335  0.20484981E+00
  336  0.20737119E+00
  337  0.20983151E+00
  338  0.21222711E+00
  339  0.21455310E+00
  340  0.21680732E+00
  341  0.21898460E+00
  342  0.22108124E+00
  343  0.22309503E+00
  344  0.22502173E+00
  345  0.22685756E+00
  346  0.22859950E+00
  347  0.23024422E+00
  348  0.23178929E+00
  349  0.23323156E+00
  350  0.23456900E+00
  351  0.23579724E+00
  352  0.23691644E+00
  353  0.23792307E+00
  354  0.23881610E+00
  355  0.23959468E+00
  356  0.24025430E+00
  357  0.24079567E+00
  358  0.24121757E+00
  359  0.24152014E+00
  360  0.24170081E+00
 ]; 
