spt = [ 
    1  0.25768224E-09
    2  0.26342051E-09
    3  0.26794805E-09
    4  0.27381300E-09
    5  0.27971239E-09
    6  0.28476943E-09
    7  0.29129008E-09
    8  0.29858913E-09
    9  0.30460767E-09
   10  0.31271330E-09
   11  0.31791417E-09
   12  0.32670272E-09
   13  0.33271430E-09
   14  0.33964248E-09
   15  0.34616948E-09
   16  0.35598038E-09
   17  0.36535733E-09
   18  0.37253625E-09
   19  0.38113271E-09
   20  0.38929679E-09
   21  0.39801115E-09
   22  0.40669643E-09
   23  0.41679535E-09
   24  0.42403039E-09
   25  0.43330964E-09
   26  0.44219359E-09
   27  0.45201434E-09
   28  0.46138068E-09
   29  0.47095172E-09
   30  0.47868653E-09
   31  0.48745347E-09
   32  0.49549287E-09
   33  0.50465310E-09
   34  0.51462634E-09
   35  0.52328247E-09
   36  0.52960286E-09
   37  0.53939797E-09
   38  0.54517729E-09
   39  0.55381705E-09
   40  0.56183758E-09
   41  0.56884913E-09
   42  0.57698440E-09
   43  0.58367317E-09
   44  0.59046401E-09
   45  0.59793448E-09
   46  0.60338762E-09
   47  0.60975236E-09
   48  0.61620609E-09
   49  0.62002237E-09
   50  0.62313704E-09
   51  0.62609734E-09
   52  0.63638672E-09
   53  0.63878369E-09
   54  0.64088207E-09
   55  0.64580152E-09
   56  0.65014233E-09
   57  0.65135253E-09
   58  0.65329364E-09
   59  0.65899597E-09
   60  0.66152733E-09
   61  0.66071804E-09
   62  0.66500555E-09
   63  0.66373340E-09
   64  0.66803812E-09
   65  0.66814065E-09
   66  0.66721184E-09
   67  0.66873540E-09
   68  0.66836092E-09
   69  0.67079325E-09
   70  0.67180872E-09
   71  0.67195260E-09
   72  0.66895778E-09
   73  0.67100486E-09
   74  0.67456091E-09
   75  0.67539024E-09
   76  0.67221878E-09
   77  0.67447170E-09
   78  0.67421119E-09
   79  0.67370876E-09
   80  0.67242734E-09
   81  0.67423328E-09
   82  0.67341216E-09
   83  0.67558309E-09
   84  0.67426215E-09
   85  0.67220179E-09
   86  0.67810119E-09
   87  0.67719486E-09
   88  0.67674921E-09
   89  0.67660766E-09
   90  0.68049577E-09
   91  0.67998845E-09
   92  0.68211792E-09
   93  0.68386469E-09
   94  0.68814898E-09
   95  0.68822126E-09
   96  0.68892353E-09
   97  0.69139161E-09
   98  0.69125644E-09
   99  0.69192752E-09
  100  0.69501516E-09
  101  0.69911577E-09
  102  0.69957568E-09
  103  0.70206879E-09
  104  0.70844813E-09
  105  0.71038819E-09
  106  0.71467882E-09
  107  0.71182144E-09
  108  0.71527062E-09
  109  0.72345319E-09
  110  0.72526701E-09
  111  0.72493522E-09
  112  0.73085960E-09
  113  0.73496631E-09
  114  0.73655071E-09
  115  0.73905215E-09
  116  0.74249684E-09
  117  0.74409390E-09
  118  0.74747897E-09
  119  0.75108775E-09
  120  0.75324946E-09
  121  0.75565298E-09
  122  0.75953921E-09
  123  0.76106810E-09
  124  0.76287920E-09
  125  0.76544510E-09
  126  0.76628565E-09
  127  0.76837220E-09
  128  0.76708850E-09
  129  0.77143969E-09
  130  0.77357482E-09
  131  0.76909018E-09
  132  0.77084222E-09
  133  0.77251461E-09
  134  0.77298556E-09
  135  0.77174472E-09
  136  0.77046169E-09
  137  0.77024315E-09
  138  0.76738443E-09
  139  0.76749546E-09
  140  0.76523621E-09
  141  0.75950657E-09
  142  0.75996115E-09
  143  0.75603307E-09
  144  0.75388124E-09
  145  0.75065815E-09
  146  0.74529694E-09
  147  0.74203488E-09
  148  0.73849438E-09
  149  0.73324441E-09
  150  0.72791051E-09
  151  0.72458645E-09
  152  0.71698247E-09
  153  0.71226147E-09
  154  0.70646772E-09
  155  0.70020739E-09
  156  0.69404149E-09
  157  0.68770867E-09
  158  0.68141121E-09
  159  0.67502187E-09
  160  0.66780287E-09
  161  0.66117778E-09
  162  0.65317712E-09
  163  0.64599892E-09
  164  0.63963923E-09
  165  0.63208472E-09
  166  0.62457789E-09
  167  0.61627287E-09
  168  0.60957356E-09
  169  0.60170036E-09
  170  0.59405070E-09
  171  0.58705540E-09
  172  0.57893679E-09
  173  0.57135185E-09
  174  0.56348509E-09
  175  0.55606547E-09
  176  0.54842164E-09
  177  0.54102428E-09
  178  0.53367039E-09
  179  0.52592569E-09
  180  0.51817106E-09
  181  0.51140991E-09
  182  0.50378723E-09
  183  0.49700821E-09
  184  0.48983845E-09
  185  0.48224896E-09
  186  0.47525778E-09
  187  0.46843784E-09
  188  0.46177284E-09
  189  0.45379969E-09
  190  0.44704132E-09
  191  0.43996012E-09
  192  0.43310319E-09
  193  0.42591358E-09
  194  0.41898771E-09
  195  0.41196552E-09
  196  0.40452156E-09
  197  0.39794887E-09
  198  0.39065168E-09
  199  0.38399076E-09
  200  0.37709874E-09
  201  0.36974909E-09
  202  0.36310913E-09
  203  0.35551181E-09
  204  0.34886874E-09
  205  0.34143843E-09
  206  0.33436101E-09
  207  0.32729400E-09
  208  0.32002398E-09
  209  0.31320915E-09
  210  0.30536759E-09
  211  0.29806929E-09
  212  0.29146696E-09
  213  0.28415087E-09
  214  0.27564698E-09
  215  0.26723690E-09
  216  0.26063096E-09
  217  0.25341870E-09
  218  0.24542696E-09
  219  0.23842275E-09
  220  0.23033399E-09
  221  0.22338802E-09
  222  0.21567115E-09
  223  0.20808763E-09
  224  0.20069899E-09
  225  0.19312936E-09
  226  0.18699517E-09
  227  0.17967432E-09
  228  0.17144222E-09
  229  0.16578572E-09
  230  0.15836585E-09
  231  0.15209796E-09
  232  0.14541644E-09
  233  0.13816338E-09
  234  0.13287260E-09
  235  0.12665262E-09
  236  0.12092455E-09
  237  0.11520219E-09
  238  0.10907035E-09
  239  0.10321703E-09
  240  0.97738512E-10
  241  0.93372886E-10
  242  0.87917951E-10
  243  0.84868744E-10
  244  0.79831461E-10
  245  0.75527674E-10
  246  0.72886613E-10
  247  0.68680429E-10
  248  0.64736383E-10
  249  0.60844794E-10
  250  0.57812154E-10
  251  0.55662686E-10
  252  0.52576173E-10
  253  0.50742261E-10
  254  0.48544144E-10
  255  0.45770013E-10
  256  0.44087900E-10
  257  0.41535757E-10
  258  0.40336803E-10
  259  0.38811392E-10
  260  0.38526335E-10
  261  0.36034960E-10
  262  0.36289628E-10
  263  0.34770995E-10
  264  0.33808182E-10
  265  0.32913117E-10
  266  0.33085545E-10
  267  0.32808388E-10
  268  0.32284793E-10
  269  0.32653099E-10
  270  0.32158311E-10
  271  0.32419997E-10
  272  0.32242077E-10
  273  0.32495177E-10
  274  0.33232098E-10
  275  0.34604306E-10
  276  0.34338546E-10
  277  0.34400083E-10
  278  0.35465905E-10
  279  0.35796685E-10
  280  0.37006551E-10
  281  0.38517061E-10
  282  0.39199744E-10
  283  0.40323512E-10
  284  0.41472433E-10
  285  0.43532955E-10
  286  0.44111433E-10
  287  0.46169565E-10
  288  0.47774069E-10
  289  0.48946080E-10
  290  0.52191727E-10
  291  0.54719784E-10
  292  0.55247348E-10
  293  0.57259954E-10
  294  0.59555097E-10
  295  0.62414268E-10
  296  0.63505028E-10
  297  0.67128254E-10
  298  0.69829628E-10
  299  0.72344179E-10
  300  0.74444187E-10
  301  0.76390644E-10
  302  0.79428276E-10
  303  0.83465852E-10
  304  0.85305506E-10
  305  0.88428306E-10
  306  0.91890329E-10
  307  0.95636256E-10
  308  0.97717320E-10
  309  0.10124074E-09
  310  0.10435468E-09
  311  0.10763038E-09
  312  0.11023351E-09
  313  0.11395925E-09
  314  0.11674296E-09
  315  0.12085445E-09
  316  0.12291138E-09
  317  0.12631882E-09
  318  0.12965504E-09
  319  0.13226965E-09
  320  0.13498805E-09
  321  0.13861316E-09
  322  0.14163086E-09
  323  0.14303146E-09
  324  0.14686194E-09
  325  0.14957173E-09
  326  0.15355393E-09
  327  0.15588293E-09
  328  0.15716210E-09
  329  0.15977406E-09
  330  0.16208543E-09
  331  0.16562400E-09
  332  0.16754545E-09
  333  0.16918240E-09
  334  0.17232660E-09
  335  0.17485201E-09
  336  0.17629312E-09
  337  0.17946593E-09
  338  0.18189637E-09
  339  0.18425657E-09
  340  0.18593978E-09
  341  0.18936074E-09
  342  0.19217142E-09
  343  0.19391258E-09
  344  0.19574253E-09
  345  0.19877611E-09
  346  0.20265820E-09
  347  0.20549600E-09
  348  0.20696930E-09
  349  0.21007204E-09
  350  0.21325749E-09
  351  0.21568233E-09
  352  0.22029270E-09
  353  0.22354436E-09
  354  0.22656560E-09
  355  0.23128856E-09
  356  0.23439595E-09
  357  0.23945590E-09
  358  0.24418037E-09
  359  0.24826866E-09
  360  0.25301869E-09
 ]; 
