spt = [ 
    1  0.11867741E-08
    2  0.11944191E-08
    3  0.12006750E-08
    4  0.12085793E-08
    5  0.12143626E-08
    6  0.12225102E-08
    7  0.12297262E-08
    8  0.12385337E-08
    9  0.12491644E-08
   10  0.12567126E-08
   11  0.12644964E-08
   12  0.12725220E-08
   13  0.12817343E-08
   14  0.12894670E-08
   15  0.12966000E-08
   16  0.13073546E-08
   17  0.13153750E-08
   18  0.13220298E-08
   19  0.13317988E-08
   20  0.13401732E-08
   21  0.13486228E-08
   22  0.13538722E-08
   23  0.13616819E-08
   24  0.13673929E-08
   25  0.13732341E-08
   26  0.13790687E-08
   27  0.13821445E-08
   28  0.13900394E-08
   29  0.13929686E-08
   30  0.13974891E-08
   31  0.14011997E-08
   32  0.14038535E-08
   33  0.14069041E-08
   34  0.14054740E-08
   35  0.14056536E-08
   36  0.14074270E-08
   37  0.14060626E-08
   38  0.14074139E-08
   39  0.14013162E-08
   40  0.14016268E-08
   41  0.13985380E-08
   42  0.13956389E-08
   43  0.13901108E-08
   44  0.13885425E-08
   45  0.13849726E-08
   46  0.13775132E-08
   47  0.13729875E-08
   48  0.13649704E-08
   49  0.13611968E-08
   50  0.13524667E-08
   51  0.13453263E-08
   52  0.13376990E-08
   53  0.13324395E-08
   54  0.13238206E-08
   55  0.13136884E-08
   56  0.13076138E-08
   57  0.12993125E-08
   58  0.12911715E-08
   59  0.12790634E-08
   60  0.12695054E-08
   61  0.12665285E-08
   62  0.12533397E-08
   63  0.12500241E-08
   64  0.12411733E-08
   65  0.12304450E-08
   66  0.12251354E-08
   67  0.12109017E-08
   68  0.12050182E-08
   69  0.12026903E-08
   70  0.11927906E-08
   71  0.11837884E-08
   72  0.11775377E-08
   73  0.11721629E-08
   74  0.11695813E-08
   75  0.11618292E-08
   76  0.11557167E-08
   77  0.11468734E-08
   78  0.11427824E-08
   79  0.11391774E-08
   80  0.11310838E-08
   81  0.11319977E-08
   82  0.11263085E-08
   83  0.11205036E-08
   84  0.11162548E-08
   85  0.11130378E-08
   86  0.11105324E-08
   87  0.11059491E-08
   88  0.11069550E-08
   89  0.11028590E-08
   90  0.11002136E-08
   91  0.11019762E-08
   92  0.10987914E-08
   93  0.10944354E-08
   94  0.10945168E-08
   95  0.10910723E-08
   96  0.10928020E-08
   97  0.10889546E-08
   98  0.10898431E-08
   99  0.10914750E-08
  100  0.10918874E-08
  101  0.10899962E-08
  102  0.10910866E-08
  103  0.10900071E-08
  104  0.10904296E-08
  105  0.10919052E-08
  106  0.10934466E-08
  107  0.10918554E-08
  108  0.10955433E-08
  109  0.10948535E-08
  110  0.10966863E-08
  111  0.10993715E-08
  112  0.11022905E-08
  113  0.11019371E-08
  114  0.11069217E-08
  115  0.11077151E-08
  116  0.11097842E-08
  117  0.11100546E-08
  118  0.11147742E-08
  119  0.11157203E-08
  120  0.11184280E-08
  121  0.11244322E-08
  122  0.11252893E-08
  123  0.11276083E-08
  124  0.11303853E-08
  125  0.11326283E-08
  126  0.11370763E-08
  127  0.11398379E-08
  128  0.11412399E-08
  129  0.11417853E-08
  130  0.11462389E-08
  131  0.11494955E-08
  132  0.11487131E-08
  133  0.11498316E-08
  134  0.11511726E-08
  135  0.11525264E-08
  136  0.11533471E-08
  137  0.11534508E-08
  138  0.11538118E-08
  139  0.11528194E-08
  140  0.11519324E-08
  141  0.11512890E-08
  142  0.11501970E-08
  143  0.11476032E-08
  144  0.11461899E-08
  145  0.11449685E-08
  146  0.11422451E-08
  147  0.11388037E-08
  148  0.11347956E-08
  149  0.11302831E-08
  150  0.11271137E-08
  151  0.11224355E-08
  152  0.11162919E-08
  153  0.11116863E-08
  154  0.11077271E-08
  155  0.11021697E-08
  156  0.10966023E-08
  157  0.10889740E-08
  158  0.10841678E-08
  159  0.10771982E-08
  160  0.10713603E-08
  161  0.10636056E-08
  162  0.10569515E-08
  163  0.10497888E-08
  164  0.10436467E-08
  165  0.10365062E-08
  166  0.10294861E-08
  167  0.10229472E-08
  168  0.10167149E-08
  169  0.10108383E-08
  170  0.10041568E-08
  171  0.99922937E-09
  172  0.99234088E-09
  173  0.98676067E-09
  174  0.98213071E-09
  175  0.97701491E-09
  176  0.97083619E-09
  177  0.96669084E-09
  178  0.96249198E-09
  179  0.95961006E-09
  180  0.95499963E-09
  181  0.95214980E-09
  182  0.94972108E-09
  183  0.94674435E-09
  184  0.94456165E-09
  185  0.94292352E-09
  186  0.94128716E-09
  187  0.94086183E-09
  188  0.94020058E-09
  189  0.93962549E-09
  190  0.93936492E-09
  191  0.94053465E-09
  192  0.94035413E-09
  193  0.94206254E-09
  194  0.94416042E-09
  195  0.94585373E-09
  196  0.94817232E-09
  197  0.95085839E-09
  198  0.95233055E-09
  199  0.95632047E-09
  200  0.95768327E-09
  201  0.96090780E-09
  202  0.96510744E-09
  203  0.96955122E-09
  204  0.97303343E-09
  205  0.97638475E-09
  206  0.98306463E-09
  207  0.98564668E-09
  208  0.98962560E-09
  209  0.99373676E-09
  210  0.99931596E-09
  211  0.10019813E-08
  212  0.10077889E-08
  213  0.10105221E-08
  214  0.10157856E-08
  215  0.10187133E-08
  216  0.10217380E-08
  217  0.10264462E-08
  218  0.10299516E-08
  219  0.10334487E-08
  220  0.10364823E-08
  221  0.10379657E-08
  222  0.10432314E-08
  223  0.10436193E-08
  224  0.10464368E-08
  225  0.10497888E-08
  226  0.10485094E-08
  227  0.10511334E-08
  228  0.10527546E-08
  229  0.10531808E-08
  230  0.10530224E-08
  231  0.10553202E-08
  232  0.10537414E-08
  233  0.10543190E-08
  234  0.10527282E-08
  235  0.10509583E-08
  236  0.10488620E-08
  237  0.10467250E-08
  238  0.10428076E-08
  239  0.10444675E-08
  240  0.10421013E-08
  241  0.10391906E-08
  242  0.10357651E-08
  243  0.10356964E-08
  244  0.10316075E-08
  245  0.10274374E-08
  246  0.10227504E-08
  247  0.10214621E-08
  248  0.10174811E-08
  249  0.10149758E-08
  250  0.10094073E-08
  251  0.10060887E-08
  252  0.10052028E-08
  253  0.10021065E-08
  254  0.99821840E-09
  255  0.99232222E-09
  256  0.99022923E-09
  257  0.98745034E-09
  258  0.98511810E-09
  259  0.98019448E-09
  260  0.97537156E-09
  261  0.97536224E-09
  262  0.97073227E-09
  263  0.96823050E-09
  264  0.96717800E-09
  265  0.96787944E-09
  266  0.96428954E-09
  267  0.96234831E-09
  268  0.96575159E-09
  269  0.95986952E-09
  270  0.95351826E-09
  271  0.95935138E-09
  272  0.95791164E-09
  273  0.95734309E-09
  274  0.95582076E-09
  275  0.95817487E-09
  276  0.95621899E-09
  277  0.96021047E-09
  278  0.96040931E-09
  279  0.96328723E-09
  280  0.96263875E-09
  281  0.96829234E-09
  282  0.97062058E-09
  283  0.97190922E-09
  284  0.97843444E-09
  285  0.97178687E-09
  286  0.97909003E-09
  287  0.98721487E-09
  288  0.99043929E-09
  289  0.99476083E-09
  290  0.99521336E-09
  291  0.10013760E-08
  292  0.10035427E-08
  293  0.10100479E-08
  294  0.10157872E-08
  295  0.10148864E-08
  296  0.10196681E-08
  297  0.10276405E-08
  298  0.10305549E-08
  299  0.10382949E-08
  300  0.10469625E-08
  301  0.10488921E-08
  302  0.10503705E-08
  303  0.10554123E-08
  304  0.10623946E-08
  305  0.10634313E-08
  306  0.10658401E-08
  307  0.10773352E-08
  308  0.10791575E-08
  309  0.10836644E-08
  310  0.10819527E-08
  311  0.10876930E-08
  312  0.10905402E-08
  313  0.10924993E-08
  314  0.10962125E-08
  315  0.11021646E-08
  316  0.11013042E-08
  317  0.11045049E-08
  318  0.11072049E-08
  319  0.11056049E-08
  320  0.11101170E-08
  321  0.11110846E-08
  322  0.11102775E-08
  323  0.11140665E-08
  324  0.11158042E-08
  325  0.11165923E-08
  326  0.11147634E-08
  327  0.11159511E-08
  328  0.11142584E-08
  329  0.11173723E-08
  330  0.11156058E-08
  331  0.11161606E-08
  332  0.11151349E-08
  333  0.11161945E-08
  334  0.11137194E-08
  335  0.11155281E-08
  336  0.11132594E-08
  337  0.11166175E-08
  338  0.11154478E-08
  339  0.11155991E-08
  340  0.11167934E-08
  341  0.11159045E-08
  342  0.11168292E-08
  343  0.11184511E-08
  344  0.11191872E-08
  345  0.11203767E-08
  346  0.11239486E-08
  347  0.11236500E-08
  348  0.11257352E-08
  349  0.11297098E-08
  350  0.11321919E-08
  351  0.11360910E-08
  352  0.11397200E-08
  353  0.11434559E-08
  354  0.11473272E-08
  355  0.11522859E-08
  356  0.11579027E-08
  357  0.11632513E-08
  358  0.11667489E-08
  359  0.11745765E-08
  360  0.11792251E-08
 ]; 
