spt = [ 
    1  0.34559464E-08
    2  0.34012948E-08
    3  0.33437311E-08
    4  0.32919629E-08
    5  0.32359537E-08
    6  0.31811844E-08
    7  0.31326084E-08
    8  0.30813079E-08
    9  0.30279796E-08
   10  0.29807665E-08
   11  0.29287677E-08
   12  0.28822660E-08
   13  0.28335732E-08
   14  0.27871412E-08
   15  0.27364162E-08
   16  0.26901315E-08
   17  0.26427056E-08
   18  0.25964630E-08
   19  0.25493225E-08
   20  0.25090143E-08
   21  0.24576610E-08
   22  0.24163860E-08
   23  0.23700635E-08
   24  0.23225424E-08
   25  0.22841460E-08
   26  0.22347004E-08
   27  0.21890183E-08
   28  0.21447837E-08
   29  0.21019311E-08
   30  0.20564102E-08
   31  0.20106110E-08
   32  0.19688324E-08
   33  0.19241313E-08
   34  0.18767543E-08
   35  0.18329349E-08
   36  0.17907689E-08
   37  0.17448994E-08
   38  0.17053224E-08
   39  0.16599250E-08
   40  0.16152980E-08
   41  0.15712633E-08
   42  0.15294724E-08
   43  0.14882117E-08
   44  0.14477562E-08
   45  0.14055722E-08
   46  0.13649237E-08
   47  0.13263608E-08
   48  0.12802978E-08
   49  0.12448682E-08
   50  0.12062410E-08
   51  0.11696042E-08
   52  0.11372272E-08
   53  0.10976554E-08
   54  0.10667248E-08
   55  0.10309226E-08
   56  0.99565767E-09
   57  0.96889063E-09
   58  0.93777475E-09
   59  0.90672420E-09
   60  0.88084040E-09
   61  0.85006696E-09
   62  0.82213586E-09
   63  0.79952528E-09
   64  0.77680717E-09
   65  0.75226925E-09
   66  0.73156575E-09
   67  0.70897982E-09
   68  0.69368983E-09
   69  0.67236994E-09
   70  0.65319455E-09
   71  0.63607092E-09
   72  0.62459893E-09
   73  0.60625499E-09
   74  0.59292277E-09
   75  0.58021588E-09
   76  0.57095534E-09
   77  0.55599342E-09
   78  0.54877636E-09
   79  0.53867300E-09
   80  0.52995663E-09
   81  0.52326415E-09
   82  0.51569543E-09
   83  0.50616500E-09
   84  0.50417009E-09
   85  0.49741994E-09
   86  0.49606841E-09
   87  0.49258353E-09
   88  0.49031784E-09
   89  0.48469184E-09
   90  0.48501275E-09
   91  0.48524990E-09
   92  0.48515941E-09
   93  0.48753290E-09
   94  0.49006055E-09
   95  0.49145238E-09
   96  0.49578036E-09
   97  0.50262605E-09
   98  0.50684418E-09
   99  0.51567195E-09
  100  0.52531213E-09
  101  0.53055416E-09
  102  0.54050675E-09
  103  0.54964139E-09
  104  0.56548766E-09
  105  0.58009919E-09
  106  0.59418886E-09
  107  0.60765953E-09
  108  0.62624206E-09
  109  0.64330119E-09
  110  0.66632205E-09
  111  0.68505457E-09
  112  0.70915357E-09
  113  0.73239204E-09
  114  0.75669748E-09
  115  0.78434281E-09
  116  0.81605650E-09
  117  0.84101454E-09
  118  0.87245977E-09
  119  0.90180846E-09
  120  0.93761554E-09
  121  0.97047270E-09
  122  0.10082465E-08
  123  0.10438160E-08
  124  0.10788688E-08
  125  0.11168420E-08
  126  0.11548239E-08
  127  0.11995664E-08
  128  0.12445678E-08
  129  0.12844628E-08
  130  0.13238419E-08
  131  0.13698248E-08
  132  0.14139639E-08
  133  0.14550657E-08
  134  0.15022001E-08
  135  0.15440476E-08
  136  0.15895297E-08
  137  0.16346294E-08
  138  0.16784578E-08
  139  0.17253097E-08
  140  0.17674551E-08
  141  0.18115867E-08
  142  0.18593760E-08
  143  0.18986659E-08
  144  0.19457183E-08
  145  0.19849276E-08
  146  0.20290620E-08
  147  0.20672377E-08
  148  0.21098820E-08
  149  0.21509918E-08
  150  0.21849664E-08
  151  0.22258919E-08
  152  0.22612459E-08
  153  0.22982936E-08
  154  0.23304008E-08
  155  0.23671389E-08
  156  0.23985085E-08
  157  0.24326803E-08
  158  0.24638578E-08
  159  0.24941111E-08
  160  0.25255624E-08
  161  0.25547022E-08
  162  0.25851499E-08
  163  0.26123732E-08
  164  0.26406113E-08
  165  0.26679774E-08
  166  0.26955234E-08
  167  0.27217757E-08
  168  0.27476037E-08
  169  0.27737135E-08
  170  0.27992799E-08
  171  0.28231470E-08
  172  0.28486953E-08
  173  0.28729747E-08
  174  0.28978853E-08
  175  0.29218383E-08
  176  0.29471370E-08
  177  0.29723304E-08
  178  0.29971023E-08
  179  0.30224649E-08
  180  0.30483538E-08
  181  0.30744347E-08
  182  0.31004546E-08
  183  0.31265202E-08
  184  0.31553540E-08
  185  0.31835166E-08
  186  0.32081346E-08
  187  0.32384595E-08
  188  0.32659899E-08
  189  0.32953886E-08
  190  0.33274417E-08
  191  0.33547716E-08
  192  0.33873813E-08
  193  0.34197793E-08
  194  0.34516088E-08
  195  0.34829333E-08
  196  0.35158312E-08
  197  0.35486327E-08
  198  0.35827417E-08
  199  0.36166208E-08
  200  0.36497612E-08
  201  0.36834156E-08
  202  0.37158066E-08
  203  0.37503782E-08
  204  0.37878833E-08
  205  0.38215910E-08
  206  0.38559715E-08
  207  0.38905146E-08
  208  0.39258752E-08
  209  0.39553831E-08
  210  0.39883017E-08
  211  0.40247707E-08
  212  0.40574339E-08
  213  0.40887635E-08
  214  0.41162727E-08
  215  0.41496251E-08
  216  0.41757633E-08
  217  0.42094279E-08
  218  0.42308264E-08
  219  0.42625445E-08
  220  0.42866626E-08
  221  0.43100901E-08
  222  0.43302597E-08
  223  0.43573731E-08
  224  0.43740416E-08
  225  0.43871693E-08
  226  0.44072883E-08
  227  0.44249409E-08
  228  0.44427808E-08
  229  0.44557127E-08
  230  0.44619002E-08
  231  0.44724078E-08
  232  0.44895048E-08
  233  0.44957780E-08
  234  0.45030566E-08
  235  0.45032595E-08
  236  0.45088249E-08
  237  0.45062549E-08
  238  0.45118629E-08
  239  0.45173238E-08
  240  0.45189661E-08
  241  0.45184065E-08
  242  0.45153969E-08
  243  0.45149688E-08
  244  0.45089861E-08
  245  0.45104369E-08
  246  0.45141602E-08
  247  0.45089381E-08
  248  0.44949133E-08
  249  0.44956407E-08
  250  0.44930193E-08
  251  0.44881485E-08
  252  0.44846247E-08
  253  0.45035504E-08
  254  0.44925490E-08
  255  0.44923643E-08
  256  0.44821160E-08
  257  0.45007083E-08
  258  0.44920716E-08
  259  0.44979247E-08
  260  0.45019695E-08
  261  0.45141002E-08
  262  0.45197641E-08
  263  0.45244271E-08
  264  0.45388053E-08
  265  0.45517314E-08
  266  0.45702531E-08
  267  0.45763300E-08
  268  0.45889545E-08
  269  0.46080770E-08
  270  0.46265343E-08
  271  0.46527235E-08
  272  0.46674948E-08
  273  0.46902797E-08
  274  0.47160316E-08
  275  0.47467719E-08
  276  0.47765387E-08
  277  0.48088409E-08
  278  0.48216853E-08
  279  0.48675401E-08
  280  0.48997126E-08
  281  0.49306403E-08
  282  0.49734066E-08
  283  0.50101199E-08
  284  0.50399076E-08
  285  0.50726587E-08
  286  0.51226610E-08
  287  0.51670046E-08
  288  0.51895785E-08
  289  0.52396762E-08
  290  0.52842322E-08
  291  0.53247309E-08
  292  0.53556009E-08
  293  0.53899183E-08
  294  0.54345675E-08
  295  0.54732334E-08
  296  0.55068701E-08
  297  0.55430589E-08
  298  0.55749996E-08
  299  0.56036065E-08
  300  0.56450871E-08
  301  0.56799752E-08
  302  0.57068146E-08
  303  0.57310192E-08
  304  0.57563136E-08
  305  0.57774105E-08
  306  0.57919323E-08
  307  0.58087726E-08
  308  0.58249925E-08
  309  0.58374292E-08
  310  0.58467498E-08
  311  0.58548966E-08
  312  0.58557093E-08
  313  0.58479768E-08
  314  0.58544440E-08
  315  0.58421317E-08
  316  0.58261622E-08
  317  0.58180869E-08
  318  0.57959522E-08
  319  0.57811165E-08
  320  0.57549530E-08
  321  0.57275935E-08
  322  0.57006799E-08
  323  0.56657625E-08
  324  0.56249876E-08
  325  0.55939418E-08
  326  0.55547122E-08
  327  0.55110365E-08
  328  0.54636846E-08
  329  0.54228768E-08
  330  0.53753495E-08
  331  0.53243343E-08
  332  0.52654232E-08
  333  0.52058375E-08
  334  0.51460676E-08
  335  0.50945852E-08
  336  0.50294537E-08
  337  0.49638582E-08
  338  0.49057709E-08
  339  0.48414974E-08
  340  0.47806110E-08
  341  0.47150928E-08
  342  0.46497117E-08
  343  0.45896851E-08
  344  0.45194413E-08
  345  0.44499013E-08
  346  0.43863846E-08
  347  0.43181094E-08
  348  0.42538910E-08
  349  0.41924482E-08
  350  0.41212340E-08
  351  0.40594736E-08
  352  0.39966075E-08
  353  0.39358725E-08
  354  0.38726831E-08
  355  0.38037875E-08
  356  0.37471151E-08
  357  0.36872196E-08
  358  0.36263688E-08
  359  0.35719971E-08
  360  0.35128345E-08
 ]; 
