stt = [ 
    1  0.24169758E+00
    2  0.24163608E+00
    3  0.24145418E+00
    4  0.24115084E+00
    5  0.24072725E+00
    6  0.24018513E+00
    7  0.23952404E+00
    8  0.23874742E+00
    9  0.23785277E+00
   10  0.23684552E+00
   11  0.23572688E+00
   12  0.23449737E+00
   13  0.23316082E+00
   14  0.23171885E+00
   15  0.23017523E+00
   16  0.22853056E+00
   17  0.22678865E+00
   18  0.22495374E+00
   19  0.22302812E+00
   20  0.22101623E+00
   21  0.21891946E+00
   22  0.21674359E+00
   23  0.21449065E+00
   24  0.21216457E+00
   25  0.20977168E+00
   26  0.20731284E+00
   27  0.20479365E+00
   28  0.20221744E+00
   29  0.19958907E+00
   30  0.19691072E+00
   31  0.19418876E+00
   32  0.19142623E+00
   33  0.18862762E+00
   34  0.18579586E+00
   35  0.18293497E+00
   36  0.18005033E+00
   37  0.17714585E+00
   38  0.17422417E+00
   39  0.17128982E+00
   40  0.16834532E+00
   41  0.16539495E+00
   42  0.16244207E+00
   43  0.15949064E+00
   44  0.15654428E+00
   45  0.15360446E+00
   46  0.15067469E+00
   47  0.14775921E+00
   48  0.14486060E+00
   49  0.14198047E+00
   50  0.13912064E+00
   51  0.13628630E+00
   52  0.13347697E+00
   53  0.13069713E+00
   54  0.12794563E+00
   55  0.12522754E+00
   56  0.12254252E+00
   57  0.11989289E+00
   58  0.11727936E+00
   59  0.11470484E+00
   60  0.11216889E+00
   61  0.10967273E+00
   62  0.10721767E+00
   63  0.10480461E+00
   64  0.10243352E+00
   65  0.10010572E+00
   66  0.97821414E-01
   67  0.95580406E-01
   68  0.93383119E-01
   69  0.91229625E-01
   70  0.89120261E-01
   71  0.87054461E-01
   72  0.85032508E-01
   73  0.83053418E-01
   74  0.81118017E-01
   75  0.79224370E-01
   76  0.77373959E-01
   77  0.75564608E-01
   78  0.73796615E-01
   79  0.72068602E-01
   80  0.70380762E-01
   81  0.68731658E-01
   82  0.67121446E-01
   83  0.65548703E-01
   84  0.64012215E-01
   85  0.62512122E-01
   86  0.61047286E-01
   87  0.59616923E-01
   88  0.58219943E-01
   89  0.56855336E-01
   90  0.55522699E-01
   91  0.54221477E-01
   92  0.52949946E-01
   93  0.51708173E-01
   94  0.50494872E-01
   95  0.49309235E-01
   96  0.48150558E-01
   97  0.47018379E-01
   98  0.45911249E-01
   99  0.44828933E-01
  100  0.43771252E-01
  101  0.42736445E-01
  102  0.41724432E-01
  103  0.40734626E-01
  104  0.39766159E-01
  105  0.38818881E-01
  106  0.37892018E-01
  107  0.36985040E-01
  108  0.36097378E-01
  109  0.35228614E-01
  110  0.34378488E-01
  111  0.33546422E-01
  112  0.32731809E-01
  113  0.31934679E-01
  114  0.31154960E-01
  115  0.30391484E-01
  116  0.29644286E-01
  117  0.28913092E-01
  118  0.28197579E-01
  119  0.27498152E-01
  120  0.26813820E-01
  121  0.26144495E-01
  122  0.25490126E-01
  123  0.24850467E-01
  124  0.24225526E-01
  125  0.23614712E-01
  126  0.23018165E-01
  127  0.22435682E-01
  128  0.21867221E-01
  129  0.21312699E-01
  130  0.20771796E-01
  131  0.20244271E-01
  132  0.19730389E-01
  133  0.19229829E-01
  134  0.18742405E-01
  135  0.18268310E-01
  136  0.17806977E-01
  137  0.17358569E-01
  138  0.16923014E-01
  139  0.16500128E-01
  140  0.16089855E-01
  141  0.15691793E-01
  142  0.15306280E-01
  143  0.14933002E-01
  144  0.14571728E-01
  145  0.14222395E-01
  146  0.13884963E-01
  147  0.13559286E-01
  148  0.13245170E-01
  149  0.12942467E-01
  150  0.12651054E-01
  151  0.12370871E-01
  152  0.12101864E-01
  153  0.11843596E-01
  154  0.11595991E-01
  155  0.11359163E-01
  156  0.11132663E-01
  157  0.10916582E-01
  158  0.10710707E-01
  159  0.10514716E-01
  160  0.10328615E-01
  161  0.10152418E-01
  162  0.99858204E-02
  163  0.98285060E-02
  164  0.96806744E-02
  165  0.95420284E-02
  166  0.94124554E-02
  167  0.92917811E-02
  168  0.91800438E-02
  169  0.90770358E-02
  170  0.89826789E-02
  171  0.88968240E-02
  172  0.88193417E-02
  173  0.87503819E-02
  174  0.86895684E-02
  175  0.86371033E-02
  176  0.85927043E-02
  177  0.85564507E-02
  178  0.85283592E-02
  179  0.85081719E-02
  180  0.84960498E-02
  181  0.84919473E-02
  182  0.84960340E-02
  183  0.85078571E-02
  184  0.85276719E-02
  185  0.85556190E-02
  186  0.85918102E-02
  187  0.86360238E-02
  188  0.86881584E-02
  189  0.87487604E-02
  190  0.88174026E-02
  191  0.88946922E-02
  192  0.89803850E-02
  193  0.90744998E-02
  194  0.91772992E-02
  195  0.92888260E-02
  196  0.94092181E-02
  197  0.95385704E-02
  198  0.96769417E-02
  199  0.98245228E-02
  200  0.99814693E-02
  201  0.10147871E-01
  202  0.10323843E-01
  203  0.10509532E-01
  204  0.10705180E-01
  205  0.10910819E-01
  206  0.11126630E-01
  207  0.11352718E-01
  208  0.11589273E-01
  209  0.11836411E-01
  210  0.12094329E-01
  211  0.12363078E-01
  212  0.12642922E-01
  213  0.12933914E-01
  214  0.13236097E-01
  215  0.13549741E-01
  216  0.13875099E-01
  217  0.14212072E-01
  218  0.14560800E-01
  219  0.14921737E-01
  220  0.15294418E-01
  221  0.15679562E-01
  222  0.16076896E-01
  223  0.16486613E-01
  224  0.16909054E-01
  225  0.17343791E-01
  226  0.17791759E-01
  227  0.18252607E-01
  228  0.18726081E-01
  229  0.19212941E-01
  230  0.19712832E-01
  231  0.20226141E-01
  232  0.20752938E-01
  233  0.21293294E-01
  234  0.21847313E-01
  235  0.22415051E-01
  236  0.22996729E-01
  237  0.23592694E-01
  238  0.24202788E-01
  239  0.24827264E-01
  240  0.25466094E-01
  241  0.26119808E-01
  242  0.26788345E-01
  243  0.27472286E-01
  244  0.28171211E-01
  245  0.28885866E-01
  246  0.29616242E-01
  247  0.30362701E-01
  248  0.31125786E-01
  249  0.31905301E-01
  250  0.32701883E-01
  251  0.33515822E-01
  252  0.34347400E-01
  253  0.35197306E-01
  254  0.36065321E-01
  255  0.36952801E-01
  256  0.37859179E-01
  257  0.38785577E-01
  258  0.39732706E-01
  259  0.40700633E-01
  260  0.41690357E-01
  261  0.42702038E-01
  262  0.43736339E-01
  263  0.44794489E-01
  264  0.45876633E-01
  265  0.46983484E-01
  266  0.48115645E-01
  267  0.49274269E-01
  268  0.50459959E-01
  269  0.51673248E-01
  270  0.52915532E-01
  271  0.54187149E-01
  272  0.55488747E-01
  273  0.56821372E-01
  274  0.58186471E-01
  275  0.59583478E-01
  276  0.61014481E-01
  277  0.62479671E-01
  278  0.63980453E-01
  279  0.65516643E-01
  280  0.67090452E-01
  281  0.68701871E-01
  282  0.70351422E-01
  283  0.72039373E-01
  284  0.73767990E-01
  285  0.75537123E-01
  286  0.77347592E-01
  287  0.79199158E-01
  288  0.81093401E-01
  289  0.83030209E-01
  290  0.85009679E-01
  291  0.87033071E-01
  292  0.89099854E-01
  293  0.91210775E-01
  294  0.93365140E-01
  295  0.95563255E-01
  296  0.97805485E-01
  297  0.10009202E+00
  298  0.10242119E+00
  299  0.10479322E+00
  300  0.10720786E+00
  301  0.10966431E+00
  302  0.11216181E+00
  303  0.11469920E+00
  304  0.11727551E+00
  305  0.11989084E+00
  306  0.12254128E+00
  307  0.12522838E+00
  308  0.12794785E+00
  309  0.13069950E+00
  310  0.13348289E+00
  311  0.13629287E+00
  312  0.13912950E+00
  313  0.14198999E+00
  314  0.14487198E+00
  315  0.14777181E+00
  316  0.15068895E+00
  317  0.15361963E+00
  318  0.15656053E+00
  319  0.15950860E+00
  320  0.16246147E+00
  321  0.16541496E+00
  322  0.16836624E+00
  323  0.17131206E+00
  324  0.17424788E+00
  325  0.17717052E+00
  326  0.18007703E+00
  327  0.18296176E+00
  328  0.18582290E+00
  329  0.18865463E+00
  330  0.19145414E+00
  331  0.19421722E+00
  332  0.19694026E+00
  333  0.19961849E+00
  334  0.20224670E+00
  335  0.20482314E+00
  336  0.20734233E+00
  337  0.20980099E+00
  338  0.21219435E+00
  339  0.21451904E+00
  340  0.21677147E+00
  341  0.21894655E+00
  342  0.22104239E+00
  343  0.22305401E+00
  344  0.22497910E+00
  345  0.22681256E+00
  346  0.22855268E+00
  347  0.23019728E+00
  348  0.23174055E+00
  349  0.23318025E+00
  350  0.23451623E+00
  351  0.23574466E+00
  352  0.23686102E+00
  353  0.23786739E+00
  354  0.23875777E+00
  355  0.23953441E+00
  356  0.24019383E+00
  357  0.24073434E+00
  358  0.24115580E+00
  359  0.24145764E+00
  360  0.24163766E+00
 ]; 
