spt = [ 
    1  0.11969964E-09
    2  0.11948777E-09
    3  0.12333336E-09
    4  0.12970913E-09
    5  0.13945739E-09
    6  0.15365913E-09
    7  0.16962436E-09
    8  0.19033877E-09
    9  0.21394075E-09
   10  0.24037983E-09
   11  0.26973812E-09
   12  0.30302363E-09
   13  0.33900832E-09
   14  0.37775028E-09
   15  0.41922280E-09
   16  0.46505313E-09
   17  0.51254700E-09
   18  0.56373201E-09
   19  0.61630828E-09
   20  0.67157752E-09
   21  0.72834089E-09
   22  0.78788359E-09
   23  0.85250212E-09
   24  0.91471131E-09
   25  0.97983510E-09
   26  0.10491396E-08
   27  0.11208310E-08
   28  0.11920500E-08
   29  0.12629439E-08
   30  0.13385913E-08
   31  0.14094672E-08
   32  0.14856097E-08
   33  0.15687202E-08
   34  0.16419213E-08
   35  0.17227213E-08
   36  0.17998552E-08
   37  0.18826962E-08
   38  0.19579927E-08
   39  0.20434878E-08
   40  0.21191373E-08
   41  0.21988709E-08
   42  0.22807347E-08
   43  0.23611468E-08
   44  0.24439546E-08
   45  0.25282647E-08
   46  0.25961873E-08
   47  0.26800053E-08
   48  0.27561078E-08
   49  0.28358866E-08
   50  0.29092595E-08
   51  0.29888294E-08
   52  0.30564251E-08
   53  0.31324721E-08
   54  0.32111760E-08
   55  0.32860048E-08
   56  0.33535983E-08
   57  0.34262839E-08
   58  0.34892824E-08
   59  0.35603298E-08
   60  0.36305803E-08
   61  0.36926575E-08
   62  0.37618366E-08
   63  0.38219703E-08
   64  0.38855275E-08
   65  0.39470840E-08
   66  0.40100661E-08
   67  0.40680770E-08
   68  0.41357784E-08
   69  0.41963881E-08
   70  0.42533794E-08
   71  0.43115329E-08
   72  0.43716244E-08
   73  0.44220205E-08
   74  0.44888480E-08
   75  0.45342015E-08
   76  0.45867639E-08
   77  0.46379718E-08
   78  0.46909960E-08
   79  0.47526925E-08
   80  0.48009121E-08
   81  0.48501803E-08
   82  0.48962856E-08
   83  0.49442659E-08
   84  0.49947548E-08
   85  0.50433857E-08
   86  0.50903459E-08
   87  0.51246878E-08
   88  0.51653939E-08
   89  0.52065197E-08
   90  0.52561679E-08
   91  0.53010485E-08
   92  0.53282130E-08
   93  0.53584315E-08
   94  0.54089346E-08
   95  0.54371863E-08
   96  0.54614873E-08
   97  0.54845506E-08
   98  0.55243863E-08
   99  0.55445315E-08
  100  0.55576459E-08
  101  0.55826188E-08
  102  0.55969176E-08
  103  0.56010006E-08
  104  0.56178662E-08
  105  0.56238370E-08
  106  0.56130278E-08
  107  0.56171268E-08
  108  0.56110081E-08
  109  0.55962301E-08
  110  0.55862164E-08
  111  0.55752940E-08
  112  0.55455858E-08
  113  0.55197722E-08
  114  0.54951759E-08
  115  0.54471876E-08
  116  0.54067271E-08
  117  0.53650284E-08
  118  0.53158180E-08
  119  0.52621418E-08
  120  0.51986242E-08
  121  0.51411417E-08
  122  0.50711990E-08
  123  0.49976028E-08
  124  0.49177236E-08
  125  0.48391340E-08
  126  0.47518220E-08
  127  0.46593582E-08
  128  0.45714286E-08
  129  0.44741499E-08
  130  0.43711919E-08
  131  0.42638768E-08
  132  0.41652175E-08
  133  0.40530392E-08
  134  0.39376937E-08
  135  0.38270898E-08
  136  0.37128385E-08
  137  0.35963927E-08
  138  0.34728733E-08
  139  0.33551055E-08
  140  0.32327612E-08
  141  0.31124747E-08
  142  0.29919858E-08
  143  0.28694578E-08
  144  0.27493134E-08
  145  0.26287141E-08
  146  0.25100539E-08
  147  0.23911177E-08
  148  0.22731999E-08
  149  0.21571782E-08
  150  0.20421549E-08
  151  0.19293958E-08
  152  0.18189793E-08
  153  0.17122850E-08
  154  0.16072365E-08
  155  0.15058115E-08
  156  0.14067790E-08
  157  0.13089196E-08
  158  0.12148178E-08
  159  0.11249555E-08
  160  0.10376465E-08
  161  0.95504760E-09
  162  0.87340324E-09
  163  0.79538037E-09
  164  0.72110684E-09
  165  0.65076211E-09
  166  0.58369137E-09
  167  0.52031363E-09
  168  0.45946252E-09
  169  0.40494055E-09
  170  0.35101444E-09
  171  0.30320152E-09
  172  0.25720120E-09
  173  0.21513133E-09
  174  0.17748025E-09
  175  0.14249314E-09
  176  0.11163492E-09
  177  0.84755133E-10
  178  0.61308958E-10
  179  0.41592702E-10
  180  0.25748979E-10
  181  0.13744753E-10
  182  0.53274052E-11
  183  0.86183523E-12
  184  0.30470857E-12
  185  0.36964858E-11
  186  0.11104936E-10
  187  0.22414274E-10
  188  0.38062511E-10
  189  0.57612463E-10
  190  0.81490988E-10
  191  0.10945078E-09
  192  0.14180612E-09
  193  0.17891862E-09
  194  0.21979303E-09
  195  0.26525168E-09
  196  0.31520575E-09
  197  0.36979048E-09
  198  0.42852918E-09
  199  0.49229748E-09
  200  0.55915222E-09
  201  0.63308020E-09
  202  0.70926165E-09
  203  0.79045759E-09
  204  0.87714641E-09
  205  0.96611097E-09
  206  0.10590958E-08
  207  0.11583775E-08
  208  0.12619348E-08
  209  0.13677065E-08
  210  0.14793784E-08
  211  0.15927087E-08
  212  0.17090228E-08
  213  0.18281033E-08
  214  0.19520070E-08
  215  0.20773128E-08
  216  0.22032229E-08
  217  0.23343441E-08
  218  0.24655555E-08
  219  0.26017217E-08
  220  0.27404234E-08
  221  0.28761740E-08
  222  0.30063878E-08
  223  0.31417970E-08
  224  0.32798511E-08
  225  0.34113110E-08
  226  0.35478829E-08
  227  0.36829819E-08
  228  0.38121999E-08
  229  0.39421399E-08
  230  0.40643315E-08
  231  0.41954360E-08
  232  0.43182009E-08
  233  0.44339115E-08
  234  0.45457207E-08
  235  0.46586046E-08
  236  0.47667066E-08
  237  0.48700364E-08
  238  0.49565836E-08
  239  0.50636113E-08
  240  0.51452012E-08
  241  0.52285278E-08
  242  0.53106799E-08
  243  0.53892513E-08
  244  0.54464104E-08
  245  0.55107541E-08
  246  0.55666782E-08
  247  0.56206884E-08
  248  0.56658318E-08
  249  0.57174874E-08
  250  0.57460792E-08
  251  0.57744147E-08
  252  0.57993010E-08
  253  0.58195369E-08
  254  0.58404130E-08
  255  0.58527738E-08
  256  0.58577565E-08
  257  0.58493841E-08
  258  0.58583987E-08
  259  0.58584240E-08
  260  0.58498273E-08
  261  0.58335146E-08
  262  0.58146883E-08
  263  0.57843992E-08
  264  0.57713003E-08
  265  0.57519944E-08
  266  0.57201581E-08
  267  0.56859095E-08
  268  0.56495626E-08
  269  0.56149032E-08
  270  0.55708886E-08
  271  0.55392158E-08
  272  0.54952531E-08
  273  0.54491185E-08
  274  0.53907407E-08
  275  0.53468674E-08
  276  0.52997504E-08
  277  0.52474434E-08
  278  0.52086220E-08
  279  0.51551914E-08
  280  0.50962936E-08
  281  0.50476441E-08
  282  0.49948743E-08
  283  0.49397726E-08
  284  0.48777182E-08
  285  0.48230575E-08
  286  0.47616378E-08
  287  0.46998787E-08
  288  0.46448947E-08
  289  0.45820663E-08
  290  0.45257451E-08
  291  0.44660933E-08
  292  0.43932102E-08
  293  0.43305675E-08
  294  0.42745083E-08
  295  0.41964316E-08
  296  0.41426245E-08
  297  0.40727044E-08
  298  0.40005474E-08
  299  0.39394759E-08
  300  0.38751948E-08
  301  0.38012100E-08
  302  0.37327204E-08
  303  0.36648931E-08
  304  0.35866390E-08
  305  0.35232337E-08
  306  0.34419658E-08
  307  0.33719052E-08
  308  0.33004808E-08
  309  0.32266325E-08
  310  0.31471681E-08
  311  0.30637421E-08
  312  0.29960747E-08
  313  0.29166543E-08
  314  0.28380613E-08
  315  0.27535498E-08
  316  0.26769678E-08
  317  0.25996276E-08
  318  0.25193181E-08
  319  0.24409752E-08
  320  0.23563993E-08
  321  0.22739526E-08
  322  0.21964648E-08
  323  0.21162403E-08
  324  0.20361755E-08
  325  0.19530910E-08
  326  0.18741915E-08
  327  0.17923120E-08
  328  0.17144854E-08
  329  0.16365221E-08
  330  0.15599704E-08
  331  0.14806215E-08
  332  0.14052705E-08
  333  0.13322810E-08
  334  0.12582636E-08
  335  0.11829852E-08
  336  0.11135736E-08
  337  0.10458991E-08
  338  0.97672015E-09
  339  0.91106739E-09
  340  0.84756913E-09
  341  0.78692775E-09
  342  0.72535844E-09
  343  0.66993810E-09
  344  0.61491590E-09
  345  0.56288585E-09
  346  0.51283600E-09
  347  0.46522086E-09
  348  0.42069956E-09
  349  0.37818235E-09
  350  0.33959738E-09
  351  0.30423519E-09
  352  0.27112820E-09
  353  0.24065977E-09
  354  0.21429594E-09
  355  0.19101529E-09
  356  0.17112310E-09
  357  0.15397522E-09
  358  0.14075781E-09
  359  0.13006744E-09
  360  0.12359568E-09
 ]; 
