stt = [ 
    1  0.23683821E+00
    2  0.23678054E+00
    3  0.23660567E+00
    4  0.23631102E+00
    5  0.23589934E+00
    6  0.23537022E+00
    7  0.23472443E+00
    8  0.23396444E+00
    9  0.23309109E+00
   10  0.23210530E+00
   11  0.23100895E+00
   12  0.22980686E+00
   13  0.22849800E+00
   14  0.22708634E+00
   15  0.22557384E+00
   16  0.22396448E+00
   17  0.22225930E+00
   18  0.22046310E+00
   19  0.21857873E+00
   20  0.21660995E+00
   21  0.21455792E+00
   22  0.21242864E+00
   23  0.21022585E+00
   24  0.20795222E+00
   25  0.20561172E+00
   26  0.20320915E+00
   27  0.20074821E+00
   28  0.19823168E+00
   29  0.19566540E+00
   30  0.19305192E+00
   31  0.19039686E+00
   32  0.18770176E+00
   33  0.18497294E+00
   34  0.18221444E+00
   35  0.17942873E+00
   36  0.17662124E+00
   37  0.17379384E+00
   38  0.17095234E+00
   39  0.16809861E+00
   40  0.16523872E+00
   41  0.16237389E+00
   42  0.15950905E+00
   43  0.15664658E+00
   44  0.15379001E+00
   45  0.15094268E+00
   46  0.14810671E+00
   47  0.14528625E+00
   48  0.14248319E+00
   49  0.13969974E+00
   50  0.13693956E+00
   51  0.13420430E+00
   52  0.13149513E+00
   53  0.12881571E+00
   54  0.12616742E+00
   55  0.12355115E+00
   56  0.12096928E+00
   57  0.11842258E+00
   58  0.11591327E+00
   59  0.11344212E+00
   60  0.11100996E+00
   61  0.10861841E+00
   62  0.10626736E+00
   63  0.10395698E+00
   64  0.10168928E+00
   65  0.99463351E-01
   66  0.97280659E-01
   67  0.95140360E-01
   68  0.93043156E-01
   69  0.90989023E-01
   70  0.88976771E-01
   71  0.87007724E-01
   72  0.85080571E-01
   73  0.83195500E-01
   74  0.81351511E-01
   75  0.79548314E-01
   76  0.77785641E-01
   77  0.76063000E-01
   78  0.74379079E-01
   79  0.72733790E-01
   80  0.71125627E-01
   81  0.69554307E-01
   82  0.68019070E-01
   83  0.66519253E-01
   84  0.65053083E-01
   85  0.63620605E-01
   86  0.62220827E-01
   87  0.60852963E-01
   88  0.59515681E-01
   89  0.58207735E-01
   90  0.56929085E-01
   91  0.55678789E-01
   92  0.54456327E-01
   93  0.53259470E-01
   94  0.52088831E-01
   95  0.50942652E-01
   96  0.49820792E-01
   97  0.48722308E-01
   98  0.47646634E-01
   99  0.46592943E-01
  100  0.45560401E-01
  101  0.44548526E-01
  102  0.43556862E-01
  103  0.42584613E-01
  104  0.41631006E-01
  105  0.40696226E-01
  106  0.39779101E-01
  107  0.38879283E-01
  108  0.37997026E-01
  109  0.37131269E-01
  110  0.36281433E-01
  111  0.35447974E-01
  112  0.34629919E-01
  113  0.33827331E-01
  114  0.33039756E-01
  115  0.32267146E-01
  116  0.31508990E-01
  117  0.30765550E-01
  118  0.30036604E-01
  119  0.29321484E-01
  120  0.28620327E-01
  121  0.27933333E-01
  122  0.27259700E-01
  123  0.26599770E-01
  124  0.25953582E-01
  125  0.25320940E-01
  126  0.24701653E-01
  127  0.24095574E-01
  128  0.23503058E-01
  129  0.22923676E-01
  130  0.22357613E-01
  131  0.21804675E-01
  132  0.21264974E-01
  133  0.20738274E-01
  134  0.20224653E-01
  135  0.19723831E-01
  136  0.19236324E-01
  137  0.18761568E-01
  138  0.18299639E-01
  139  0.17850507E-01
  140  0.17414046E-01
  141  0.16990371E-01
  142  0.16579263E-01
  143  0.16180636E-01
  144  0.15794581E-01
  145  0.15420766E-01
  146  0.15059271E-01
  147  0.14709981E-01
  148  0.14372625E-01
  149  0.14047329E-01
  150  0.13733958E-01
  151  0.13432183E-01
  152  0.13142182E-01
  153  0.12863609E-01
  154  0.12596450E-01
  155  0.12340331E-01
  156  0.12095515E-01
  157  0.11861549E-01
  158  0.11638565E-01
  159  0.11426361E-01
  160  0.11224540E-01
  161  0.11033216E-01
  162  0.10852265E-01
  163  0.10681394E-01
  164  0.10520667E-01
  165  0.10369807E-01
  166  0.10228774E-01
  167  0.10097477E-01
  168  0.99756708E-02
  169  0.98634195E-02
  170  0.97604869E-02
  171  0.96668266E-02
  172  0.95825335E-02
  173  0.95071336E-02
  174  0.94406735E-02
  175  0.93832901E-02
  176  0.93348520E-02
  177  0.92952773E-02
  178  0.92645213E-02
  179  0.92424899E-02
  180  0.92293648E-02
  181  0.92249550E-02
  182  0.92290370E-02
  183  0.92420802E-02
  184  0.92641069E-02
  185  0.92944736E-02
  186  0.93337828E-02
  187  0.93819955E-02
  188  0.94390865E-02
  189  0.95052561E-02
  190  0.95802546E-02
  191  0.96644713E-02
  192  0.97578429E-02
  193  0.98604709E-02
  194  0.99724270E-02
  195  0.10093901E-01
  196  0.10224959E-01
  197  0.10365652E-01
  198  0.10516125E-01
  199  0.10676552E-01
  200  0.10846912E-01
  201  0.11027543E-01
  202  0.11218525E-01
  203  0.11419843E-01
  204  0.11631692E-01
  205  0.11854216E-01
  206  0.12087677E-01
  207  0.12332089E-01
  208  0.12587448E-01
  209  0.12854161E-01
  210  0.13132182E-01
  211  0.13421634E-01
  212  0.13722775E-01
  213  0.14035580E-01
  214  0.14360225E-01
  215  0.14696707E-01
  216  0.15045505E-01
  217  0.15406237E-01
  218  0.15779151E-01
  219  0.16164621E-01
  220  0.16562445E-01
  221  0.16972713E-01
  222  0.17395450E-01
  223  0.17831005E-01
  224  0.18279208E-01
  225  0.18740358E-01
  226  0.19214006E-01
  227  0.19700732E-01
  228  0.20200437E-01
  229  0.20713082E-01
  230  0.21238796E-01
  231  0.21777514E-01
  232  0.22329403E-01
  233  0.22894308E-01
  234  0.23472451E-01
  235  0.24063999E-01
  236  0.24668692E-01
  237  0.25286792E-01
  238  0.25918484E-01
  239  0.26563456E-01
  240  0.27221926E-01
  241  0.27894093E-01
  242  0.28580245E-01
  243  0.29280113E-01
  244  0.29993845E-01
  245  0.30721614E-01
  246  0.31463932E-01
  247  0.32220587E-01
  248  0.32991849E-01
  249  0.33777922E-01
  250  0.34579419E-01
  251  0.35396036E-01
  252  0.36228243E-01
  253  0.37076473E-01
  254  0.37941109E-01
  255  0.38822178E-01
  256  0.39720464E-01
  257  0.40636472E-01
  258  0.41569818E-01
  259  0.42522002E-01
  260  0.43493047E-01
  261  0.44483446E-01
  262  0.45494091E-01
  263  0.46525348E-01
  264  0.47577806E-01
  265  0.48652161E-01
  266  0.49749363E-01
  267  0.50870061E-01
  268  0.52014675E-01
  269  0.53184304E-01
  270  0.54379884E-01
  271  0.55601243E-01
  272  0.56850467E-01
  273  0.58128107E-01
  274  0.59434142E-01
  275  0.60770281E-01
  276  0.62137593E-01
  277  0.63536286E-01
  278  0.64967059E-01
  279  0.66432051E-01
  280  0.67931391E-01
  281  0.69465511E-01
  282  0.71035370E-01
  283  0.72642043E-01
  284  0.74286826E-01
  285  0.75969622E-01
  286  0.77691108E-01
  287  0.79452880E-01
  288  0.81254996E-01
  289  0.83097249E-01
  290  0.84981717E-01
  291  0.86907528E-01
  292  0.88875555E-01
  293  0.90886474E-01
  294  0.92939653E-01
  295  0.95036663E-01
  296  0.97175561E-01
  297  0.99357210E-01
  298  0.10158165E+00
  299  0.10384829E+00
  300  0.10615790E+00
  301  0.10850799E+00
  302  0.11089879E+00
  303  0.11332966E+00
  304  0.11579943E+00
  305  0.11830860E+00
  306  0.12085383E+00
  307  0.12343482E+00
  308  0.12605038E+00
  309  0.12869816E+00
  310  0.13137659E+00
  311  0.13408394E+00
  312  0.13681915E+00
  313  0.13957959E+00
  314  0.14236221E+00
  315  0.14516427E+00
  316  0.14798462E+00
  317  0.15081966E+00
  318  0.15366706E+00
  319  0.15652391E+00
  320  0.15938622E+00
  321  0.16225114E+00
  322  0.16511577E+00
  323  0.16797709E+00
  324  0.17082983E+00
  325  0.17367266E+00
  326  0.17649944E+00
  327  0.17930838E+00
  328  0.18209483E+00
  329  0.18485540E+00
  330  0.18758512E+00
  331  0.19028133E+00
  332  0.19293797E+00
  333  0.19555332E+00
  334  0.19812162E+00
  335  0.20063980E+00
  336  0.20310289E+00
  337  0.20550960E+00
  338  0.20785160E+00
  339  0.21012853E+00
  340  0.21233417E+00
  341  0.21446687E+00
  342  0.21652052E+00
  343  0.21849366E+00
  344  0.22038241E+00
  345  0.22218177E+00
  346  0.22389084E+00
  347  0.22550496E+00
  348  0.22702146E+00
  349  0.22843722E+00
  350  0.22975142E+00
  351  0.23095860E+00
  352  0.23205903E+00
  353  0.23304865E+00
  354  0.23392777E+00
  355  0.23469290E+00
  356  0.23534353E+00
  357  0.23587854E+00
  358  0.23629566E+00
  359  0.23659429E+00
  360  0.23677588E+00
 ]; 
