stt = [ 
    1  0.23674913E+00
    2  0.23669188E+00
    3  0.23651658E+00
    4  0.23622306E+00
    5  0.23581116E+00
    6  0.23528220E+00
    7  0.23463766E+00
    8  0.23387760E+00
    9  0.23300448E+00
   10  0.23202014E+00
   11  0.23092520E+00
   12  0.22972399E+00
   13  0.22841662E+00
   14  0.22700536E+00
   15  0.22549519E+00
   16  0.22388646E+00
   17  0.22218318E+00
   18  0.22038972E+00
   19  0.21850711E+00
   20  0.21653831E+00
   21  0.21448947E+00
   22  0.21236266E+00
   23  0.21016209E+00
   24  0.20789066E+00
   25  0.20555192E+00
   26  0.20315203E+00
   27  0.20069364E+00
   28  0.19818003E+00
   29  0.19561602E+00
   30  0.19300504E+00
   31  0.19035122E+00
   32  0.18766020E+00
   33  0.18493395E+00
   34  0.18217775E+00
   35  0.17939460E+00
   36  0.17658818E+00
   37  0.17376512E+00
   38  0.17092581E+00
   39  0.16807581E+00
   40  0.16521741E+00
   41  0.16235544E+00
   42  0.15949285E+00
   43  0.15663296E+00
   44  0.15377884E+00
   45  0.15093382E+00
   46  0.14810078E+00
   47  0.14528172E+00
   48  0.14248161E+00
   49  0.13970064E+00
   50  0.13694182E+00
   51  0.13420902E+00
   52  0.13150214E+00
   53  0.12882440E+00
   54  0.12617761E+00
   55  0.12356331E+00
   56  0.12098385E+00
   57  0.11843903E+00
   58  0.11593146E+00
   59  0.11346143E+00
   60  0.11103144E+00
   61  0.10864008E+00
   62  0.10628973E+00
   63  0.10398181E+00
   64  0.10171515E+00
   65  0.99490106E-01
   66  0.97308680E-01
   67  0.95169432E-01
   68  0.93072809E-01
   69  0.91018856E-01
   70  0.89007825E-01
   71  0.87039217E-01
   72  0.85112616E-01
   73  0.83227627E-01
   74  0.81384562E-01
   75  0.79582147E-01
   76  0.77819340E-01
   77  0.76096356E-01
   78  0.74412875E-01
   79  0.72767422E-01
   80  0.71158782E-01
   81  0.69587983E-01
   82  0.68052620E-01
   83  0.66552930E-01
   84  0.65086156E-01
   85  0.63653216E-01
   86  0.62253788E-01
   87  0.60884573E-01
   88  0.59547409E-01
   89  0.58238853E-01
   90  0.56959849E-01
   91  0.55708822E-01
   92  0.54485254E-01
   93  0.53288084E-01
   94  0.52116465E-01
   95  0.50969757E-01
   96  0.49847148E-01
   97  0.48747860E-01
   98  0.47671389E-01
   99  0.46616655E-01
  100  0.45583192E-01
  101  0.44570353E-01
  102  0.43577306E-01
  103  0.42604037E-01
  104  0.41649453E-01
  105  0.40713347E-01
  106  0.39795361E-01
  107  0.38894720E-01
  108  0.38011074E-01
  109  0.37144139E-01
  110  0.36293391E-01
  111  0.35458624E-01
  112  0.34639135E-01
  113  0.33835895E-01
  114  0.33047032E-01
  115  0.32273114E-01
  116  0.31514004E-01
  117  0.30769611E-01
  118  0.30039011E-01
  119  0.29322710E-01
  120  0.28620658E-01
  121  0.27932011E-01
  122  0.27257621E-01
  123  0.26596844E-01
  124  0.25949344E-01
  125  0.25315609E-01
  126  0.24695296E-01
  127  0.24088280E-01
  128  0.23494853E-01
  129  0.22914438E-01
  130  0.22347292E-01
  131  0.21793619E-01
  132  0.21252898E-01
  133  0.20725382E-01
  134  0.20210970E-01
  135  0.19709317E-01
  136  0.19221058E-01
  137  0.18745448E-01
  138  0.18282972E-01
  139  0.17833138E-01
  140  0.17396055E-01
  141  0.16971692E-01
  142  0.16560020E-01
  143  0.16161015E-01
  144  0.15774278E-01
  145  0.15400106E-01
  146  0.15038035E-01
  147  0.14688396E-01
  148  0.14350637E-01
  149  0.14025043E-01
  150  0.13711220E-01
  151  0.13409145E-01
  152  0.13118762E-01
  153  0.12839985E-01
  154  0.12572397E-01
  155  0.12316221E-01
  156  0.12071044E-01
  157  0.11837050E-01
  158  0.11613808E-01
  159  0.11401246E-01
  160  0.11199446E-01
  161  0.11008038E-01
  162  0.10826947E-01
  163  0.10656015E-01
  164  0.10495129E-01
  165  0.10344211E-01
  166  0.10203206E-01
  167  0.10071802E-01
  168  0.99500446E-02
  169  0.98377056E-02
  170  0.97347032E-02
  171  0.96412040E-02
  172  0.95566884E-02
  173  0.94812587E-02
  174  0.94149746E-02
  175  0.93576331E-02
  176  0.93093654E-02
  177  0.92697078E-02
  178  0.92389928E-02
  179  0.92169829E-02
  180  0.92038317E-02
  181  0.91994116E-02
  182  0.92036808E-02
  183  0.92168851E-02
  184  0.92386976E-02
  185  0.92692804E-02
  186  0.93086930E-02
  187  0.93570407E-02
  188  0.94140777E-02
  189  0.94803115E-02
  190  0.95554609E-02
  191  0.96397353E-02
  192  0.97332215E-02
  193  0.98359408E-02
  194  0.99480776E-02
  195  0.10069636E-01
  196  0.10200735E-01
  197  0.10341540E-01
  198  0.10492195E-01
  199  0.10652713E-01
  200  0.10823385E-01
  201  0.11004069E-01
  202  0.11195158E-01
  203  0.11396560E-01
  204  0.11608675E-01
  205  0.11831556E-01
  206  0.12065064E-01
  207  0.12309644E-01
  208  0.12565301E-01
  209  0.12832279E-01
  210  0.13110554E-01
  211  0.13400210E-01
  212  0.13701742E-01
  213  0.14014717E-01
  214  0.14339668E-01
  215  0.14676701E-01
  216  0.15025663E-01
  217  0.15386694E-01
  218  0.15760003E-01
  219  0.16145816E-01
  220  0.16544003E-01
  221  0.16954657E-01
  222  0.17378105E-01
  223  0.17813882E-01
  224  0.18262656E-01
  225  0.18724227E-01
  226  0.19198490E-01
  227  0.19685598E-01
  228  0.20185722E-01
  229  0.20699043E-01
  230  0.21225456E-01
  231  0.21764802E-01
  232  0.22317125E-01
  233  0.22882802E-01
  234  0.23461822E-01
  235  0.24053665E-01
  236  0.24659354E-01
  237  0.25278239E-01
  238  0.25910284E-01
  239  0.26556194E-01
  240  0.27215434E-01
  241  0.27888492E-01
  242  0.28575249E-01
  243  0.29275896E-01
  244  0.29990403E-01
  245  0.30719368E-01
  246  0.31462181E-01
  247  0.32219667E-01
  248  0.32991789E-01
  249  0.33778880E-01
  250  0.34580808E-01
  251  0.35398692E-01
  252  0.36231779E-01
  253  0.37080720E-01
  254  0.37946116E-01
  255  0.38828123E-01
  256  0.39727051E-01
  257  0.40643603E-01
  258  0.41578371E-01
  259  0.42531248E-01
  260  0.43503165E-01
  261  0.44494286E-01
  262  0.45505688E-01
  263  0.46537973E-01
  264  0.47591116E-01
  265  0.48666436E-01
  266  0.49764197E-01
  267  0.50885506E-01
  268  0.52031003E-01
  269  0.53201053E-01
  270  0.54397389E-01
  271  0.55619344E-01
  272  0.56869570E-01
  273  0.58147438E-01
  274  0.59454076E-01
  275  0.60790807E-01
  276  0.62159013E-01
  277  0.63557826E-01
  278  0.64989135E-01
  279  0.66454507E-01
  280  0.67954130E-01
  281  0.69488645E-01
  282  0.71058750E-01
  283  0.72666205E-01
  284  0.74310966E-01
  285  0.75993560E-01
  286  0.77715859E-01
  287  0.79477392E-01
  288  0.81279144E-01
  289  0.83121814E-01
  290  0.85006341E-01
  291  0.86931840E-01
  292  0.88899598E-01
  293  0.90910099E-01
  294  0.92963822E-01
  295  0.95059671E-01
  296  0.97197801E-01
  297  0.99379510E-01
  298  0.10160324E+00
  299  0.10386972E+00
  300  0.10617784E+00
  301  0.10852666E+00
  302  0.11091703E+00
  303  0.11334696E+00
  304  0.11581602E+00
  305  0.11832289E+00
  306  0.12086719E+00
  307  0.12344715E+00
  308  0.12606104E+00
  309  0.12870698E+00
  310  0.13138416E+00
  311  0.13409024E+00
  312  0.13682376E+00
  313  0.13958186E+00
  314  0.14236245E+00
  315  0.14516316E+00
  316  0.14798151E+00
  317  0.15081491E+00
  318  0.15365960E+00
  319  0.15651363E+00
  320  0.15937428E+00
  321  0.16223635E+00
  322  0.16509911E+00
  323  0.16795774E+00
  324  0.17080823E+00
  325  0.17364821E+00
  326  0.17647287E+00
  327  0.17927912E+00
  328  0.18206318E+00
  329  0.18482092E+00
  330  0.18754835E+00
  331  0.19024132E+00
  332  0.19289610E+00
  333  0.19550885E+00
  334  0.19807458E+00
  335  0.20059097E+00
  336  0.20305185E+00
  337  0.20545486E+00
  338  0.20779456E+00
  339  0.21006934E+00
  340  0.21227281E+00
  341  0.21440223E+00
  342  0.21645422E+00
  343  0.21842535E+00
  344  0.22031207E+00
  345  0.22211027E+00
  346  0.22381701E+00
  347  0.22542949E+00
  348  0.22694434E+00
  349  0.22835815E+00
  350  0.22967027E+00
  351  0.23087735E+00
  352  0.23197551E+00
  353  0.23296440E+00
  354  0.23384295E+00
  355  0.23460776E+00
  356  0.23525609E+00
  357  0.23579152E+00
  358  0.23620655E+00
  359  0.23650600E+00
  360  0.23668712E+00
 ]; 
