stt = [ 
    1  0.23661952E+00
    2  0.23656030E+00
    3  0.23638296E+00
    4  0.23608680E+00
    5  0.23567374E+00
    6  0.23514293E+00
    7  0.23449603E+00
    8  0.23373468E+00
    9  0.23285973E+00
   10  0.23187390E+00
   11  0.23077868E+00
   12  0.22957382E+00
   13  0.22826529E+00
   14  0.22685263E+00
   15  0.22534071E+00
   16  0.22373140E+00
   17  0.22202624E+00
   18  0.22023077E+00
   19  0.21834634E+00
   20  0.21637763E+00
   21  0.21432742E+00
   22  0.21219905E+00
   23  0.20999721E+00
   24  0.20772485E+00
   25  0.20538555E+00
   26  0.20298597E+00
   27  0.20052566E+00
   28  0.19801080E+00
   29  0.19544663E+00
   30  0.19283597E+00
   31  0.19018196E+00
   32  0.18749006E+00
   33  0.18476379E+00
   34  0.18200783E+00
   35  0.17922455E+00
   36  0.17641900E+00
   37  0.17359532E+00
   38  0.17075624E+00
   39  0.16790645E+00
   40  0.16504920E+00
   41  0.16218795E+00
   42  0.15932570E+00
   43  0.15646695E+00
   44  0.15361391E+00
   45  0.15076999E+00
   46  0.14793769E+00
   47  0.14511986E+00
   48  0.14232066E+00
   49  0.13954088E+00
   50  0.13678426E+00
   51  0.13405235E+00
   52  0.13134734E+00
   53  0.12867126E+00
   54  0.12602620E+00
   55  0.12341399E+00
   56  0.12083530E+00
   57  0.11829310E+00
   58  0.11578719E+00
   59  0.11331926E+00
   60  0.11089097E+00
   61  0.10850298E+00
   62  0.10615537E+00
   63  0.10384875E+00
   64  0.10158392E+00
   65  0.99361949E-01
   66  0.97182274E-01
   67  0.95045671E-01
   68  0.92951760E-01
   69  0.90900481E-01
   70  0.88892281E-01
   71  0.86925946E-01
   72  0.85002303E-01
   73  0.83120555E-01
   74  0.81279792E-01
   75  0.79479806E-01
   76  0.77720396E-01
   77  0.76000437E-01
   78  0.74319169E-01
   79  0.72676986E-01
   80  0.71072243E-01
   81  0.69503643E-01
   82  0.67971312E-01
   83  0.66474251E-01
   84  0.65010659E-01
   85  0.63581347E-01
   86  0.62184054E-01
   87  0.60818188E-01
   88  0.59483219E-01
   89  0.58178712E-01
   90  0.56902435E-01
   91  0.55654731E-01
   92  0.54434016E-01
   93  0.53240255E-01
   94  0.52071318E-01
   95  0.50927594E-01
   96  0.49808349E-01
   97  0.48712041E-01
   98  0.47638360E-01
   99  0.46586744E-01
  100  0.45556307E-01
  101  0.44545937E-01
  102  0.43556277E-01
  103  0.42585745E-01
  104  0.41633971E-01
  105  0.40700719E-01
  106  0.39785303E-01
  107  0.38887255E-01
  108  0.38006142E-01
  109  0.37141792E-01
  110  0.36293909E-01
  111  0.35461411E-01
  112  0.34644585E-01
  113  0.33843573E-01
  114  0.33057202E-01
  115  0.32285724E-01
  116  0.31528711E-01
  117  0.30786058E-01
  118  0.30057918E-01
  119  0.29343687E-01
  120  0.28643690E-01
  121  0.27956922E-01
  122  0.27284056E-01
  123  0.26625138E-01
  124  0.25979454E-01
  125  0.25347210E-01
  126  0.24728518E-01
  127  0.24122940E-01
  128  0.23530781E-01
  129  0.22951961E-01
  130  0.22386145E-01
  131  0.21833554E-01
  132  0.21294033E-01
  133  0.20767394E-01
  134  0.20253902E-01
  135  0.19753430E-01
  136  0.19265844E-01
  137  0.18791063E-01
  138  0.18329186E-01
  139  0.17880090E-01
  140  0.17443655E-01
  141  0.17019909E-01
  142  0.16608644E-01
  143  0.16210046E-01
  144  0.15823606E-01
  145  0.15449836E-01
  146  0.15088061E-01
  147  0.14738566E-01
  148  0.14401111E-01
  149  0.14075567E-01
  150  0.13761847E-01
  151  0.13459940E-01
  152  0.13169540E-01
  153  0.12890649E-01
  154  0.12623187E-01
  155  0.12366917E-01
  156  0.12121753E-01
  157  0.11887416E-01
  158  0.11664054E-01
  159  0.11451382E-01
  160  0.11249437E-01
  161  0.11057646E-01
  162  0.10876370E-01
  163  0.10705348E-01
  164  0.10544227E-01
  165  0.10392936E-01
  166  0.10251756E-01
  167  0.10120060E-01
  168  0.99979779E-02
  169  0.98854341E-02
  170  0.97822351E-02
  171  0.96883355E-02
  172  0.96035758E-02
  173  0.95279906E-02
  174  0.94614374E-02
  175  0.94038416E-02
  176  0.93550803E-02
  177  0.93152281E-02
  178  0.92842970E-02
  179  0.92621455E-02
  180  0.92486041E-02
  181  0.92439130E-02
  182  0.92481757E-02
  183  0.92609776E-02
  184  0.92827026E-02
  185  0.93129836E-02
  186  0.93522463E-02
  187  0.94003715E-02
  188  0.94572436E-02
  189  0.95232511E-02
  190  0.95982002E-02
  191  0.96824290E-02
  192  0.97756526E-02
  193  0.98782443E-02
  194  0.99902032E-02
  195  0.10111544E-01
  196  0.10242512E-01
  197  0.10383253E-01
  198  0.10533622E-01
  199  0.10693971E-01
  200  0.10864407E-01
  201  0.11044920E-01
  202  0.11235761E-01
  203  0.11437010E-01
  204  0.11648878E-01
  205  0.11871517E-01
  206  0.12104811E-01
  207  0.12349054E-01
  208  0.12604433E-01
  209  0.12870930E-01
  210  0.13149055E-01
  211  0.13438275E-01
  212  0.13739269E-01
  213  0.14051998E-01
  214  0.14376526E-01
  215  0.14713005E-01
  216  0.15061339E-01
  217  0.15421956E-01
  218  0.15794786E-01
  219  0.16179975E-01
  220  0.16577499E-01
  221  0.16987422E-01
  222  0.17410059E-01
  223  0.17845316E-01
  224  0.18293221E-01
  225  0.18753977E-01
  226  0.19227341E-01
  227  0.19713875E-01
  228  0.20212850E-01
  229  0.20725392E-01
  230  0.21250581E-01
  231  0.21788709E-01
  232  0.22340266E-01
  233  0.22904778E-01
  234  0.23482572E-01
  235  0.24073571E-01
  236  0.24677634E-01
  237  0.25295202E-01
  238  0.25926186E-01
  239  0.26570722E-01
  240  0.27228454E-01
  241  0.27900098E-01
  242  0.28585536E-01
  243  0.29284695E-01
  244  0.29998081E-01
  245  0.30725164E-01
  246  0.31466890E-01
  247  0.32222632E-01
  248  0.32993332E-01
  249  0.33778623E-01
  250  0.34579270E-01
  251  0.35395186E-01
  252  0.36226630E-01
  253  0.37074056E-01
  254  0.37937950E-01
  255  0.38818438E-01
  256  0.39715972E-01
  257  0.40631216E-01
  258  0.41563660E-01
  259  0.42515140E-01
  260  0.43485384E-01
  261  0.44475038E-01
  262  0.45484733E-01
  263  0.46515346E-01
  264  0.47566991E-01
  265  0.48640713E-01
  266  0.49737334E-01
  267  0.50856974E-01
  268  0.52001160E-01
  269  0.53169705E-01
  270  0.54364443E-01
  271  0.55585276E-01
  272  0.56833807E-01
  273  0.58110405E-01
  274  0.59416160E-01
  275  0.60751121E-01
  276  0.62117755E-01
  277  0.63515782E-01
  278  0.64946525E-01
  279  0.66410273E-01
  280  0.67908742E-01
  281  0.69442242E-01
  282  0.71011417E-01
  283  0.72617546E-01
  284  0.74261360E-01
  285  0.75943634E-01
  286  0.77664889E-01
  287  0.79425767E-01
  288  0.81226572E-01
  289  0.83068535E-01
  290  0.84952220E-01
  291  0.86876988E-01
  292  0.88844292E-01
  293  0.90854101E-01
  294  0.92906430E-01
  295  0.95002241E-01
  296  0.97140059E-01
  297  0.99320628E-01
  298  0.10154390E+00
  299  0.10381011E+00
  300  0.10611708E+00
  301  0.10846597E+00
  302  0.11085561E+00
  303  0.11328508E+00
  304  0.11575384E+00
  305  0.11826094E+00
  306  0.12080407E+00
  307  0.12338332E+00
  308  0.12599690E+00
  309  0.12864222E+00
  310  0.13131915E+00
  311  0.13402469E+00
  312  0.13675736E+00
  313  0.13951471E+00
  314  0.14229532E+00
  315  0.14509468E+00
  316  0.14791273E+00
  317  0.15074523E+00
  318  0.15359001E+00
  319  0.15644296E+00
  320  0.15930216E+00
  321  0.16216473E+00
  322  0.16502561E+00
  323  0.16788383E+00
  324  0.17073320E+00
  325  0.17357233E+00
  326  0.17639697E+00
  327  0.17920244E+00
  328  0.18198466E+00
  329  0.18474118E+00
  330  0.18746838E+00
  331  0.19016036E+00
  332  0.19281325E+00
  333  0.19542457E+00
  334  0.19798939E+00
  335  0.20050430E+00
  336  0.20296398E+00
  337  0.20536588E+00
  338  0.20770459E+00
  339  0.20997733E+00
  340  0.21217875E+00
  341  0.21430753E+00
  342  0.21635872E+00
  343  0.21832794E+00
  344  0.22021276E+00
  345  0.22200954E+00
  346  0.22371462E+00
  347  0.22532518E+00
  348  0.22683862E+00
  349  0.22825094E+00
  350  0.22956112E+00
  351  0.23076499E+00
  352  0.23186268E+00
  353  0.23285061E+00
  354  0.23372684E+00
  355  0.23448865E+00
  356  0.23513632E+00
  357  0.23566900E+00
  358  0.23608348E+00
  359  0.23638055E+00
  360  0.23655941E+00
 ]; 
