spt = [ 
    1  0.77904398E-10
    2  0.90371745E-10
    3  0.10421873E-09
    4  0.12063572E-09
    5  0.14039353E-09
    6  0.16204653E-09
    7  0.18618636E-09
    8  0.21332952E-09
    9  0.24163471E-09
   10  0.27277761E-09
   11  0.30563060E-09
   12  0.34103156E-09
   13  0.37745890E-09
   14  0.41735354E-09
   15  0.45692136E-09
   16  0.49888366E-09
   17  0.54366139E-09
   18  0.58788835E-09
   19  0.63430156E-09
   20  0.68200312E-09
   21  0.73226492E-09
   22  0.78178830E-09
   23  0.83061785E-09
   24  0.88118035E-09
   25  0.93201180E-09
   26  0.98559139E-09
   27  0.10345935E-08
   28  0.10899825E-08
   29  0.11413031E-08
   30  0.11923050E-08
   31  0.12460210E-08
   32  0.12942004E-08
   33  0.13468129E-08
   34  0.13931363E-08
   35  0.14472284E-08
   36  0.14958086E-08
   37  0.15415761E-08
   38  0.15904346E-08
   39  0.16363051E-08
   40  0.16809968E-08
   41  0.17237890E-08
   42  0.17654788E-08
   43  0.18099378E-08
   44  0.18469257E-08
   45  0.18884942E-08
   46  0.19250421E-08
   47  0.19583097E-08
   48  0.19942838E-08
   49  0.20228341E-08
   50  0.20577535E-08
   51  0.20864239E-08
   52  0.21139064E-08
   53  0.21383051E-08
   54  0.21661157E-08
   55  0.21832094E-08
   56  0.22104087E-08
   57  0.22325750E-08
   58  0.22491451E-08
   59  0.22648572E-08
   60  0.22792965E-08
   61  0.22866522E-08
   62  0.23100992E-08
   63  0.23203335E-08
   64  0.23233335E-08
   65  0.23385467E-08
   66  0.23417626E-08
   67  0.23501312E-08
   68  0.23596642E-08
   69  0.23664175E-08
   70  0.23711435E-08
   71  0.23704820E-08
   72  0.23687068E-08
   73  0.23758409E-08
   74  0.23786344E-08
   75  0.23735349E-08
   76  0.23738673E-08
   77  0.23691971E-08
   78  0.23772824E-08
   79  0.23724882E-08
   80  0.23708768E-08
   81  0.23691380E-08
   82  0.23656599E-08
   83  0.23661160E-08
   84  0.23659141E-08
   85  0.23604254E-08
   86  0.23587667E-08
   87  0.23565629E-08
   88  0.23551279E-08
   89  0.23546607E-08
   90  0.23556546E-08
   91  0.23422899E-08
   92  0.23408133E-08
   93  0.23405979E-08
   94  0.23362183E-08
   95  0.23337801E-08
   96  0.23304518E-08
   97  0.23353932E-08
   98  0.23261186E-08
   99  0.23289992E-08
  100  0.23257523E-08
  101  0.23205804E-08
  102  0.23150422E-08
  103  0.23118423E-08
  104  0.23062747E-08
  105  0.22982740E-08
  106  0.22962379E-08
  107  0.22900348E-08
  108  0.22814886E-08
  109  0.22679789E-08
  110  0.22608544E-08
  111  0.22513540E-08
  112  0.22418372E-08
  113  0.22280635E-08
  114  0.22177518E-08
  115  0.22022002E-08
  116  0.21851478E-08
  117  0.21686775E-08
  118  0.21487527E-08
  119  0.21260547E-08
  120  0.21077449E-08
  121  0.20840338E-08
  122  0.20565767E-08
  123  0.20310376E-08
  124  0.20032025E-08
  125  0.19729254E-08
  126  0.19391675E-08
  127  0.19082615E-08
  128  0.18753215E-08
  129  0.18348237E-08
  130  0.17962912E-08
  131  0.17603202E-08
  132  0.17190809E-08
  133  0.16785406E-08
  134  0.16364317E-08
  135  0.15898425E-08
  136  0.15466659E-08
  137  0.15019317E-08
  138  0.14559746E-08
  139  0.14065334E-08
  140  0.13609396E-08
  141  0.13128729E-08
  142  0.12655235E-08
  143  0.12162762E-08
  144  0.11680005E-08
  145  0.11191972E-08
  146  0.10723843E-08
  147  0.10233648E-08
  148  0.97603825E-09
  149  0.93065650E-09
  150  0.88316748E-09
  151  0.83828366E-09
  152  0.79417267E-09
  153  0.75067147E-09
  154  0.70706041E-09
  155  0.66539724E-09
  156  0.62591426E-09
  157  0.58667216E-09
  158  0.54964100E-09
  159  0.51202059E-09
  160  0.47751852E-09
  161  0.44375234E-09
  162  0.41089726E-09
  163  0.38054976E-09
  164  0.35189204E-09
  165  0.32392777E-09
  166  0.29856989E-09
  167  0.27376476E-09
  168  0.25103375E-09
  169  0.23007829E-09
  170  0.21043087E-09
  171  0.19264162E-09
  172  0.17653427E-09
  173  0.16190005E-09
  174  0.14905957E-09
  175  0.13772423E-09
  176  0.12811294E-09
  177  0.12052469E-09
  178  0.11396513E-09
  179  0.10934717E-09
  180  0.10623209E-09
  181  0.10458273E-09
  182  0.10539170E-09
  183  0.10711253E-09
  184  0.11080914E-09
  185  0.11616093E-09
  186  0.12334853E-09
  187  0.13170982E-09
  188  0.14203481E-09
  189  0.15351814E-09
  190  0.16734591E-09
  191  0.18181964E-09
  192  0.19870922E-09
  193  0.21751591E-09
  194  0.23711291E-09
  195  0.25831148E-09
  196  0.28245650E-09
  197  0.30602068E-09
  198  0.33275729E-09
  199  0.36164707E-09
  200  0.38877010E-09
  201  0.41934411E-09
  202  0.45128570E-09
  203  0.48451188E-09
  204  0.51988591E-09
  205  0.55420474E-09
  206  0.59208849E-09
  207  0.62887462E-09
  208  0.66879535E-09
  209  0.70794887E-09
  210  0.74932283E-09
  211  0.78890766E-09
  212  0.83259949E-09
  213  0.87359231E-09
  214  0.91579827E-09
  215  0.95985409E-09
  216  0.10052272E-08
  217  0.10483063E-08
  218  0.10901834E-08
  219  0.11334557E-08
  220  0.11777860E-08
  221  0.12219049E-08
  222  0.12598771E-08
  223  0.13020685E-08
  224  0.13433934E-08
  225  0.13840737E-08
  226  0.14251825E-08
  227  0.14612836E-08
  228  0.15017495E-08
  229  0.15339980E-08
  230  0.15705270E-08
  231  0.16046139E-08
  232  0.16352715E-08
  233  0.16672804E-08
  234  0.16992279E-08
  235  0.17218832E-08
  236  0.17536744E-08
  237  0.17758737E-08
  238  0.18032106E-08
  239  0.18239356E-08
  240  0.18429360E-08
  241  0.18610657E-08
  242  0.18814514E-08
  243  0.18956481E-08
  244  0.19092232E-08
  245  0.19209714E-08
  246  0.19387401E-08
  247  0.19445794E-08
  248  0.19552724E-08
  249  0.19636530E-08
  250  0.19735289E-08
  251  0.19788324E-08
  252  0.19851931E-08
  253  0.19882056E-08
  254  0.19949307E-08
  255  0.19974189E-08
  256  0.19993471E-08
  257  0.20027020E-08
  258  0.20032405E-08
  259  0.20074018E-08
  260  0.20087929E-08
  261  0.20109365E-08
  262  0.20077331E-08
  263  0.20170159E-08
  264  0.20148980E-08
  265  0.20140813E-08
  266  0.20157871E-08
  267  0.20166089E-08
  268  0.20173243E-08
  269  0.20171695E-08
  270  0.20236444E-08
  271  0.20204560E-08
  272  0.20247362E-08
  273  0.20203064E-08
  274  0.20244304E-08
  275  0.20328430E-08
  276  0.20304336E-08
  277  0.20302571E-08
  278  0.20314068E-08
  279  0.20302098E-08
  280  0.20304842E-08
  281  0.20350244E-08
  282  0.20341979E-08
  283  0.20334976E-08
  284  0.20292048E-08
  285  0.20338768E-08
  286  0.20275150E-08
  287  0.20254813E-08
  288  0.20202695E-08
  289  0.20140460E-08
  290  0.20103765E-08
  291  0.20028730E-08
  292  0.19965851E-08
  293  0.19949955E-08
  294  0.19808102E-08
  295  0.19766748E-08
  296  0.19620132E-08
  297  0.19509394E-08
  298  0.19354660E-08
  299  0.19226536E-08
  300  0.19023325E-08
  301  0.18838877E-08
  302  0.18646413E-08
  303  0.18425187E-08
  304  0.18226608E-08
  305  0.18015042E-08
  306  0.17741828E-08
  307  0.17485773E-08
  308  0.17232376E-08
  309  0.16928762E-08
  310  0.16643762E-08
  311  0.16276961E-08
  312  0.15911262E-08
  313  0.15606302E-08
  314  0.15246350E-08
  315  0.14820831E-08
  316  0.14467503E-08
  317  0.14032322E-08
  318  0.13649337E-08
  319  0.13264767E-08
  320  0.12802680E-08
  321  0.12372452E-08
  322  0.11953587E-08
  323  0.11509431E-08
  324  0.11030824E-08
  325  0.10557980E-08
  326  0.10101028E-08
  327  0.96583785E-09
  328  0.92033559E-09
  329  0.86883506E-09
  330  0.82751539E-09
  331  0.78050383E-09
  332  0.73574913E-09
  333  0.68915040E-09
  334  0.64687594E-09
  335  0.60173744E-09
  336  0.55852972E-09
  337  0.51891452E-09
  338  0.47686044E-09
  339  0.43821322E-09
  340  0.39934578E-09
  341  0.36275649E-09
  342  0.32823969E-09
  343  0.29461356E-09
  344  0.26433866E-09
  345  0.23491614E-09
  346  0.20739974E-09
  347  0.18037292E-09
  348  0.15802841E-09
  349  0.13709535E-09
  350  0.11819978E-09
  351  0.10273299E-09
  352  0.88175557E-10
  353  0.76662406E-10
  354  0.67864082E-10
  355  0.61634559E-10
  356  0.57836288E-10
  357  0.56524639E-10
  358  0.58037079E-10
  359  0.62292262E-10
  360  0.68650877E-10
 ]; 
