stt = [ 
    1  0.23672023E+00
    2  0.23666298E+00
    3  0.23648749E+00
    4  0.23619370E+00
    5  0.23578151E+00
    6  0.23525241E+00
    7  0.23460758E+00
    8  0.23384812E+00
    9  0.23297454E+00
   10  0.23198968E+00
   11  0.23089533E+00
   12  0.22969380E+00
   13  0.22838601E+00
   14  0.22697547E+00
   15  0.22546522E+00
   16  0.22385664E+00
   17  0.22215325E+00
   18  0.22035874E+00
   19  0.21847568E+00
   20  0.21650784E+00
   21  0.21445970E+00
   22  0.21233244E+00
   23  0.21013270E+00
   24  0.20786047E+00
   25  0.20552349E+00
   26  0.20312269E+00
   27  0.20066372E+00
   28  0.19815089E+00
   29  0.19558683E+00
   30  0.19297597E+00
   31  0.19032308E+00
   32  0.18763168E+00
   33  0.18490608E+00
   34  0.18215059E+00
   35  0.17936772E+00
   36  0.17656155E+00
   37  0.17373799E+00
   38  0.17089929E+00
   39  0.16804947E+00
   40  0.16519187E+00
   41  0.16233099E+00
   42  0.15946816E+00
   43  0.15660928E+00
   44  0.15375510E+00
   45  0.15091111E+00
   46  0.14807817E+00
   47  0.14526010E+00
   48  0.14246002E+00
   49  0.13967924E+00
   50  0.13692151E+00
   51  0.13418913E+00
   52  0.13148253E+00
   53  0.12880537E+00
   54  0.12615943E+00
   55  0.12354599E+00
   56  0.12096620E+00
   57  0.11842185E+00
   58  0.11591527E+00
   59  0.11344592E+00
   60  0.11101521E+00
   61  0.10862543E+00
   62  0.10627594E+00
   63  0.10396806E+00
   64  0.10170180E+00
   65  0.99477850E-01
   66  0.97295985E-01
   67  0.95157452E-01
   68  0.93061708E-01
   69  0.91008194E-01
   70  0.88997573E-01
   71  0.87029383E-01
   72  0.85103646E-01
   73  0.83219253E-01
   74  0.81376053E-01
   75  0.79574354E-01
   76  0.77812202E-01
   77  0.76089621E-01
   78  0.74406788E-01
   79  0.72761580E-01
   80  0.71153864E-01
   81  0.69583245E-01
   82  0.68048291E-01
   83  0.66548690E-01
   84  0.65082707E-01
   85  0.63650280E-01
   86  0.62251031E-01
   87  0.60882460E-01
   88  0.59545375E-01
   89  0.58237646E-01
   90  0.56958459E-01
   91  0.55708319E-01
   92  0.54485030E-01
   93  0.53288292E-01
   94  0.52116930E-01
   95  0.50970457E-01
   96  0.49848307E-01
   97  0.48749045E-01
   98  0.47672842E-01
   99  0.46618640E-01
  100  0.45585357E-01
  101  0.44572864E-01
  102  0.43580215E-01
  103  0.42607103E-01
  104  0.41652981E-01
  105  0.40717125E-01
  106  0.39799161E-01
  107  0.38898695E-01
  108  0.38015418E-01
  109  0.37148476E-01
  110  0.36298048E-01
  111  0.35463657E-01
  112  0.34644499E-01
  113  0.33841055E-01
  114  0.33052295E-01
  115  0.32278683E-01
  116  0.31519666E-01
  117  0.30775318E-01
  118  0.30045073E-01
  119  0.29328784E-01
  120  0.28626857E-01
  121  0.27938636E-01
  122  0.27264092E-01
  123  0.26603306E-01
  124  0.25956050E-01
  125  0.25322435E-01
  126  0.24702089E-01
  127  0.24095150E-01
  128  0.23501877E-01
  129  0.22921471E-01
  130  0.22354443E-01
  131  0.21800742E-01
  132  0.21259960E-01
  133  0.20732502E-01
  134  0.20218069E-01
  135  0.19716540E-01
  136  0.19228011E-01
  137  0.18752700E-01
  138  0.18290084E-01
  139  0.17840348E-01
  140  0.17403251E-01
  141  0.16978921E-01
  142  0.16567184E-01
  143  0.16168077E-01
  144  0.15781419E-01
  145  0.15407098E-01
  146  0.15045094E-01
  147  0.14695316E-01
  148  0.14357595E-01
  149  0.14031887E-01
  150  0.13718096E-01
  151  0.13416016E-01
  152  0.13125617E-01
  153  0.12846717E-01
  154  0.12579188E-01
  155  0.12322885E-01
  156  0.12077674E-01
  157  0.11843687E-01
  158  0.11620320E-01
  159  0.11407870E-01
  160  0.11205891E-01
  161  0.11014479E-01
  162  0.10833264E-01
  163  0.10662235E-01
  164  0.10501415E-01
  165  0.10350466E-01
  166  0.10209286E-01
  167  0.10077946E-01
  168  0.99560758E-02
  169  0.98437192E-02
  170  0.97407456E-02
  171  0.96470201E-02
  172  0.95626153E-02
  173  0.94871782E-02
  174  0.94208494E-02
  175  0.93635069E-02
  176  0.93150325E-02
  177  0.92754578E-02
  178  0.92446664E-02
  179  0.92226928E-02
  180  0.92095044E-02
  181  0.92051355E-02
  182  0.92093181E-02
  183  0.92224292E-02
  184  0.92442138E-02
  185  0.92748497E-02
  186  0.93142875E-02
  187  0.93625663E-02
  188  0.94196657E-02
  189  0.94858846E-02
  190  0.95609799E-02
  191  0.96452786E-02
  192  0.97387200E-02
  193  0.98414831E-02
  194  0.99535724E-02
  195  0.10075185E-01
  196  0.10206274E-01
  197  0.10347058E-01
  198  0.10497721E-01
  199  0.10658267E-01
  200  0.10828875E-01
  201  0.11009621E-01
  202  0.11200729E-01
  203  0.11402154E-01
  204  0.11614337E-01
  205  0.11836999E-01
  206  0.12070743E-01
  207  0.12315234E-01
  208  0.12571010E-01
  209  0.12837763E-01
  210  0.13116226E-01
  211  0.13405697E-01
  212  0.13707323E-01
  213  0.14020353E-01
  214  0.14345280E-01
  215  0.14682162E-01
  216  0.15031010E-01
  217  0.15392344E-01
  218  0.15765714E-01
  219  0.16151324E-01
  220  0.16549543E-01
  221  0.16960185E-01
  222  0.17383493E-01
  223  0.17819338E-01
  224  0.18268105E-01
  225  0.18729674E-01
  226  0.19203784E-01
  227  0.19691095E-01
  228  0.20191224E-01
  229  0.20704450E-01
  230  0.21230545E-01
  231  0.21769924E-01
  232  0.22322368E-01
  233  0.22887981E-01
  234  0.23466727E-01
  235  0.24058804E-01
  236  0.24664262E-01
  237  0.25283046E-01
  238  0.25915278E-01
  239  0.26560754E-01
  240  0.27220104E-01
  241  0.27893269E-01
  242  0.28579637E-01
  243  0.29280279E-01
  244  0.29994966E-01
  245  0.30723268E-01
  246  0.31466197E-01
  247  0.32223847E-01
  248  0.32995891E-01
  249  0.33782508E-01
  250  0.34584474E-01
  251  0.35402182E-01
  252  0.36234990E-01
  253  0.37083849E-01
  254  0.37949298E-01
  255  0.38831070E-01
  256  0.39730154E-01
  257  0.40646482E-01
  258  0.41581087E-01
  259  0.42533707E-01
  260  0.43505616E-01
  261  0.44496529E-01
  262  0.45507655E-01
  263  0.46539702E-01
  264  0.47592860E-01
  265  0.48668090E-01
  266  0.49765658E-01
  267  0.50887007E-01
  268  0.52031901E-01
  269  0.53202294E-01
  270  0.54398183E-01
  271  0.55620231E-01
  272  0.56870267E-01
  273  0.58147911E-01
  274  0.59454467E-01
  275  0.60790855E-01
  276  0.62158935E-01
  277  0.63557334E-01
  278  0.64988486E-01
  279  0.66454068E-01
  280  0.67953348E-01
  281  0.69487847E-01
  282  0.71057856E-01
  283  0.72664864E-01
  284  0.74309073E-01
  285  0.75991951E-01
  286  0.77713519E-01
  287  0.79475135E-01
  288  0.81276938E-01
  289  0.83119228E-01
  290  0.85003488E-01
  291  0.86928807E-01
  292  0.88896751E-01
  293  0.90906799E-01
  294  0.92959546E-01
  295  0.95055543E-01
  296  0.97193427E-01
  297  0.99375471E-01
  298  0.10159861E+00
  299  0.10386406E+00
  300  0.10617255E+00
  301  0.10852134E+00
  302  0.11091073E+00
  303  0.11334089E+00
  304  0.11580960E+00
  305  0.11831650E+00
  306  0.12086023E+00
  307  0.12344010E+00
  308  0.12605312E+00
  309  0.12869899E+00
  310  0.13137610E+00
  311  0.13408163E+00
  312  0.13681442E+00
  313  0.13957250E+00
  314  0.14235258E+00
  315  0.14515349E+00
  316  0.14797099E+00
  317  0.15080351E+00
  318  0.15364842E+00
  319  0.15650202E+00
  320  0.15936145E+00
  321  0.16222404E+00
  322  0.16508627E+00
  323  0.16794412E+00
  324  0.17079413E+00
  325  0.17363395E+00
  326  0.17645837E+00
  327  0.17926413E+00
  328  0.18204781E+00
  329  0.18480490E+00
  330  0.18753189E+00
  331  0.19022423E+00
  332  0.19287777E+00
  333  0.19549046E+00
  334  0.19805573E+00
  335  0.20057163E+00
  336  0.20303293E+00
  337  0.20543396E+00
  338  0.20777388E+00
  339  0.21004856E+00
  340  0.21225151E+00
  341  0.21438080E+00
  342  0.21643309E+00
  343  0.21840328E+00
  344  0.22028944E+00
  345  0.22208716E+00
  346  0.22379312E+00
  347  0.22540617E+00
  348  0.22691950E+00
  349  0.22833425E+00
  350  0.22964537E+00
  351  0.23085086E+00
  352  0.23195100E+00
  353  0.23293847E+00
  354  0.23381594E+00
  355  0.23457983E+00
  356  0.23522979E+00
  357  0.23576239E+00
  358  0.23618039E+00
  359  0.23647751E+00
  360  0.23665917E+00
 ]; 
