stt = [ 
    1  0.23675016E+00
    2  0.23669325E+00
    3  0.23651832E+00
    4  0.23622395E+00
    5  0.23581252E+00
    6  0.23528276E+00
    7  0.23463807E+00
    8  0.23387934E+00
    9  0.23300594E+00
   10  0.23202179E+00
   11  0.23092742E+00
   12  0.22972529E+00
   13  0.22841807E+00
   14  0.22700702E+00
   15  0.22549716E+00
   16  0.22388861E+00
   17  0.22218573E+00
   18  0.22039039E+00
   19  0.21850795E+00
   20  0.21654053E+00
   21  0.21449161E+00
   22  0.21236424E+00
   23  0.21016285E+00
   24  0.20789212E+00
   25  0.20555447E+00
   26  0.20315351E+00
   27  0.20069434E+00
   28  0.19818111E+00
   29  0.19561577E+00
   30  0.19300538E+00
   31  0.19035122E+00
   32  0.18765949E+00
   33  0.18493403E+00
   34  0.18217637E+00
   35  0.17939343E+00
   36  0.17658792E+00
   37  0.17376284E+00
   38  0.17092340E+00
   39  0.16807288E+00
   40  0.16521434E+00
   41  0.16235133E+00
   42  0.15948910E+00
   43  0.15662850E+00
   44  0.15377355E+00
   45  0.15092744E+00
   46  0.14809453E+00
   47  0.14527531E+00
   48  0.14247422E+00
   49  0.13969301E+00
   50  0.13693383E+00
   51  0.13419992E+00
   52  0.13149232E+00
   53  0.12881392E+00
   54  0.12616608E+00
   55  0.12355182E+00
   56  0.12097069E+00
   57  0.11842583E+00
   58  0.11591765E+00
   59  0.11344723E+00
   60  0.11101615E+00
   61  0.10862499E+00
   62  0.10627403E+00
   63  0.10396480E+00
   64  0.10169723E+00
   65  0.99472627E-01
   66  0.97289667E-01
   67  0.95150031E-01
   68  0.93052886E-01
   69  0.90997994E-01
   70  0.88986635E-01
   71  0.87017648E-01
   72  0.85090362E-01
   73  0.83205104E-01
   74  0.81361458E-01
   75  0.79558127E-01
   76  0.77795610E-01
   77  0.76072350E-01
   78  0.74388281E-01
   79  0.72742417E-01
   80  0.71134098E-01
   81  0.69562107E-01
   82  0.68026632E-01
   83  0.66526353E-01
   84  0.65059863E-01
   85  0.63626863E-01
   86  0.62226653E-01
   87  0.60857508E-01
   88  0.59520029E-01
   89  0.58211762E-01
   90  0.56932494E-01
   91  0.55681687E-01
   92  0.54457843E-01
   93  0.53260710E-01
   94  0.52088849E-01
   95  0.50942432E-01
   96  0.49819939E-01
   97  0.48720650E-01
   98  0.47644239E-01
   99  0.46589326E-01
  100  0.45556221E-01
  101  0.44543684E-01
  102  0.43550897E-01
  103  0.42577568E-01
  104  0.41623332E-01
  105  0.40687542E-01
  106  0.39769445E-01
  107  0.38869206E-01
  108  0.37985988E-01
  109  0.37119102E-01
  110  0.36268748E-01
  111  0.35434272E-01
  112  0.34615323E-01
  113  0.33811957E-01
  114  0.33023261E-01
  115  0.32250024E-01
  116  0.31491101E-01
  117  0.30746685E-01
  118  0.30016743E-01
  119  0.29300872E-01
  120  0.28599061E-01
  121  0.27910769E-01
  122  0.27236495E-01
  123  0.26576072E-01
  124  0.25929082E-01
  125  0.25295520E-01
  126  0.24675542E-01
  127  0.24068875E-01
  128  0.23475813E-01
  129  0.22895487E-01
  130  0.22328813E-01
  131  0.21775244E-01
  132  0.21234704E-01
  133  0.20707417E-01
  134  0.20193139E-01
  135  0.19692104E-01
  136  0.19203745E-01
  137  0.18728431E-01
  138  0.18266065E-01
  139  0.17816426E-01
  140  0.17379679E-01
  141  0.16955325E-01
  142  0.16543876E-01
  143  0.16144924E-01
  144  0.15758283E-01
  145  0.15384296E-01
  146  0.15022397E-01
  147  0.14672725E-01
  148  0.14335144E-01
  149  0.14009585E-01
  150  0.13695845E-01
  151  0.13393808E-01
  152  0.13103590E-01
  153  0.12824739E-01
  154  0.12557323E-01
  155  0.12301248E-01
  156  0.12056121E-01
  157  0.11822086E-01
  158  0.11598920E-01
  159  0.11386460E-01
  160  0.11184621E-01
  161  0.10993149E-01
  162  0.10812005E-01
  163  0.10641120E-01
  164  0.10480344E-01
  165  0.10329340E-01
  166  0.10188309E-01
  167  0.10056897E-01
  168  0.99350922E-02
  169  0.98227682E-02
  170  0.97198188E-02
  171  0.96260905E-02
  172  0.95416810E-02
  173  0.94663668E-02
  174  0.94000753E-02
  175  0.93427179E-02
  176  0.92942230E-02
  177  0.92545496E-02
  178  0.92238747E-02
  179  0.92019010E-02
  180  0.91885813E-02
  181  0.91841510E-02
  182  0.91884062E-02
  183  0.92014521E-02
  184  0.92232842E-02
  185  0.92538679E-02
  186  0.92932982E-02
  187  0.93415575E-02
  188  0.93986057E-02
  189  0.94646979E-02
  190  0.95398827E-02
  191  0.96242074E-02
  192  0.97174859E-02
  193  0.98203206E-02
  194  0.99323094E-02
  195  0.10053837E-01
  196  0.10184926E-01
  197  0.10325689E-01
  198  0.10476230E-01
  199  0.10636734E-01
  200  0.10807249E-01
  201  0.10987931E-01
  202  0.11178927E-01
  203  0.11380343E-01
  204  0.11592360E-01
  205  0.11815056E-01
  206  0.12048614E-01
  207  0.12293143E-01
  208  0.12548611E-01
  209  0.12815461E-01
  210  0.13093728E-01
  211  0.13383276E-01
  212  0.13684692E-01
  213  0.13997653E-01
  214  0.14322407E-01
  215  0.14659260E-01
  216  0.15008133E-01
  217  0.15368965E-01
  218  0.15742283E-01
  219  0.16127925E-01
  220  0.16525995E-01
  221  0.16936660E-01
  222  0.17359691E-01
  223  0.17795604E-01
  224  0.18244170E-01
  225  0.18705407E-01
  226  0.19179590E-01
  227  0.19666858E-01
  228  0.20166809E-01
  229  0.20679859E-01
  230  0.21205829E-01
  231  0.21745088E-01
  232  0.22297159E-01
  233  0.22862757E-01
  234  0.23441300E-01
  235  0.24033513E-01
  236  0.24638563E-01
  237  0.25257252E-01
  238  0.25889374E-01
  239  0.26534751E-01
  240  0.27193910E-01
  241  0.27866669E-01
  242  0.28553342E-01
  243  0.29253870E-01
  244  0.29968088E-01
  245  0.30696824E-01
  246  0.31439900E-01
  247  0.32196950E-01
  248  0.32968856E-01
  249  0.33755802E-01
  250  0.34557730E-01
  251  0.35374787E-01
  252  0.36208011E-01
  253  0.37057038E-01
  254  0.37922379E-01
  255  0.38804196E-01
  256  0.39703269E-01
  257  0.40619738E-01
  258  0.41554108E-01
  259  0.42506889E-01
  260  0.43478649E-01
  261  0.44469964E-01
  262  0.45481537E-01
  263  0.46513423E-01
  264  0.47566775E-01
  265  0.48642125E-01
  266  0.49739871E-01
  267  0.50861444E-01
  268  0.52006781E-01
  269  0.53176798E-01
  270  0.54373436E-01
  271  0.55595819E-01
  272  0.56845792E-01
  273  0.58124024E-01
  274  0.59430990E-01
  275  0.60767699E-01
  276  0.62135827E-01
  277  0.63534744E-01
  278  0.64967431E-01
  279  0.66432178E-01
  280  0.67932248E-01
  281  0.69466814E-01
  282  0.71037233E-01
  283  0.72645187E-01
  284  0.74290112E-01
  285  0.75973399E-01
  286  0.77695794E-01
  287  0.79457991E-01
  288  0.81259996E-01
  289  0.83103217E-01
  290  0.84988214E-01
  291  0.86914062E-01
  292  0.88882349E-01
  293  0.90893418E-01
  294  0.92946887E-01
  295  0.95042959E-01
  296  0.97182408E-01
  297  0.99364176E-01
  298  0.10158838E+00
  299  0.10385594E+00
  300  0.10616390E+00
  301  0.10851409E+00
  302  0.11090410E+00
  303  0.11333498E+00
  304  0.11580491E+00
  305  0.11831231E+00
  306  0.12085684E+00
  307  0.12343697E+00
  308  0.12605131E+00
  309  0.12869817E+00
  310  0.13137549E+00
  311  0.13408257E+00
  312  0.13681622E+00
  313  0.13957433E+00
  314  0.14235561E+00
  315  0.14515673E+00
  316  0.14797506E+00
  317  0.15080847E+00
  318  0.15365404E+00
  319  0.15650906E+00
  320  0.15936926E+00
  321  0.16223325E+00
  322  0.16509543E+00
  323  0.16795452E+00
  324  0.17080563E+00
  325  0.17364550E+00
  326  0.17647104E+00
  327  0.17927732E+00
  328  0.18206187E+00
  329  0.18481940E+00
  330  0.18754745E+00
  331  0.19024020E+00
  332  0.19289522E+00
  333  0.19550800E+00
  334  0.19807433E+00
  335  0.20059003E+00
  336  0.20305191E+00
  337  0.20545466E+00
  338  0.20779477E+00
  339  0.21006925E+00
  340  0.21227328E+00
  341  0.21440315E+00
  342  0.21645559E+00
  343  0.21842623E+00
  344  0.22031271E+00
  345  0.22211094E+00
  346  0.22381727E+00
  347  0.22542998E+00
  348  0.22694501E+00
  349  0.22835965E+00
  350  0.22967121E+00
  351  0.23087840E+00
  352  0.23197639E+00
  353  0.23296629E+00
  354  0.23384307E+00
  355  0.23460838E+00
  356  0.23525745E+00
  357  0.23579140E+00
  358  0.23620914E+00
  359  0.23650834E+00
  360  0.23668809E+00
 ]; 
