stt = [ 
    1  0.23670180E+00
    2  0.23664440E+00
    3  0.23646867E+00
    4  0.23617372E+00
    5  0.23576145E+00
    6  0.23523204E+00
    7  0.23458718E+00
    8  0.23382722E+00
    9  0.23295435E+00
   10  0.23196949E+00
   11  0.23087440E+00
   12  0.22967185E+00
   13  0.22836353E+00
   14  0.22695327E+00
   15  0.22544296E+00
   16  0.22383401E+00
   17  0.22213057E+00
   18  0.22033556E+00
   19  0.21845284E+00
   20  0.21648532E+00
   21  0.21443580E+00
   22  0.21230809E+00
   23  0.21010686E+00
   24  0.20783471E+00
   25  0.20549706E+00
   26  0.20309623E+00
   27  0.20063706E+00
   28  0.19812390E+00
   29  0.19555929E+00
   30  0.19294830E+00
   31  0.19029520E+00
   32  0.18760297E+00
   33  0.18487774E+00
   34  0.18212059E+00
   35  0.17933767E+00
   36  0.17653203E+00
   37  0.17370778E+00
   38  0.17086886E+00
   39  0.16801822E+00
   40  0.16516091E+00
   41  0.16229868E+00
   42  0.15943620E+00
   43  0.15657637E+00
   44  0.15372264E+00
   45  0.15087743E+00
   46  0.14804459E+00
   47  0.14522687E+00
   48  0.14242586E+00
   49  0.13964495E+00
   50  0.13688697E+00
   51  0.13415353E+00
   52  0.13144745E+00
   53  0.12877020E+00
   54  0.12612346E+00
   55  0.12350968E+00
   56  0.12093013E+00
   57  0.11838615E+00
   58  0.11587908E+00
   59  0.11340941E+00
   60  0.11097918E+00
   61  0.10858925E+00
   62  0.10623934E+00
   63  0.10393112E+00
   64  0.10166524E+00
   65  0.99441096E-01
   66  0.97259730E-01
   67  0.95121212E-01
   68  0.93025312E-01
   69  0.90972081E-01
   70  0.88961683E-01
   71  0.86994283E-01
   72  0.85067466E-01
   73  0.83184019E-01
   74  0.81341103E-01
   75  0.79538628E-01
   76  0.77777319E-01
   77  0.76055266E-01
   78  0.74372232E-01
   79  0.72727472E-01
   80  0.71120128E-01
   81  0.69549665E-01
   82  0.68015166E-01
   83  0.66516042E-01
   84  0.65050200E-01
   85  0.63618407E-01
   86  0.62219173E-01
   87  0.60851101E-01
   88  0.59514292E-01
   89  0.58207374E-01
   90  0.56928992E-01
   91  0.55678941E-01
   92  0.54456234E-01
   93  0.53259816E-01
   94  0.52088987E-01
   95  0.50943196E-01
   96  0.49821679E-01
   97  0.48723213E-01
   98  0.47647707E-01
   99  0.46593446E-01
  100  0.45561153E-01
  101  0.44549409E-01
  102  0.43557346E-01
  103  0.42584904E-01
  104  0.41631259E-01
  105  0.40696200E-01
  106  0.39778844E-01
  107  0.38879145E-01
  108  0.37996072E-01
  109  0.37129845E-01
  110  0.36280252E-01
  111  0.35446182E-01
  112  0.34627896E-01
  113  0.33824861E-01
  114  0.33036858E-01
  115  0.32263856E-01
  116  0.31505726E-01
  117  0.30761585E-01
  118  0.30031795E-01
  119  0.29316150E-01
  120  0.28614670E-01
  121  0.27926944E-01
  122  0.27252944E-01
  123  0.26592299E-01
  124  0.25945690E-01
  125  0.25312556E-01
  126  0.24692694E-01
  127  0.24086272E-01
  128  0.23493242E-01
  129  0.22913421E-01
  130  0.22346612E-01
  131  0.21793155E-01
  132  0.21252679E-01
  133  0.20725556E-01
  134  0.20211479E-01
  135  0.19710258E-01
  136  0.19222163E-01
  137  0.18746549E-01
  138  0.18284373E-01
  139  0.17834732E-01
  140  0.17397819E-01
  141  0.16973587E-01
  142  0.16561944E-01
  143  0.16162995E-01
  144  0.15776418E-01
  145  0.15402256E-01
  146  0.15040381E-01
  147  0.14690619E-01
  148  0.14352961E-01
  149  0.14027224E-01
  150  0.13713471E-01
  151  0.13411406E-01
  152  0.13120985E-01
  153  0.12842081E-01
  154  0.12574536E-01
  155  0.12318202E-01
  156  0.12073039E-01
  157  0.11838786E-01
  158  0.11615655E-01
  159  0.11402969E-01
  160  0.11201054E-01
  161  0.11009374E-01
  162  0.10828256E-01
  163  0.10657192E-01
  164  0.10496208E-01
  165  0.10345239E-01
  166  0.10203984E-01
  167  0.10072553E-01
  168  0.99506490E-02
  169  0.98381974E-02
  170  0.97351121E-02
  171  0.96413707E-02
  172  0.95568346E-02
  173  0.94813555E-02
  174  0.94148675E-02
  175  0.93573211E-02
  176  0.93088625E-02
  177  0.92692217E-02
  178  0.92383511E-02
  179  0.92162946E-02
  180  0.92030456E-02
  181  0.91985958E-02
  182  0.92025893E-02
  183  0.92156101E-02
  184  0.92373900E-02
  185  0.92678741E-02
  186  0.93072001E-02
  187  0.93554612E-02
  188  0.94125308E-02
  189  0.94785439E-02
  190  0.95537361E-02
  191  0.96379146E-02
  192  0.97312937E-02
  193  0.98339552E-02
  194  0.99459914E-02
  195  0.10067512E-01
  196  0.10198519E-01
  197  0.10339269E-01
  198  0.10489826E-01
  199  0.10650306E-01
  200  0.10820827E-01
  201  0.11001556E-01
  202  0.11192483E-01
  203  0.11393895E-01
  204  0.11605958E-01
  205  0.11828543E-01
  206  0.12062104E-01
  207  0.12306545E-01
  208  0.12562027E-01
  209  0.12828959E-01
  210  0.13107239E-01
  211  0.13396805E-01
  212  0.13698116E-01
  213  0.14011022E-01
  214  0.14335827E-01
  215  0.14672619E-01
  216  0.15021482E-01
  217  0.15382458E-01
  218  0.15755527E-01
  219  0.16141223E-01
  220  0.16539317E-01
  221  0.16949698E-01
  222  0.17372955E-01
  223  0.17808551E-01
  224  0.18257117E-01
  225  0.18718386E-01
  226  0.19192517E-01
  227  0.19679531E-01
  228  0.20179426E-01
  229  0.20692419E-01
  230  0.21218285E-01
  231  0.21757456E-01
  232  0.22309601E-01
  233  0.22874914E-01
  234  0.23453621E-01
  235  0.24045257E-01
  236  0.24650425E-01
  237  0.25268888E-01
  238  0.25900740E-01
  239  0.26546234E-01
  240  0.27205212E-01
  241  0.27877746E-01
  242  0.28564025E-01
  243  0.29264476E-01
  244  0.29978564E-01
  245  0.30706724E-01
  246  0.31449594E-01
  247  0.32206628E-01
  248  0.32978423E-01
  249  0.33764943E-01
  250  0.34566488E-01
  251  0.35383854E-01
  252  0.36216602E-01
  253  0.37064981E-01
  254  0.37930056E-01
  255  0.38811639E-01
  256  0.39710291E-01
  257  0.40626366E-01
  258  0.41560471E-01
  259  0.42513069E-01
  260  0.43484442E-01
  261  0.44475246E-01
  262  0.45486365E-01
  263  0.46517979E-01
  264  0.47570772E-01
  265  0.48645683E-01
  266  0.49743179E-01
  267  0.50864026E-01
  268  0.52009042E-01
  269  0.53178847E-01
  270  0.54374684E-01
  271  0.55596538E-01
  272  0.56846295E-01
  273  0.58123529E-01
  274  0.59430271E-01
  275  0.60766600E-01
  276  0.62133972E-01
  277  0.63532203E-01
  278  0.64964280E-01
  279  0.66428676E-01
  280  0.67927815E-01
  281  0.69461897E-01
  282  0.71031883E-01
  283  0.72639100E-01
  284  0.74283354E-01
  285  0.75966179E-01
  286  0.77687673E-01
  287  0.79449490E-01
  288  0.81250779E-01
  289  0.83092995E-01
  290  0.84977075E-01
  291  0.86902507E-01
  292  0.88870116E-01
  293  0.90880342E-01
  294  0.92933565E-01
  295  0.95029168E-01
  296  0.97167462E-01
  297  0.99348672E-01
  298  0.10157237E+00
  299  0.10383818E+00
  300  0.10614597E+00
  301  0.10849465E+00
  302  0.11088499E+00
  303  0.11331462E+00
  304  0.11578354E+00
  305  0.11829084E+00
  306  0.12083462E+00
  307  0.12341373E+00
  308  0.12602797E+00
  309  0.12867381E+00
  310  0.13135085E+00
  311  0.13405713E+00
  312  0.13679004E+00
  313  0.13954806E+00
  314  0.14232802E+00
  315  0.14512835E+00
  316  0.14794639E+00
  317  0.15077913E+00
  318  0.15362434E+00
  319  0.15647766E+00
  320  0.15933846E+00
  321  0.16220079E+00
  322  0.16506261E+00
  323  0.16792135E+00
  324  0.17077138E+00
  325  0.17361113E+00
  326  0.17643565E+00
  327  0.17924224E+00
  328  0.18202592E+00
  329  0.18478295E+00
  330  0.18751034E+00
  331  0.19020304E+00
  332  0.19285777E+00
  333  0.19546951E+00
  334  0.19803576E+00
  335  0.20055118E+00
  336  0.20301269E+00
  337  0.20541540E+00
  338  0.20775519E+00
  339  0.21002838E+00
  340  0.21223193E+00
  341  0.21436149E+00
  342  0.21641397E+00
  343  0.21838401E+00
  344  0.22026981E+00
  345  0.22206828E+00
  346  0.22377458E+00
  347  0.22538681E+00
  348  0.22690180E+00
  349  0.22831577E+00
  350  0.22962652E+00
  351  0.23083344E+00
  352  0.23193161E+00
  353  0.23292010E+00
  354  0.23379786E+00
  355  0.23456208E+00
  356  0.23521125E+00
  357  0.23574492E+00
  358  0.23616089E+00
  359  0.23645915E+00
  360  0.23663954E+00
 ]; 
