stt = [ 
    1  0.23642834E+00
    2  0.23636714E+00
    3  0.23618741E+00
    4  0.23589091E+00
    5  0.23547581E+00
    6  0.23494451E+00
    7  0.23429732E+00
    8  0.23353653E+00
    9  0.23266244E+00
   10  0.23167709E+00
   11  0.23058254E+00
   12  0.22938047E+00
   13  0.22807297E+00
   14  0.22666359E+00
   15  0.22515480E+00
   16  0.22354794E+00
   17  0.22184655E+00
   18  0.22005585E+00
   19  0.21817586E+00
   20  0.21621159E+00
   21  0.21416616E+00
   22  0.21204339E+00
   23  0.20984720E+00
   24  0.20758110E+00
   25  0.20524845E+00
   26  0.20285362E+00
   27  0.20040089E+00
   28  0.19789425E+00
   29  0.19533619E+00
   30  0.19273305E+00
   31  0.19008619E+00
   32  0.18740271E+00
   33  0.18468477E+00
   34  0.18193655E+00
   35  0.17916135E+00
   36  0.17636499E+00
   37  0.17354947E+00
   38  0.17071936E+00
   39  0.16787726E+00
   40  0.16502842E+00
   41  0.16217597E+00
   42  0.15932252E+00
   43  0.15647201E+00
   44  0.15362684E+00
   45  0.15079190E+00
   46  0.14796725E+00
   47  0.14515814E+00
   48  0.14236657E+00
   49  0.13959508E+00
   50  0.13684554E+00
   51  0.13412131E+00
   52  0.13142338E+00
   53  0.12875485E+00
   54  0.12611635E+00
   55  0.12351031E+00
   56  0.12093810E+00
   57  0.11840171E+00
   58  0.11590244E+00
   59  0.11344063E+00
   60  0.11101688E+00
   61  0.10863304E+00
   62  0.10629029E+00
   63  0.10398827E+00
   64  0.10172787E+00
   65  0.99509805E-01
   66  0.97333826E-01
   67  0.95200509E-01
   68  0.93109287E-01
   69  0.91061130E-01
   70  0.89054860E-01
   71  0.87091357E-01
   72  0.85169010E-01
   73  0.83288796E-01
   74  0.81449419E-01
   75  0.79650626E-01
   76  0.77892095E-01
   77  0.76172903E-01
   78  0.74492007E-01
   79  0.72850019E-01
   80  0.71244456E-01
   81  0.69676064E-01
   82  0.68143494E-01
   83  0.66645257E-01
   84  0.65181382E-01
   85  0.63750453E-01
   86  0.62352385E-01
   87  0.60984723E-01
   88  0.59648622E-01
   89  0.58342095E-01
   90  0.57063788E-01
   91  0.55814020E-01
   92  0.54591741E-01
   93  0.53395152E-01
   94  0.52224196E-01
   95  0.51077414E-01
   96  0.49955357E-01
   97  0.48856135E-01
   98  0.47779918E-01
   99  0.46724822E-01
  100  0.45691531E-01
  101  0.44678278E-01
  102  0.43684952E-01
  103  0.42711124E-01
  104  0.41756161E-01
  105  0.40819496E-01
  106  0.39900538E-01
  107  0.38998652E-01
  108  0.38114097E-01
  109  0.37246034E-01
  110  0.36394220E-01
  111  0.35558339E-01
  112  0.34738012E-01
  113  0.33932596E-01
  114  0.33142753E-01
  115  0.32367330E-01
  116  0.31606611E-01
  117  0.30860422E-01
  118  0.30128567E-01
  119  0.29410483E-01
  120  0.28706716E-01
  121  0.28016614E-01
  122  0.27340339E-01
  123  0.26677743E-01
  124  0.26028588E-01
  125  0.25392948E-01
  126  0.24770834E-01
  127  0.24162037E-01
  128  0.23566796E-01
  129  0.22984738E-01
  130  0.22415763E-01
  131  0.21860318E-01
  132  0.21317765E-01
  133  0.20788537E-01
  134  0.20272050E-01
  135  0.19769071E-01
  136  0.19279061E-01
  137  0.18801834E-01
  138  0.18337712E-01
  139  0.17886443E-01
  140  0.17447783E-01
  141  0.17022062E-01
  142  0.16608873E-01
  143  0.16208347E-01
  144  0.15820319E-01
  145  0.15444794E-01
  146  0.15081458E-01
  147  0.14730503E-01
  148  0.14391671E-01
  149  0.14064830E-01
  150  0.13749913E-01
  151  0.13446840E-01
  152  0.13155386E-01
  153  0.12875512E-01
  154  0.12607154E-01
  155  0.12350088E-01
  156  0.12104164E-01
  157  0.11869232E-01
  158  0.11645374E-01
  159  0.11432144E-01
  160  0.11229462E-01
  161  0.11037377E-01
  162  0.10855573E-01
  163  0.10684012E-01
  164  0.10522659E-01
  165  0.10371161E-01
  166  0.10229597E-01
  167  0.10097657E-01
  168  0.99754669E-02
  169  0.98626735E-02
  170  0.97593395E-02
  171  0.96653299E-02
  172  0.95806001E-02
  173  0.95047448E-02
  174  0.94382130E-02
  175  0.93806982E-02
  176  0.93320832E-02
  177  0.92920382E-02
  178  0.92610279E-02
  179  0.92391111E-02
  180  0.92256628E-02
  181  0.92213284E-02
  182  0.92253881E-02
  183  0.92384564E-02
  184  0.92601255E-02
  185  0.92906589E-02
  186  0.93300762E-02
  187  0.93783522E-02
  188  0.94355615E-02
  189  0.95017795E-02
  190  0.95769837E-02
  191  0.96614091E-02
  192  0.97549893E-02
  193  0.98578762E-02
  194  0.99701313E-02
  195  0.10091920E-01
  196  0.10223202E-01
  197  0.10364289E-01
  198  0.10515247E-01
  199  0.10675951E-01
  200  0.10846914E-01
  201  0.11028047E-01
  202  0.11219405E-01
  203  0.11421389E-01
  204  0.11633849E-01
  205  0.11857054E-01
  206  0.12091160E-01
  207  0.12336259E-01
  208  0.12592604E-01
  209  0.12860061E-01
  210  0.13138870E-01
  211  0.13429404E-01
  212  0.13731542E-01
  213  0.14045271E-01
  214  0.14371099E-01
  215  0.14708753E-01
  216  0.15058623E-01
  217  0.15420604E-01
  218  0.15794858E-01
  219  0.16181625E-01
  220  0.16580891E-01
  221  0.16992591E-01
  222  0.17417086E-01
  223  0.17854104E-01
  224  0.18304020E-01
  225  0.18766804E-01
  226  0.19242467E-01
  227  0.19730996E-01
  228  0.20232495E-01
  229  0.20747228E-01
  230  0.21274909E-01
  231  0.21815928E-01
  232  0.22369757E-01
  233  0.22937112E-01
  234  0.23517393E-01
  235  0.24111209E-01
  236  0.24718385E-01
  237  0.25339002E-01
  238  0.25972949E-01
  239  0.26620742E-01
  240  0.27281865E-01
  241  0.27956596E-01
  242  0.28645501E-01
  243  0.29348312E-01
  244  0.30064596E-01
  245  0.30795397E-01
  246  0.31540625E-01
  247  0.32300215E-01
  248  0.33074345E-01
  249  0.33863463E-01
  250  0.34667943E-01
  251  0.35487577E-01
  252  0.36323182E-01
  253  0.37174251E-01
  254  0.38042016E-01
  255  0.38926195E-01
  256  0.39827395E-01
  257  0.40746570E-01
  258  0.41683484E-01
  259  0.42638771E-01
  260  0.43612968E-01
  261  0.44606630E-01
  262  0.45620464E-01
  263  0.46654798E-01
  264  0.47710672E-01
  265  0.48788328E-01
  266  0.49888540E-01
  267  0.51012293E-01
  268  0.52160114E-01
  269  0.53332638E-01
  270  0.54531083E-01
  271  0.55755623E-01
  272  0.57008047E-01
  273  0.58287889E-01
  274  0.59597392E-01
  275  0.60936015E-01
  276  0.62306076E-01
  277  0.63706771E-01
  278  0.65140739E-01
  279  0.66607900E-01
  280  0.68109229E-01
  281  0.69645599E-01
  282  0.71217179E-01
  283  0.72825968E-01
  284  0.74471936E-01
  285  0.76156333E-01
  286  0.77879153E-01
  287  0.79641916E-01
  288  0.81444591E-01
  289  0.83287597E-01
  290  0.85171796E-01
  291  0.87098189E-01
  292  0.89065686E-01
  293  0.91075674E-01
  294  0.93129016E-01
  295  0.95224150E-01
  296  0.97361274E-01
  297  0.99541619E-01
  298  0.10176349E+00
  299  0.10402791E+00
  300  0.10633359E+00
  301  0.10868045E+00
  302  0.11106743E+00
  303  0.11349443E+00
  304  0.11595983E+00
  305  0.11846337E+00
  306  0.12100316E+00
  307  0.12357827E+00
  308  0.12618721E+00
  309  0.12882823E+00
  310  0.13150005E+00
  311  0.13420039E+00
  312  0.13692698E+00
  313  0.13967852E+00
  314  0.14245194E+00
  315  0.14524513E+00
  316  0.14805596E+00
  317  0.15088123E+00
  318  0.15371792E+00
  319  0.15656401E+00
  320  0.15941542E+00
  321  0.16226970E+00
  322  0.16512269E+00
  323  0.16797169E+00
  324  0.17081255E+00
  325  0.17364287E+00
  326  0.17645803E+00
  327  0.17925437E+00
  328  0.18202837E+00
  329  0.18477519E+00
  330  0.18749221E+00
  331  0.19017516E+00
  332  0.19281910E+00
  333  0.19542105E+00
  334  0.19797690E+00
  335  0.20048203E+00
  336  0.20293297E+00
  337  0.20532538E+00
  338  0.20765470E+00
  339  0.20991878E+00
  340  0.21211252E+00
  341  0.21423246E+00
  342  0.21627501E+00
  343  0.21823590E+00
  344  0.22011271E+00
  345  0.22190139E+00
  346  0.22359900E+00
  347  0.22520247E+00
  348  0.22670881E+00
  349  0.22811492E+00
  350  0.22941896E+00
  351  0.23061760E+00
  352  0.23170811E+00
  353  0.23269007E+00
  354  0.23356217E+00
  355  0.23431934E+00
  356  0.23496220E+00
  357  0.23548980E+00
  358  0.23590082E+00
  359  0.23619573E+00
  360  0.23637168E+00
 ]; 
