stt = [ 
    1  0.23659334E+00
    2  0.23653480E+00
    3  0.23635843E+00
    4  0.23606262E+00
    5  0.23564905E+00
    6  0.23511975E+00
    7  0.23447350E+00
    8  0.23371309E+00
    9  0.23283903E+00
   10  0.23185351E+00
   11  0.23075755E+00
   12  0.22955540E+00
   13  0.22824663E+00
   14  0.22683525E+00
   15  0.22532383E+00
   16  0.22371539E+00
   17  0.22201207E+00
   18  0.22021665E+00
   19  0.21833366E+00
   20  0.21636552E+00
   21  0.21431629E+00
   22  0.21218950E+00
   23  0.20998797E+00
   24  0.20771571E+00
   25  0.20537901E+00
   26  0.20297891E+00
   27  0.20051947E+00
   28  0.19800682E+00
   29  0.19544294E+00
   30  0.19283308E+00
   31  0.19018029E+00
   32  0.18748909E+00
   33  0.18476431E+00
   34  0.18200837E+00
   35  0.17922680E+00
   36  0.17642266E+00
   37  0.17359896E+00
   38  0.17076159E+00
   39  0.16791253E+00
   40  0.16505641E+00
   41  0.16219483E+00
   42  0.15933466E+00
   43  0.15647583E+00
   44  0.15362372E+00
   45  0.15078074E+00
   46  0.14794943E+00
   47  0.14513281E+00
   48  0.14233412E+00
   49  0.13955565E+00
   50  0.13679895E+00
   51  0.13406752E+00
   52  0.13136312E+00
   53  0.12868789E+00
   54  0.12604368E+00
   55  0.12343199E+00
   56  0.12085433E+00
   57  0.11831231E+00
   58  0.11580634E+00
   59  0.11333947E+00
   60  0.11091099E+00
   61  0.10852310E+00
   62  0.10617533E+00
   63  0.10387006E+00
   64  0.10160571E+00
   65  0.99383548E-01
   66  0.97204112E-01
   67  0.95067710E-01
   68  0.92974253E-01
   69  0.90922646E-01
   70  0.88914275E-01
   71  0.86948670E-01
   72  0.85024603E-01
   73  0.83142310E-01
   74  0.81301443E-01
   75  0.79501651E-01
   76  0.77742077E-01
   77  0.76022014E-01
   78  0.74340902E-01
   79  0.72697908E-01
   80  0.71093231E-01
   81  0.69524042E-01
   82  0.67991249E-01
   83  0.66493914E-01
   84  0.65029792E-01
   85  0.63599899E-01
   86  0.62201865E-01
   87  0.60835771E-01
   88  0.59501041E-01
   89  0.58195151E-01
   90  0.56918513E-01
   91  0.55670217E-01
   92  0.54448973E-01
   93  0.53254351E-01
   94  0.52084967E-01
   95  0.50940346E-01
   96  0.49820304E-01
   97  0.48723601E-01
   98  0.47648858E-01
   99  0.46596687E-01
  100  0.45565046E-01
  101  0.44554520E-01
  102  0.43563660E-01
  103  0.42592231E-01
  104  0.41639887E-01
  105  0.40705658E-01
  106  0.39789516E-01
  107  0.38890388E-01
  108  0.38008809E-01
  109  0.37143555E-01
  110  0.36294453E-01
  111  0.35461318E-01
  112  0.34643620E-01
  113  0.33841699E-01
  114  0.33054445E-01
  115  0.32282073E-01
  116  0.31524491E-01
  117  0.30780762E-01
  118  0.30051852E-01
  119  0.29336810E-01
  120  0.28635681E-01
  121  0.27948560E-01
  122  0.27274944E-01
  123  0.26615018E-01
  124  0.25968561E-01
  125  0.25335789E-01
  126  0.24716265E-01
  127  0.24110001E-01
  128  0.23517357E-01
  129  0.22937672E-01
  130  0.22371257E-01
  131  0.21817906E-01
  132  0.21277869E-01
  133  0.20750737E-01
  134  0.20236593E-01
  135  0.19735629E-01
  136  0.19247612E-01
  137  0.18772176E-01
  138  0.18309839E-01
  139  0.17860245E-01
  140  0.17423306E-01
  141  0.16999193E-01
  142  0.16587645E-01
  143  0.16188482E-01
  144  0.15801921E-01
  145  0.15427629E-01
  146  0.15065622E-01
  147  0.14715792E-01
  148  0.14378025E-01
  149  0.14052285E-01
  150  0.13738248E-01
  151  0.13436246E-01
  152  0.13145536E-01
  153  0.12866431E-01
  154  0.12598821E-01
  155  0.12342546E-01
  156  0.12097182E-01
  157  0.11862616E-01
  158  0.11639351E-01
  159  0.11426496E-01
  160  0.11224469E-01
  161  0.11032796E-01
  162  0.10851308E-01
  163  0.10680093E-01
  164  0.10519011E-01
  165  0.10367899E-01
  166  0.10226525E-01
  167  0.10094908E-01
  168  0.99728061E-02
  169  0.98602287E-02
  170  0.97570214E-02
  171  0.96631441E-02
  172  0.95784506E-02
  173  0.95028151E-02
  174  0.94363252E-02
  175  0.93788700E-02
  176  0.93300771E-02
  177  0.92903785E-02
  178  0.92594121E-02
  179  0.92371562E-02
  180  0.92239380E-02
  181  0.92193065E-02
  182  0.92233410E-02
  183  0.92362184E-02
  184  0.92579853E-02
  185  0.92884917E-02
  186  0.93277423E-02
  187  0.93758386E-02
  188  0.94330134E-02
  189  0.94990302E-02
  190  0.95740724E-02
  191  0.96583068E-02
  192  0.97516393E-02
  193  0.98543167E-02
  194  0.99663567E-02
  195  0.10087781E-01
  196  0.10218866E-01
  197  0.10359644E-01
  198  0.10510229E-01
  199  0.10670696E-01
  200  0.10841242E-01
  201  0.11021950E-01
  202  0.11212995E-01
  203  0.11414372E-01
  204  0.11626302E-01
  205  0.11849090E-01
  206  0.12082629E-01
  207  0.12327091E-01
  208  0.12582668E-01
  209  0.12849464E-01
  210  0.13127678E-01
  211  0.13417157E-01
  212  0.13718488E-01
  213  0.14031494E-01
  214  0.14356276E-01
  215  0.14693018E-01
  216  0.15041820E-01
  217  0.15402627E-01
  218  0.15775880E-01
  219  0.16161332E-01
  220  0.16559275E-01
  221  0.16969780E-01
  222  0.17392758E-01
  223  0.17828505E-01
  224  0.18276574E-01
  225  0.18737895E-01
  226  0.19211838E-01
  227  0.19698843E-01
  228  0.20198490E-01
  229  0.20711344E-01
  230  0.21236967E-01
  231  0.21775834E-01
  232  0.22327803E-01
  233  0.22892844E-01
  234  0.23471085E-01
  235  0.24062688E-01
  236  0.24667563E-01
  237  0.25285743E-01
  238  0.25917388E-01
  239  0.26562398E-01
  240  0.27221065E-01
  241  0.27893296E-01
  242  0.28579364E-01
  243  0.29279156E-01
  244  0.29992944E-01
  245  0.30720823E-01
  246  0.31463008E-01
  247  0.32219529E-01
  248  0.32991014E-01
  249  0.33776958E-01
  250  0.34578260E-01
  251  0.35394847E-01
  252  0.36227178E-01
  253  0.37075307E-01
  254  0.37939694E-01
  255  0.38820647E-01
  256  0.39718758E-01
  257  0.40634327E-01
  258  0.41567780E-01
  259  0.42519789E-01
  260  0.43490775E-01
  261  0.44480875E-01
  262  0.45491088E-01
  263  0.46522010E-01
  264  0.47574457E-01
  265  0.48648745E-01
  266  0.49745422E-01
  267  0.50865505E-01
  268  0.52010160E-01
  269  0.53179234E-01
  270  0.54374069E-01
  271  0.55595476E-01
  272  0.56844287E-01
  273  0.58121309E-01
  274  0.59426922E-01
  275  0.60762532E-01
  276  0.62129162E-01
  277  0.63526906E-01
  278  0.64957641E-01
  279  0.66421941E-01
  280  0.67920603E-01
  281  0.69453619E-01
  282  0.71022823E-01
  283  0.72629042E-01
  284  0.74272357E-01
  285  0.75954393E-01
  286  0.77675581E-01
  287  0.79436094E-01
  288  0.81236899E-01
  289  0.83078183E-01
  290  0.84961362E-01
  291  0.86886019E-01
  292  0.88852853E-01
  293  0.90862200E-01
  294  0.92914380E-01
  295  0.95008701E-01
  296  0.97146288E-01
  297  0.99326134E-01
  298  0.10154913E+00
  299  0.10381445E+00
  300  0.10612080E+00
  301  0.10846917E+00
  302  0.11085779E+00
  303  0.11328680E+00
  304  0.11575460E+00
  305  0.11826064E+00
  306  0.12080324E+00
  307  0.12338135E+00
  308  0.12599316E+00
  309  0.12863857E+00
  310  0.13131478E+00
  311  0.13401876E+00
  312  0.13675086E+00
  313  0.13950746E+00
  314  0.14228640E+00
  315  0.14508535E+00
  316  0.14790238E+00
  317  0.15073407E+00
  318  0.15357782E+00
  319  0.15642996E+00
  320  0.15928863E+00
  321  0.16214968E+00
  322  0.16501017E+00
  323  0.16786692E+00
  324  0.17071615E+00
  325  0.17355408E+00
  326  0.17637761E+00
  327  0.17918199E+00
  328  0.18196435E+00
  329  0.18472016E+00
  330  0.18744552E+00
  331  0.19013681E+00
  332  0.19278985E+00
  333  0.19540079E+00
  334  0.19796500E+00
  335  0.20047870E+00
  336  0.20293842E+00
  337  0.20533910E+00
  338  0.20767835E+00
  339  0.20995013E+00
  340  0.21215194E+00
  341  0.21427986E+00
  342  0.21633089E+00
  343  0.21829957E+00
  344  0.22018495E+00
  345  0.22198033E+00
  346  0.22368601E+00
  347  0.22529620E+00
  348  0.22680953E+00
  349  0.22822315E+00
  350  0.22953208E+00
  351  0.23073739E+00
  352  0.23183393E+00
  353  0.23282236E+00
  354  0.23369808E+00
  355  0.23446055E+00
  356  0.23510861E+00
  357  0.23564091E+00
  358  0.23605613E+00
  359  0.23635453E+00
  360  0.23653281E+00
 ]; 
