spt = [ 
    1  0.89855556E-09
    2  0.81224022E-09
    3  0.72808115E-09
    4  0.64904171E-09
    5  0.57279242E-09
    6  0.50248278E-09
    7  0.43502874E-09
    8  0.37394440E-09
    9  0.31615510E-09
   10  0.26438238E-09
   11  0.21623127E-09
   12  0.17371835E-09
   13  0.13502283E-09
   14  0.10226229E-09
   15  0.72910449E-10
   16  0.49442096E-10
   17  0.30390225E-10
   18  0.16241760E-10
   19  0.69900435E-11
   20  0.27059535E-11
   21  0.29558751E-11
   22  0.83236794E-11
   23  0.18408631E-10
   24  0.33040942E-10
   25  0.52715408E-10
   26  0.77240624E-10
   27  0.10512757E-09
   28  0.13936584E-09
   29  0.17697353E-09
   30  0.21976998E-09
   31  0.26525052E-09
   32  0.31850350E-09
   33  0.37187325E-09
   34  0.43233273E-09
   35  0.49484888E-09
   36  0.56214022E-09
   37  0.63405409E-09
   38  0.70683809E-09
   39  0.78659668E-09
   40  0.86813934E-09
   41  0.95236075E-09
   42  0.10374658E-08
   43  0.11277789E-08
   44  0.12230276E-08
   45  0.13207494E-08
   46  0.14153522E-08
   47  0.15202410E-08
   48  0.16164582E-08
   49  0.17251455E-08
   50  0.18281584E-08
   51  0.19328519E-08
   52  0.20379731E-08
   53  0.21488431E-08
   54  0.22587130E-08
   55  0.23694597E-08
   56  0.24829443E-08
   57  0.25961209E-08
   58  0.26995290E-08
   59  0.28107532E-08
   60  0.29236895E-08
   61  0.30327441E-08
   62  0.31426954E-08
   63  0.32554937E-08
   64  0.33648972E-08
   65  0.34762939E-08
   66  0.35760219E-08
   67  0.36857752E-08
   68  0.37852730E-08
   69  0.38781462E-08
   70  0.39775951E-08
   71  0.40804573E-08
   72  0.41776818E-08
   73  0.42651780E-08
   74  0.43617399E-08
   75  0.44444821E-08
   76  0.45284057E-08
   77  0.46150546E-08
   78  0.46919841E-08
   79  0.47702748E-08
   80  0.48444058E-08
   81  0.49191184E-08
   82  0.49871769E-08
   83  0.50559108E-08
   84  0.51172186E-08
   85  0.51735989E-08
   86  0.52326170E-08
   87  0.52765512E-08
   88  0.53295826E-08
   89  0.53732574E-08
   90  0.54135234E-08
   91  0.54446114E-08
   92  0.54865890E-08
   93  0.55144076E-08
   94  0.55333991E-08
   95  0.55545217E-08
   96  0.55789431E-08
   97  0.55902167E-08
   98  0.55873026E-08
   99  0.55901266E-08
  100  0.55987681E-08
  101  0.55955089E-08
  102  0.55850178E-08
  103  0.55656999E-08
  104  0.55454281E-08
  105  0.55297078E-08
  106  0.55018554E-08
  107  0.54561289E-08
  108  0.54225455E-08
  109  0.53843472E-08
  110  0.53373626E-08
  111  0.52878382E-08
  112  0.52297873E-08
  113  0.51722542E-08
  114  0.51072120E-08
  115  0.50390945E-08
  116  0.49592459E-08
  117  0.48913420E-08
  118  0.48160405E-08
  119  0.47296718E-08
  120  0.46512043E-08
  121  0.45485278E-08
  122  0.44585908E-08
  123  0.43674508E-08
  124  0.42653721E-08
  125  0.41636739E-08
  126  0.40599861E-08
  127  0.39569539E-08
  128  0.38508494E-08
  129  0.37395198E-08
  130  0.36288812E-08
  131  0.35191361E-08
  132  0.34055132E-08
  133  0.32949954E-08
  134  0.31817620E-08
  135  0.30714855E-08
  136  0.29575449E-08
  137  0.28502276E-08
  138  0.27407685E-08
  139  0.26288962E-08
  140  0.25236495E-08
  141  0.24133702E-08
  142  0.23099667E-08
  143  0.22073883E-08
  144  0.21070961E-08
  145  0.20103124E-08
  146  0.19153714E-08
  147  0.18210178E-08
  148  0.17292867E-08
  149  0.16420024E-08
  150  0.15559223E-08
  151  0.14741087E-08
  152  0.13983106E-08
  153  0.13189998E-08
  154  0.12465328E-08
  155  0.11735618E-08
  156  0.11098009E-08
  157  0.10448414E-08
  158  0.98432462E-09
  159  0.92510061E-09
  160  0.87215923E-09
  161  0.81918727E-09
  162  0.77207191E-09
  163  0.72644907E-09
  164  0.68358080E-09
  165  0.64480138E-09
  166  0.60742023E-09
  167  0.57315769E-09
  168  0.54184851E-09
  169  0.51297905E-09
  170  0.48720605E-09
  171  0.46375659E-09
  172  0.44390083E-09
  173  0.42445045E-09
  174  0.40927681E-09
  175  0.39611128E-09
  176  0.38607309E-09
  177  0.37831027E-09
  178  0.37289125E-09
  179  0.37073139E-09
  180  0.37044029E-09
  181  0.37413156E-09
  182  0.37925904E-09
  183  0.38860740E-09
  184  0.39974524E-09
  185  0.41442744E-09
  186  0.43297174E-09
  187  0.45281379E-09
  188  0.47868198E-09
  189  0.50581350E-09
  190  0.53820487E-09
  191  0.57312405E-09
  192  0.61280914E-09
  193  0.65703570E-09
  194  0.70388240E-09
  195  0.75757650E-09
  196  0.81410478E-09
  197  0.87687879E-09
  198  0.94228392E-09
  199  0.10141848E-08
  200  0.10909590E-08
  201  0.11736423E-08
  202  0.12603385E-08
  203  0.13536250E-08
  204  0.14535918E-08
  205  0.15559347E-08
  206  0.16676451E-08
  207  0.17803943E-08
  208  0.19058519E-08
  209  0.20330093E-08
  210  0.21643023E-08
  211  0.23054105E-08
  212  0.24466213E-08
  213  0.25957507E-08
  214  0.27506746E-08
  215  0.29108349E-08
  216  0.30774423E-08
  217  0.32466376E-08
  218  0.34243433E-08
  219  0.36005019E-08
  220  0.37851087E-08
  221  0.39701900E-08
  222  0.41542494E-08
  223  0.43530379E-08
  224  0.45426538E-08
  225  0.47463407E-08
  226  0.49392357E-08
  227  0.51415561E-08
  228  0.53405733E-08
  229  0.55489151E-08
  230  0.57382197E-08
  231  0.59485501E-08
  232  0.61522121E-08
  233  0.63523831E-08
  234  0.65489658E-08
  235  0.67379613E-08
  236  0.69363666E-08
  237  0.71206889E-08
  238  0.73108075E-08
  239  0.74929973E-08
  240  0.76859452E-08
  241  0.78571851E-08
  242  0.80332123E-08
  243  0.81982892E-08
  244  0.83492804E-08
  245  0.85125285E-08
  246  0.86641831E-08
  247  0.88086356E-08
  248  0.89573131E-08
  249  0.90766887E-08
  250  0.92153609E-08
  251  0.93309787E-08
  252  0.94457944E-08
  253  0.95617176E-08
  254  0.96610311E-08
  255  0.97628217E-08
  256  0.98603170E-08
  257  0.99420268E-08
  258  0.10024308E-07
  259  0.10092434E-07
  260  0.10155174E-07
  261  0.10223349E-07
  262  0.10270861E-07
  263  0.10334931E-07
  264  0.10368518E-07
  265  0.10423580E-07
  266  0.10454486E-07
  267  0.10481306E-07
  268  0.10502435E-07
  269  0.10537772E-07
  270  0.10558209E-07
  271  0.10557530E-07
  272  0.10565194E-07
  273  0.10563803E-07
  274  0.10563704E-07
  275  0.10556471E-07
  276  0.10556678E-07
  277  0.10523866E-07
  278  0.10511830E-07
  279  0.10500755E-07
  280  0.10467724E-07
  281  0.10432857E-07
  282  0.10417398E-07
  283  0.10384389E-07
  284  0.10329988E-07
  285  0.10294705E-07
  286  0.10244895E-07
  287  0.10209643E-07
  288  0.10158203E-07
  289  0.10103620E-07
  290  0.10025956E-07
  291  0.99827178E-08
  292  0.99226591E-08
  293  0.98612096E-08
  294  0.97659969E-08
  295  0.97013979E-08
  296  0.96161079E-08
  297  0.95486978E-08
  298  0.94506634E-08
  299  0.93700780E-08
  300  0.92809165E-08
  301  0.91890024E-08
  302  0.90780867E-08
  303  0.89921688E-08
  304  0.88866203E-08
  305  0.87712229E-08
  306  0.86658556E-08
  307  0.85501926E-08
  308  0.84214751E-08
  309  0.83077394E-08
  310  0.81832123E-08
  311  0.80562277E-08
  312  0.79262215E-08
  313  0.77969000E-08
  314  0.76535267E-08
  315  0.75232354E-08
  316  0.73864559E-08
  317  0.72372535E-08
  318  0.70915176E-08
  319  0.69437172E-08
  320  0.67923298E-08
  321  0.66437371E-08
  322  0.64836376E-08
  323  0.63261587E-08
  324  0.61705485E-08
  325  0.60077165E-08
  326  0.58493752E-08
  327  0.56949396E-08
  328  0.55289506E-08
  329  0.53702904E-08
  330  0.52049218E-08
  331  0.50457261E-08
  332  0.48788911E-08
  333  0.47129314E-08
  334  0.45495097E-08
  335  0.43895607E-08
  336  0.42301105E-08
  337  0.40607646E-08
  338  0.39050359E-08
  339  0.37433048E-08
  340  0.35891679E-08
  341  0.34322931E-08
  342  0.32754586E-08
  343  0.31271057E-08
  344  0.29759817E-08
  345  0.28288196E-08
  346  0.26826958E-08
  347  0.25429083E-08
  348  0.24035103E-08
  349  0.22672297E-08
  350  0.21352218E-08
  351  0.20053810E-08
  352  0.18755459E-08
  353  0.17506491E-08
  354  0.16350389E-08
  355  0.15164754E-08
  356  0.14052572E-08
  357  0.12940998E-08
  358  0.11910509E-08
  359  0.10891670E-08
  360  0.99284458E-09
 ]; 
