spt = [ 
    1  0.74721222E-10
    2  0.62055555E-10
    3  0.52189635E-10
    4  0.46051746E-10
    5  0.42894490E-10
    6  0.44102454E-10
    7  0.48499496E-10
    8  0.56559302E-10
    9  0.67063154E-10
   10  0.82423839E-10
   11  0.10010470E-09
   12  0.12127650E-09
   13  0.14606598E-09
   14  0.17318241E-09
   15  0.20395362E-09
   16  0.23873784E-09
   17  0.27639391E-09
   18  0.31629477E-09
   19  0.36060185E-09
   20  0.40430512E-09
   21  0.45523840E-09
   22  0.50471349E-09
   23  0.55944593E-09
   24  0.61657640E-09
   25  0.67468547E-09
   26  0.73349632E-09
   27  0.79788526E-09
   28  0.86253021E-09
   29  0.92978736E-09
   30  0.99748554E-09
   31  0.10665308E-08
   32  0.11382919E-08
   33  0.12100161E-08
   34  0.12841938E-08
   35  0.13603578E-08
   36  0.14345735E-08
   37  0.15080891E-08
   38  0.15874980E-08
   39  0.16635762E-08
   40  0.17447040E-08
   41  0.18186652E-08
   42  0.18970161E-08
   43  0.19804143E-08
   44  0.20537188E-08
   45  0.21333182E-08
   46  0.22098912E-08
   47  0.22875783E-08
   48  0.23665014E-08
   49  0.24481892E-08
   50  0.25170273E-08
   51  0.25921738E-08
   52  0.26683764E-08
   53  0.27425460E-08
   54  0.28122653E-08
   55  0.28831402E-08
   56  0.29536891E-08
   57  0.30236924E-08
   58  0.30908955E-08
   59  0.31604592E-08
   60  0.32212395E-08
   61  0.32817269E-08
   62  0.33534890E-08
   63  0.34097223E-08
   64  0.34706702E-08
   65  0.35287309E-08
   66  0.35883325E-08
   67  0.36491812E-08
   68  0.37010777E-08
   69  0.37602104E-08
   70  0.38083288E-08
   71  0.38557020E-08
   72  0.39155528E-08
   73  0.39583443E-08
   74  0.40144754E-08
   75  0.40605221E-08
   76  0.41041988E-08
   77  0.41483812E-08
   78  0.41942321E-08
   79  0.42428545E-08
   80  0.42765671E-08
   81  0.43142299E-08
   82  0.43619659E-08
   83  0.43823016E-08
   84  0.44275663E-08
   85  0.44540802E-08
   86  0.44938187E-08
   87  0.45245137E-08
   88  0.45488875E-08
   89  0.45789101E-08
   90  0.46132764E-08
   91  0.46312114E-08
   92  0.46623123E-08
   93  0.46884754E-08
   94  0.46966497E-08
   95  0.47196917E-08
   96  0.47375979E-08
   97  0.47486557E-08
   98  0.47628461E-08
   99  0.47721320E-08
  100  0.47738422E-08
  101  0.47827924E-08
  102  0.47868314E-08
  103  0.47879802E-08
  104  0.47779261E-08
  105  0.47772089E-08
  106  0.47690838E-08
  107  0.47535251E-08
  108  0.47427031E-08
  109  0.47184505E-08
  110  0.46986401E-08
  111  0.46635744E-08
  112  0.46405391E-08
  113  0.46071515E-08
  114  0.45775694E-08
  115  0.45409041E-08
  116  0.44840771E-08
  117  0.44407003E-08
  118  0.43826436E-08
  119  0.43282227E-08
  120  0.42653876E-08
  121  0.42054396E-08
  122  0.41409765E-08
  123  0.40794603E-08
  124  0.40066341E-08
  125  0.39285735E-08
  126  0.38495007E-08
  127  0.37692964E-08
  128  0.36841492E-08
  129  0.35973107E-08
  130  0.35075574E-08
  131  0.34135401E-08
  132  0.33202674E-08
  133  0.32227681E-08
  134  0.31286576E-08
  135  0.30298548E-08
  136  0.29337748E-08
  137  0.28274936E-08
  138  0.27280305E-08
  139  0.26237819E-08
  140  0.25249476E-08
  141  0.24215836E-08
  142  0.23189650E-08
  143  0.22174915E-08
  144  0.21162989E-08
  145  0.20161801E-08
  146  0.19177842E-08
  147  0.18200346E-08
  148  0.17236175E-08
  149  0.16301455E-08
  150  0.15375057E-08
  151  0.14462318E-08
  152  0.13557605E-08
  153  0.12715372E-08
  154  0.11860404E-08
  155  0.11053966E-08
  156  0.10255802E-08
  157  0.95071906E-09
  158  0.87605512E-09
  159  0.80479085E-09
  160  0.73668704E-09
  161  0.67191525E-09
  162  0.60982502E-09
  163  0.55011862E-09
  164  0.49393067E-09
  165  0.44100207E-09
  166  0.38976186E-09
  167  0.34330599E-09
  168  0.29889524E-09
  169  0.25810015E-09
  170  0.21979087E-09
  171  0.18514743E-09
  172  0.15274107E-09
  173  0.12371652E-09
  174  0.97867638E-10
  175  0.74870193E-10
  176  0.55003158E-10
  177  0.38454972E-10
  178  0.24411830E-10
  179  0.14029759E-10
  180  0.65371718E-11
  181  0.21365032E-11
  182  0.91275414E-12
  183  0.27730576E-11
  184  0.79394694E-11
  185  0.16227162E-10
  186  0.28196015E-10
  187  0.43195676E-10
  188  0.61329226E-10
  189  0.83119726E-10
  190  0.10831919E-09
  191  0.13719505E-09
  192  0.16934736E-09
  193  0.20523093E-09
  194  0.24475028E-09
  195  0.28730110E-09
  196  0.33452408E-09
  197  0.38493619E-09
  198  0.44036816E-09
  199  0.49735255E-09
  200  0.55929561E-09
  201  0.62560551E-09
  202  0.69527728E-09
  203  0.76913664E-09
  204  0.84544899E-09
  205  0.92613023E-09
  206  0.10111723E-08
  207  0.10986828E-08
  208  0.11902588E-08
  209  0.12820973E-08
  210  0.13837780E-08
  211  0.14835940E-08
  212  0.15884145E-08
  213  0.16939360E-08
  214  0.18060227E-08
  215  0.19164548E-08
  216  0.20286917E-08
  217  0.21454847E-08
  218  0.22605460E-08
  219  0.23822353E-08
  220  0.25029783E-08
  221  0.26213680E-08
  222  0.27454850E-08
  223  0.28655389E-08
  224  0.29859275E-08
  225  0.31109890E-08
  226  0.32299532E-08
  227  0.33521810E-08
  228  0.34717815E-08
  229  0.35856551E-08
  230  0.36987562E-08
  231  0.38145842E-08
  232  0.39276440E-08
  233  0.40385597E-08
  234  0.41468176E-08
  235  0.42442085E-08
  236  0.43526653E-08
  237  0.44474979E-08
  238  0.45375046E-08
  239  0.46271986E-08
  240  0.47155608E-08
  241  0.47967506E-08
  242  0.48722475E-08
  243  0.49463269E-08
  244  0.50152082E-08
  245  0.50790905E-08
  246  0.51410831E-08
  247  0.52015365E-08
  248  0.52475095E-08
  249  0.53006040E-08
  250  0.53477835E-08
  251  0.53844214E-08
  252  0.54111373E-08
  253  0.54424705E-08
  254  0.54719500E-08
  255  0.54934550E-08
  256  0.55150706E-08
  257  0.55267741E-08
  258  0.55356915E-08
  259  0.55502158E-08
  260  0.55628466E-08
  261  0.55607479E-08
  262  0.55604281E-08
  263  0.55585745E-08
  264  0.55521272E-08
  265  0.55486957E-08
  266  0.55322213E-08
  267  0.55149378E-08
  268  0.55024767E-08
  269  0.54756568E-08
  270  0.54577036E-08
  271  0.54310361E-08
  272  0.54193188E-08
  273  0.53850910E-08
  274  0.53504476E-08
  275  0.53307465E-08
  276  0.53047660E-08
  277  0.52673905E-08
  278  0.52322999E-08
  279  0.52060751E-08
  280  0.51688214E-08
  281  0.51258815E-08
  282  0.50936788E-08
  283  0.50629096E-08
  284  0.50165880E-08
  285  0.49819522E-08
  286  0.49284905E-08
  287  0.48875926E-08
  288  0.48405777E-08
  289  0.48001203E-08
  290  0.47460289E-08
  291  0.47010471E-08
  292  0.46537072E-08
  293  0.46145860E-08
  294  0.45496589E-08
  295  0.44898258E-08
  296  0.44459791E-08
  297  0.43835375E-08
  298  0.43310253E-08
  299  0.42626565E-08
  300  0.42123807E-08
  301  0.41533736E-08
  302  0.40901225E-08
  303  0.40264152E-08
  304  0.39597432E-08
  305  0.38980157E-08
  306  0.38253947E-08
  307  0.37575956E-08
  308  0.36842995E-08
  309  0.36111929E-08
  310  0.35380601E-08
  311  0.34668488E-08
  312  0.33900815E-08
  313  0.33147916E-08
  314  0.32338314E-08
  315  0.31554648E-08
  316  0.30745855E-08
  317  0.29949438E-08
  318  0.29106368E-08
  319  0.28315115E-08
  320  0.27426410E-08
  321  0.26600042E-08
  322  0.25727038E-08
  323  0.24914693E-08
  324  0.23994660E-08
  325  0.23148612E-08
  326  0.22267967E-08
  327  0.21443332E-08
  328  0.20536748E-08
  329  0.19642521E-08
  330  0.18833157E-08
  331  0.17964522E-08
  332  0.17182925E-08
  333  0.16284740E-08
  334  0.15448429E-08
  335  0.14623367E-08
  336  0.13824278E-08
  337  0.13039283E-08
  338  0.12241494E-08
  339  0.11478986E-08
  340  0.10736593E-08
  341  0.10011271E-08
  342  0.92794544E-09
  343  0.85961632E-09
  344  0.79226092E-09
  345  0.72675499E-09
  346  0.66353678E-09
  347  0.60469668E-09
  348  0.54664051E-09
  349  0.49223048E-09
  350  0.44038087E-09
  351  0.39134307E-09
  352  0.34591977E-09
  353  0.30206618E-09
  354  0.26285743E-09
  355  0.22565970E-09
  356  0.19242559E-09
  357  0.16213879E-09
  358  0.13538271E-09
  359  0.11130170E-09
  360  0.91773082E-10
 ]; 
