stt = [ 
    1  0.23632321E+00
    2  0.23626259E+00
    3  0.23608387E+00
    4  0.23578607E+00
    5  0.23537125E+00
    6  0.23483983E+00
    7  0.23419283E+00
    8  0.23343101E+00
    9  0.23255633E+00
   10  0.23157020E+00
   11  0.23047465E+00
   12  0.22927111E+00
   13  0.22796282E+00
   14  0.22655199E+00
   15  0.22504058E+00
   16  0.22343269E+00
   17  0.22172958E+00
   18  0.21993533E+00
   19  0.21805358E+00
   20  0.21608727E+00
   21  0.21404009E+00
   22  0.21191448E+00
   23  0.20971572E+00
   24  0.20744623E+00
   25  0.20511028E+00
   26  0.20271344E+00
   27  0.20025712E+00
   28  0.19774663E+00
   29  0.19518609E+00
   30  0.19257872E+00
   31  0.18992916E+00
   32  0.18724164E+00
   33  0.18452002E+00
   34  0.18176766E+00
   35  0.17898880E+00
   36  0.17618881E+00
   37  0.17336929E+00
   38  0.17053534E+00
   39  0.16769023E+00
   40  0.16483723E+00
   41  0.16198049E+00
   42  0.15912326E+00
   43  0.15626876E+00
   44  0.15342039E+00
   45  0.15058106E+00
   46  0.14775389E+00
   47  0.14494133E+00
   48  0.14214668E+00
   49  0.13937163E+00
   50  0.13661890E+00
   51  0.13389188E+00
   52  0.13119069E+00
   53  0.12851915E+00
   54  0.12587848E+00
   55  0.12327022E+00
   56  0.12069589E+00
   57  0.11815708E+00
   58  0.11565515E+00
   59  0.11319119E+00
   60  0.11076684E+00
   61  0.10838209E+00
   62  0.10603786E+00
   63  0.10373452E+00
   64  0.10147347E+00
   65  0.99254355E-01
   66  0.97077869E-01
   67  0.94944201E-01
   68  0.92853293E-01
   69  0.90805247E-01
   70  0.88799000E-01
   71  0.86835876E-01
   72  0.84914640E-01
   73  0.83034970E-01
   74  0.81197038E-01
   75  0.79399690E-01
   76  0.77642389E-01
   77  0.75924784E-01
   78  0.74245714E-01
   79  0.72605208E-01
   80  0.71002491E-01
   81  0.69435716E-01
   82  0.67905717E-01
   83  0.66410102E-01
   84  0.64948760E-01
   85  0.63520573E-01
   86  0.62125284E-01
   87  0.60761776E-01
   88  0.59428137E-01
   89  0.58124833E-01
   90  0.56850258E-01
   91  0.55603955E-01
   92  0.54384951E-01
   93  0.53192202E-01
   94  0.52024901E-01
   95  0.50882664E-01
   96  0.49764615E-01
   97  0.48669633E-01
   98  0.47597051E-01
   99  0.46546545E-01
  100  0.45517311E-01
  101  0.44508565E-01
  102  0.43519512E-01
  103  0.42550165E-01
  104  0.41599512E-01
  105  0.40667132E-01
  106  0.39752908E-01
  107  0.38855545E-01
  108  0.37975639E-01
  109  0.37111860E-01
  110  0.36264565E-01
  111  0.35432830E-01
  112  0.34616843E-01
  113  0.33816092E-01
  114  0.33030309E-01
  115  0.32259189E-01
  116  0.31502679E-01
  117  0.30760720E-01
  118  0.30032754E-01
  119  0.29318767E-01
  120  0.28618705E-01
  121  0.27932411E-01
  122  0.27259855E-01
  123  0.26600584E-01
  124  0.25955131E-01
  125  0.25322929E-01
  126  0.24704115E-01
  127  0.24098491E-01
  128  0.23506099E-01
  129  0.22926971E-01
  130  0.22360928E-01
  131  0.21807980E-01
  132  0.21268079E-01
  133  0.20741245E-01
  134  0.20227257E-01
  135  0.19726265E-01
  136  0.19238191E-01
  137  0.18762877E-01
  138  0.18300446E-01
  139  0.17850831E-01
  140  0.17413827E-01
  141  0.16989330E-01
  142  0.16577631E-01
  143  0.16178284E-01
  144  0.15791250E-01
  145  0.15416662E-01
  146  0.15054245E-01
  147  0.14704068E-01
  148  0.14365872E-01
  149  0.14039584E-01
  150  0.13725160E-01
  151  0.13422610E-01
  152  0.13131528E-01
  153  0.12851819E-01
  154  0.12583695E-01
  155  0.12326683E-01
  156  0.12080778E-01
  157  0.11845835E-01
  158  0.11621923E-01
  159  0.11408564E-01
  160  0.11205819E-01
  161  0.11013494E-01
  162  0.10831526E-01
  163  0.10659706E-01
  164  0.10498078E-01
  165  0.10346330E-01
  166  0.10204437E-01
  167  0.10072251E-01
  168  0.99496190E-02
  169  0.98364716E-02
  170  0.97328098E-02
  171  0.96383197E-02
  172  0.95530590E-02
  173  0.94770854E-02
  174  0.94100013E-02
  175  0.93520246E-02
  176  0.93029328E-02
  177  0.92628365E-02
  178  0.92313644E-02
  179  0.92087723E-02
  180  0.91950828E-02
  181  0.91902390E-02
  182  0.91938935E-02
  183  0.92063956E-02
  184  0.92277881E-02
  185  0.92580467E-02
  186  0.92970058E-02
  187  0.93447370E-02
  188  0.94015989E-02
  189  0.94674136E-02
  190  0.95422147E-02
  191  0.96262172E-02
  192  0.97193811E-02
  193  0.98217502E-02
  194  0.99336207E-02
  195  0.10054928E-01
  196  0.10185755E-01
  197  0.10326370E-01
  198  0.10476806E-01
  199  0.10637032E-01
  200  0.10807493E-01
  201  0.10987971E-01
  202  0.11178919E-01
  203  0.11380222E-01
  204  0.11592055E-01
  205  0.11814733E-01
  206  0.12048121E-01
  207  0.12292461E-01
  208  0.12547891E-01
  209  0.12814623E-01
  210  0.13092626E-01
  211  0.13382038E-01
  212  0.13683253E-01
  213  0.13996096E-01
  214  0.14320722E-01
  215  0.14657367E-01
  216  0.15005955E-01
  217  0.15366666E-01
  218  0.15739737E-01
  219  0.16125223E-01
  220  0.16523076E-01
  221  0.16933169E-01
  222  0.17356049E-01
  223  0.17791599E-01
  224  0.18239832E-01
  225  0.18700793E-01
  226  0.19174391E-01
  227  0.19661156E-01
  228  0.20160682E-01
  229  0.20673288E-01
  230  0.21198831E-01
  231  0.21737421E-01
  232  0.22289228E-01
  233  0.22854112E-01
  234  0.23432085E-01
  235  0.24023512E-01
  236  0.24628099E-01
  237  0.25245944E-01
  238  0.25877275E-01
  239  0.26522124E-01
  240  0.27180286E-01
  241  0.27852433E-01
  242  0.28538173E-01
  243  0.29237740E-01
  244  0.29951319E-01
  245  0.30679017E-01
  246  0.31421099E-01
  247  0.32177281E-01
  248  0.32948405E-01
  249  0.33734333E-01
  250  0.34535326E-01
  251  0.35351925E-01
  252  0.36183640E-01
  253  0.37031837E-01
  254  0.37896033E-01
  255  0.38777299E-01
  256  0.39675321E-01
  257  0.40590793E-01
  258  0.41524302E-01
  259  0.42475995E-01
  260  0.43447278E-01
  261  0.44437483E-01
  262  0.45448180E-01
  263  0.46479128E-01
  264  0.47531374E-01
  265  0.48606016E-01
  266  0.49703103E-01
  267  0.50823715E-01
  268  0.51968116E-01
  269  0.53137932E-01
  270  0.54333124E-01
  271  0.55554919E-01
  272  0.56804083E-01
  273  0.58081154E-01
  274  0.59387624E-01
  275  0.60723756E-01
  276  0.62090479E-01
  277  0.63489474E-01
  278  0.64920612E-01
  279  0.66385165E-01
  280  0.67883976E-01
  281  0.69417581E-01
  282  0.70987642E-01
  283  0.72594091E-01
  284  0.74237846E-01
  285  0.75920440E-01
  286  0.77641636E-01
  287  0.79402447E-01
  288  0.81203304E-01
  289  0.83045088E-01
  290  0.84928021E-01
  291  0.86852953E-01
  292  0.88819854E-01
  293  0.90828776E-01
  294  0.92880718E-01
  295  0.94975047E-01
  296  0.97111613E-01
  297  0.99291846E-01
  298  0.10151360E+00
  299  0.10377755E+00
  300  0.10608310E+00
  301  0.10843053E+00
  302  0.11081778E+00
  303  0.11324510E+00
  304  0.11571146E+00
  305  0.11821545E+00
  306  0.12075644E+00
  307  0.12333256E+00
  308  0.12594268E+00
  309  0.12858571E+00
  310  0.13125847E+00
  311  0.13396119E+00
  312  0.13668932E+00
  313  0.13944276E+00
  314  0.14221911E+00
  315  0.14501509E+00
  316  0.14782782E+00
  317  0.15065618E+00
  318  0.15349546E+00
  319  0.15634418E+00
  320  0.15919892E+00
  321  0.16205570E+00
  322  0.16491239E+00
  323  0.16776453E+00
  324  0.17060897E+00
  325  0.17344250E+00
  326  0.17626101E+00
  327  0.17906047E+00
  328  0.18183844E+00
  329  0.18458894E+00
  330  0.18730967E+00
  331  0.18999578E+00
  332  0.19264345E+00
  333  0.19524936E+00
  334  0.19780754E+00
  335  0.20031725E+00
  336  0.20277153E+00
  337  0.20516697E+00
  338  0.20750086E+00
  339  0.20976715E+00
  340  0.21196492E+00
  341  0.21408759E+00
  342  0.21613304E+00
  343  0.21809679E+00
  344  0.21997671E+00
  345  0.22176860E+00
  346  0.22346900E+00
  347  0.22507523E+00
  348  0.22658411E+00
  349  0.22799312E+00
  350  0.22929846E+00
  351  0.23049858E+00
  352  0.23159216E+00
  353  0.23257479E+00
  354  0.23344810E+00
  355  0.23420800E+00
  356  0.23485196E+00
  357  0.23538110E+00
  358  0.23579356E+00
  359  0.23608856E+00
  360  0.23626462E+00
 ]; 
