spt = [ 
    1  0.39659778E-09
    2  0.38831599E-09
    3  0.38449835E-09
    4  0.38189668E-09
    5  0.38303319E-09
    6  0.38692813E-09
    7  0.39324258E-09
    8  0.40407555E-09
    9  0.41538842E-09
   10  0.43090942E-09
   11  0.44908602E-09
   12  0.47006227E-09
   13  0.49339299E-09
   14  0.51993515E-09
   15  0.54856847E-09
   16  0.57926108E-09
   17  0.61527394E-09
   18  0.65175565E-09
   19  0.69110911E-09
   20  0.73138662E-09
   21  0.77236967E-09
   22  0.82016027E-09
   23  0.86815138E-09
   24  0.91658442E-09
   25  0.96632335E-09
   26  0.10223256E-08
   27  0.10751546E-08
   28  0.11353629E-08
   29  0.11905967E-08
   30  0.12497279E-08
   31  0.13099731E-08
   32  0.13743279E-08
   33  0.14392966E-08
   34  0.15031316E-08
   35  0.15703591E-08
   36  0.16360380E-08
   37  0.17005571E-08
   38  0.17671804E-08
   39  0.18390639E-08
   40  0.19097466E-08
   41  0.19758877E-08
   42  0.20497510E-08
   43  0.21227173E-08
   44  0.21914495E-08
   45  0.22676629E-08
   46  0.23350324E-08
   47  0.24058409E-08
   48  0.24799456E-08
   49  0.25503057E-08
   50  0.26295264E-08
   51  0.27015234E-08
   52  0.27676978E-08
   53  0.28419327E-08
   54  0.29201499E-08
   55  0.29922629E-08
   56  0.30627378E-08
   57  0.31300913E-08
   58  0.32078069E-08
   59  0.32804781E-08
   60  0.33505239E-08
   61  0.34212617E-08
   62  0.34949006E-08
   63  0.35741290E-08
   64  0.36410392E-08
   65  0.37214836E-08
   66  0.37871111E-08
   67  0.38582524E-08
   68  0.39366745E-08
   69  0.40130725E-08
   70  0.40855443E-08
   71  0.41532071E-08
   72  0.42375379E-08
   73  0.43019357E-08
   74  0.43736077E-08
   75  0.44490225E-08
   76  0.45252015E-08
   77  0.45952611E-08
   78  0.46668287E-08
   79  0.47393520E-08
   80  0.48161639E-08
   81  0.48896034E-08
   82  0.49664459E-08
   83  0.50250488E-08
   84  0.51061373E-08
   85  0.51751781E-08
   86  0.52494467E-08
   87  0.53107194E-08
   88  0.53759885E-08
   89  0.54520592E-08
   90  0.55274625E-08
   91  0.55949880E-08
   92  0.56583578E-08
   93  0.57204006E-08
   94  0.57850005E-08
   95  0.58493081E-08
   96  0.59031517E-08
   97  0.59528951E-08
   98  0.60073369E-08
   99  0.60650716E-08
  100  0.61175220E-08
  101  0.61587202E-08
  102  0.62098238E-08
  103  0.62448100E-08
  104  0.62735057E-08
  105  0.63150285E-08
  106  0.63381056E-08
  107  0.63661014E-08
  108  0.63889130E-08
  109  0.64036287E-08
  110  0.64000174E-08
  111  0.64100050E-08
  112  0.64190702E-08
  113  0.64167645E-08
  114  0.63974412E-08
  115  0.63811525E-08
  116  0.63665122E-08
  117  0.63450134E-08
  118  0.63077090E-08
  119  0.62771401E-08
  120  0.62265095E-08
  121  0.61807421E-08
  122  0.61238592E-08
  123  0.60596310E-08
  124  0.59967507E-08
  125  0.59275718E-08
  126  0.58456715E-08
  127  0.57637473E-08
  128  0.56761156E-08
  129  0.55906755E-08
  130  0.54888027E-08
  131  0.53850062E-08
  132  0.52776965E-08
  133  0.51662283E-08
  134  0.50539737E-08
  135  0.49306523E-08
  136  0.48127209E-08
  137  0.46891628E-08
  138  0.45667474E-08
  139  0.44344266E-08
  140  0.43033928E-08
  141  0.41687991E-08
  142  0.40337924E-08
  143  0.38966057E-08
  144  0.37576395E-08
  145  0.36242642E-08
  146  0.34876464E-08
  147  0.33463619E-08
  148  0.32130980E-08
  149  0.30731799E-08
  150  0.29388489E-08
  151  0.28051828E-08
  152  0.26729055E-08
  153  0.25397542E-08
  154  0.24104223E-08
  155  0.22839830E-08
  156  0.21580757E-08
  157  0.20347246E-08
  158  0.19140809E-08
  159  0.17975202E-08
  160  0.16819747E-08
  161  0.15711125E-08
  162  0.14630196E-08
  163  0.13573305E-08
  164  0.12552352E-08
  165  0.11572604E-08
  166  0.10629738E-08
  167  0.97227570E-09
  168  0.88597191E-09
  169  0.80168372E-09
  170  0.72115708E-09
  171  0.64633016E-09
  172  0.57428801E-09
  173  0.50624388E-09
  174  0.44292364E-09
  175  0.38294348E-09
  176  0.32744318E-09
  177  0.27606836E-09
  178  0.22928373E-09
  179  0.18691150E-09
  180  0.14835487E-09
  181  0.11517284E-09
  182  0.86155735E-10
  183  0.61985209E-10
  184  0.42492947E-10
  185  0.27943347E-10
  186  0.18234315E-10
  187  0.13791131E-10
  188  0.14455243E-10
  189  0.20281140E-10
  190  0.31720519E-10
  191  0.48148707E-10
  192  0.70459458E-10
  193  0.98560979E-10
  194  0.13195990E-09
  195  0.17124488E-09
  196  0.21660000E-09
  197  0.26781627E-09
  198  0.32538888E-09
  199  0.38861092E-09
  200  0.45757814E-09
  201  0.53280785E-09
  202  0.61438760E-09
  203  0.70240469E-09
  204  0.79462675E-09
  205  0.89530877E-09
  206  0.99869313E-09
  207  0.11111363E-08
  208  0.12280197E-08
  209  0.13501906E-08
  210  0.14755336E-08
  211  0.16072597E-08
  212  0.17411340E-08
  213  0.18849564E-08
  214  0.20298883E-08
  215  0.21811131E-08
  216  0.23326034E-08
  217  0.24879832E-08
  218  0.26466278E-08
  219  0.28103981E-08
  220  0.29701896E-08
  221  0.31342133E-08
  222  0.32994751E-08
  223  0.34648966E-08
  224  0.36281371E-08
  225  0.37996486E-08
  226  0.39660777E-08
  227  0.41234123E-08
  228  0.42856430E-08
  229  0.44490909E-08
  230  0.46078350E-08
  231  0.47534461E-08
  232  0.49108824E-08
  233  0.50505911E-08
  234  0.51945044E-08
  235  0.53310671E-08
  236  0.54730793E-08
  237  0.55943397E-08
  238  0.57145342E-08
  239  0.58355534E-08
  240  0.59399570E-08
  241  0.60392189E-08
  242  0.61377814E-08
  243  0.62285226E-08
  244  0.63005299E-08
  245  0.63919683E-08
  246  0.64518568E-08
  247  0.65088810E-08
  248  0.65638384E-08
  249  0.66135102E-08
  250  0.66621122E-08
  251  0.66923347E-08
  252  0.67246582E-08
  253  0.67442594E-08
  254  0.67523405E-08
  255  0.67687762E-08
  256  0.67685582E-08
  257  0.67746391E-08
  258  0.67637322E-08
  259  0.67460157E-08
  260  0.67381705E-08
  261  0.67093286E-08
  262  0.66864043E-08
  263  0.66512880E-08
  264  0.66193100E-08
  265  0.65826349E-08
  266  0.65262031E-08
  267  0.64809318E-08
  268  0.64362147E-08
  269  0.63846519E-08
  270  0.63286452E-08
  271  0.62679057E-08
  272  0.62048162E-08
  273  0.61576095E-08
  274  0.60865046E-08
  275  0.60178840E-08
  276  0.59539080E-08
  277  0.58826575E-08
  278  0.58193019E-08
  279  0.57384915E-08
  280  0.56726774E-08
  281  0.56020921E-08
  282  0.55288325E-08
  283  0.54582028E-08
  284  0.53815676E-08
  285  0.53084928E-08
  286  0.52318012E-08
  287  0.51569615E-08
  288  0.50832671E-08
  289  0.50096132E-08
  290  0.49360271E-08
  291  0.48594129E-08
  292  0.47865321E-08
  293  0.47083910E-08
  294  0.46262163E-08
  295  0.45659596E-08
  296  0.44768944E-08
  297  0.43965653E-08
  298  0.43351198E-08
  299  0.42607642E-08
  300  0.41733861E-08
  301  0.40982067E-08
  302  0.40231707E-08
  303  0.39494856E-08
  304  0.38713903E-08
  305  0.37924091E-08
  306  0.37155370E-08
  307  0.36425334E-08
  308  0.35647618E-08
  309  0.34811398E-08
  310  0.34049017E-08
  311  0.33322149E-08
  312  0.32520324E-08
  313  0.31757217E-08
  314  0.30960094E-08
  315  0.30170928E-08
  316  0.29393921E-08
  317  0.28637634E-08
  318  0.27810370E-08
  319  0.27028904E-08
  320  0.26239042E-08
  321  0.25497533E-08
  322  0.24709064E-08
  323  0.23924269E-08
  324  0.23140647E-08
  325  0.22376834E-08
  326  0.21604769E-08
  327  0.20863422E-08
  328  0.20120181E-08
  329  0.19373285E-08
  330  0.18587327E-08
  331  0.17899281E-08
  332  0.17171167E-08
  333  0.16438032E-08
  334  0.15751519E-08
  335  0.15031154E-08
  336  0.14373996E-08
  337  0.13702315E-08
  338  0.13093152E-08
  339  0.12417523E-08
  340  0.11783318E-08
  341  0.11206418E-08
  342  0.10609091E-08
  343  0.10047714E-08
  344  0.95003738E-09
  345  0.89993135E-09
  346  0.84653878E-09
  347  0.79978318E-09
  348  0.75307932E-09
  349  0.71019962E-09
  350  0.66897660E-09
  351  0.63127803E-09
  352  0.59533534E-09
  353  0.56215715E-09
  354  0.53242361E-09
  355  0.50434174E-09
  356  0.47851667E-09
  357  0.45613979E-09
  358  0.43651918E-09
  359  0.42009199E-09
  360  0.40725429E-09
 ]; 
