spt = [ 
    1  0.31475635E-08
    2  0.30360068E-08
    3  0.29298401E-08
    4  0.28285001E-08
    5  0.27249316E-08
    6  0.26354723E-08
    7  0.25412519E-08
    8  0.24603448E-08
    9  0.23755848E-08
   10  0.22973456E-08
   11  0.22227620E-08
   12  0.21528601E-08
   13  0.20872291E-08
   14  0.20255762E-08
   15  0.19636421E-08
   16  0.19063837E-08
   17  0.18537504E-08
   18  0.18040134E-08
   19  0.17588764E-08
   20  0.17146427E-08
   21  0.16746743E-08
   22  0.16373136E-08
   23  0.16034727E-08
   24  0.15746944E-08
   25  0.15464440E-08
   26  0.15234717E-08
   27  0.15020106E-08
   28  0.14849518E-08
   29  0.14678250E-08
   30  0.14550702E-08
   31  0.14484807E-08
   32  0.14413275E-08
   33  0.14426201E-08
   34  0.14408040E-08
   35  0.14442878E-08
   36  0.14535408E-08
   37  0.14616930E-08
   38  0.14754260E-08
   39  0.14904331E-08
   40  0.15113508E-08
   41  0.15331347E-08
   42  0.15610763E-08
   43  0.15879115E-08
   44  0.16230959E-08
   45  0.16576137E-08
   46  0.16919365E-08
   47  0.17286833E-08
   48  0.17746030E-08
   49  0.18192036E-08
   50  0.18619292E-08
   51  0.19032780E-08
   52  0.19548729E-08
   53  0.20082114E-08
   54  0.20590158E-08
   55  0.21058888E-08
   56  0.21665463E-08
   57  0.22108244E-08
   58  0.22678013E-08
   59  0.23194069E-08
   60  0.23682045E-08
   61  0.24147908E-08
   62  0.24642819E-08
   63  0.25063533E-08
   64  0.25530569E-08
   65  0.25930904E-08
   66  0.26291112E-08
   67  0.26616500E-08
   68  0.26970941E-08
   69  0.27256351E-08
   70  0.27524203E-08
   71  0.27802181E-08
   72  0.27981479E-08
   73  0.28033216E-08
   74  0.28186209E-08
   75  0.28186309E-08
   76  0.28253131E-08
   77  0.28212028E-08
   78  0.28059137E-08
   79  0.27877238E-08
   80  0.27757598E-08
   81  0.27463718E-08
   82  0.27190450E-08
   83  0.26837459E-08
   84  0.26394877E-08
   85  0.26054747E-08
   86  0.25557894E-08
   87  0.25046760E-08
   88  0.24402218E-08
   89  0.23904658E-08
   90  0.23222628E-08
   91  0.22564111E-08
   92  0.21881343E-08
   93  0.21139497E-08
   94  0.20382711E-08
   95  0.19644997E-08
   96  0.18833295E-08
   97  0.18041825E-08
   98  0.17208803E-08
   99  0.16392406E-08
  100  0.15644028E-08
  101  0.14817332E-08
  102  0.13984367E-08
  103  0.13157604E-08
  104  0.12409326E-08
  105  0.11579008E-08
  106  0.10810447E-08
  107  0.10125295E-08
  108  0.93804042E-09
  109  0.86907176E-09
  110  0.80082962E-09
  111  0.73629319E-09
  112  0.67547573E-09
  113  0.62113470E-09
  114  0.56857097E-09
  115  0.52196231E-09
  116  0.47532484E-09
  117  0.43495374E-09
  118  0.39892026E-09
  119  0.36924774E-09
  120  0.34179287E-09
  121  0.32001105E-09
  122  0.30340083E-09
  123  0.29068453E-09
  124  0.28220587E-09
  125  0.28020314E-09
  126  0.28141919E-09
  127  0.28764097E-09
  128  0.29723549E-09
  129  0.31095126E-09
  130  0.32951519E-09
  131  0.35231185E-09
  132  0.37857714E-09
  133  0.40750031E-09
  134  0.43903481E-09
  135  0.47613363E-09
  136  0.51453503E-09
  137  0.55525495E-09
  138  0.59925076E-09
  139  0.64181743E-09
  140  0.69091494E-09
  141  0.73845297E-09
  142  0.78801909E-09
  143  0.84221830E-09
  144  0.89105417E-09
  145  0.94345687E-09
  146  0.99693820E-09
  147  0.10482509E-08
  148  0.10992693E-08
  149  0.11475770E-08
  150  0.12000693E-08
  151  0.12492756E-08
  152  0.12962916E-08
  153  0.13440671E-08
  154  0.13890674E-08
  155  0.14301508E-08
  156  0.14723651E-08
  157  0.15110957E-08
  158  0.15488506E-08
  159  0.15823960E-08
  160  0.16152507E-08
  161  0.16442963E-08
  162  0.16715265E-08
  163  0.16975292E-08
  164  0.17190023E-08
  165  0.17398682E-08
  166  0.17546681E-08
  167  0.17682447E-08
  168  0.17786898E-08
  169  0.17908901E-08
  170  0.17955981E-08
  171  0.17989796E-08
  172  0.18006459E-08
  173  0.18009192E-08
  174  0.17954744E-08
  175  0.17933213E-08
  176  0.17835736E-08
  177  0.17732658E-08
  178  0.17604828E-08
  179  0.17484334E-08
  180  0.17327323E-08
  181  0.17173641E-08
  182  0.16992788E-08
  183  0.16806532E-08
  184  0.16612760E-08
  185  0.16393827E-08
  186  0.16195536E-08
  187  0.15971666E-08
  188  0.15742710E-08
  189  0.15507178E-08
  190  0.15281797E-08
  191  0.15058097E-08
  192  0.14815665E-08
  193  0.14597541E-08
  194  0.14391175E-08
  195  0.14198257E-08
  196  0.13979743E-08
  197  0.13802492E-08
  198  0.13637027E-08
  199  0.13461087E-08
  200  0.13327738E-08
  201  0.13202399E-08
  202  0.13110664E-08
  203  0.13035121E-08
  204  0.12976230E-08
  205  0.12942050E-08
  206  0.12930217E-08
  207  0.12970489E-08
  208  0.13035389E-08
  209  0.13147412E-08
  210  0.13271881E-08
  211  0.13450205E-08
  212  0.13651436E-08
  213  0.13882065E-08
  214  0.14199008E-08
  215  0.14512658E-08
  216  0.14923327E-08
  217  0.15345295E-08
  218  0.15811591E-08
  219  0.16342420E-08
  220  0.16941496E-08
  221  0.17549745E-08
  222  0.18247212E-08
  223  0.19010387E-08
  224  0.19786532E-08
  225  0.20646080E-08
  226  0.21557591E-08
  227  0.22510991E-08
  228  0.23576667E-08
  229  0.24628950E-08
  230  0.25800440E-08
  231  0.26996283E-08
  232  0.28210598E-08
  233  0.29539597E-08
  234  0.30869101E-08
  235  0.32282512E-08
  236  0.33811205E-08
  237  0.35333330E-08
  238  0.36887704E-08
  239  0.38617958E-08
  240  0.40271209E-08
  241  0.42009485E-08
  242  0.43773967E-08
  243  0.45552602E-08
  244  0.47471040E-08
  245  0.49355222E-08
  246  0.51325229E-08
  247  0.53277516E-08
  248  0.55339102E-08
  249  0.57369967E-08
  250  0.59445537E-08
  251  0.61512497E-08
  252  0.63651262E-08
  253  0.65928809E-08
  254  0.68030666E-08
  255  0.70148913E-08
  256  0.72394504E-08
  257  0.74641804E-08
  258  0.76820994E-08
  259  0.78983335E-08
  260  0.81307947E-08
  261  0.83420950E-08
  262  0.85680973E-08
  263  0.87862126E-08
  264  0.90104955E-08
  265  0.92117540E-08
  266  0.94365866E-08
  267  0.96398285E-08
  268  0.98622870E-08
  269  0.10056272E-07
  270  0.10268333E-07
  271  0.10463765E-07
  272  0.10655101E-07
  273  0.10855010E-07
  274  0.11041631E-07
  275  0.11211024E-07
  276  0.11389968E-07
  277  0.11572316E-07
  278  0.11727871E-07
  279  0.11888616E-07
  280  0.12049081E-07
  281  0.12185263E-07
  282  0.12322126E-07
  283  0.12448584E-07
  284  0.12604576E-07
  285  0.12687532E-07
  286  0.12805301E-07
  287  0.12893611E-07
  288  0.12981057E-07
  289  0.13078647E-07
  290  0.13153057E-07
  291  0.13214525E-07
  292  0.13263312E-07
  293  0.13316455E-07
  294  0.13341045E-07
  295  0.13382989E-07
  296  0.13382221E-07
  297  0.13376694E-07
  298  0.13367416E-07
  299  0.13379048E-07
  300  0.13346231E-07
  301  0.13318644E-07
  302  0.13250251E-07
  303  0.13215670E-07
  304  0.13147196E-07
  305  0.13065927E-07
  306  0.12963040E-07
  307  0.12890925E-07
  308  0.12802484E-07
  309  0.12660579E-07
  310  0.12542724E-07
  311  0.12416381E-07
  312  0.12278911E-07
  313  0.12122818E-07
  314  0.11985514E-07
  315  0.11814292E-07
  316  0.11644491E-07
  317  0.11463510E-07
  318  0.11279593E-07
  319  0.11102655E-07
  320  0.10906752E-07
  321  0.10708303E-07
  322  0.10498274E-07
  323  0.10290270E-07
  324  0.10089030E-07
  325  0.98794439E-08
  326  0.96616120E-08
  327  0.94478532E-08
  328  0.92288435E-08
  329  0.89987413E-08
  330  0.87725791E-08
  331  0.85521679E-08
  332  0.83344682E-08
  333  0.81167757E-08
  334  0.78872162E-08
  335  0.76627149E-08
  336  0.74505730E-08
  337  0.72265389E-08
  338  0.70094774E-08
  339  0.67957440E-08
  340  0.65864749E-08
  341  0.63837424E-08
  342  0.61773244E-08
  343  0.59772409E-08
  344  0.57799285E-08
  345  0.55874767E-08
  346  0.53999458E-08
  347  0.52156608E-08
  348  0.50357190E-08
  349  0.48657824E-08
  350  0.46948827E-08
  351  0.45300541E-08
  352  0.43715755E-08
  353  0.42146926E-08
  354  0.40642680E-08
  355  0.39186876E-08
  356  0.37781800E-08
  357  0.36373318E-08
  358  0.35144201E-08
  359  0.33837799E-08
  360  0.32632022E-08
 ]; 
