spt = [ 
    1  0.20861236E-09
    2  0.19275703E-09
    3  0.18018048E-09
    4  0.16985235E-09
    5  0.16152535E-09
    6  0.15701963E-09
    7  0.15331296E-09
    8  0.15364915E-09
    9  0.15508519E-09
   10  0.15962899E-09
   11  0.16537205E-09
   12  0.17417984E-09
   13  0.18544670E-09
   14  0.19851830E-09
   15  0.21352242E-09
   16  0.23137720E-09
   17  0.25001784E-09
   18  0.27133321E-09
   19  0.29440864E-09
   20  0.31787750E-09
   21  0.34416295E-09
   22  0.37171138E-09
   23  0.40059350E-09
   24  0.43128245E-09
   25  0.46357904E-09
   26  0.49538285E-09
   27  0.53018473E-09
   28  0.56347071E-09
   29  0.59903466E-09
   30  0.63421868E-09
   31  0.67221112E-09
   32  0.70745887E-09
   33  0.74557743E-09
   34  0.78430823E-09
   35  0.82342655E-09
   36  0.86463237E-09
   37  0.90097968E-09
   38  0.93940322E-09
   39  0.98198227E-09
   40  0.10155827E-08
   41  0.10563592E-08
   42  0.10973090E-08
   43  0.11289032E-08
   44  0.11686023E-08
   45  0.12056032E-08
   46  0.12410043E-08
   47  0.12780882E-08
   48  0.13140622E-08
   49  0.13420862E-08
   50  0.13792549E-08
   51  0.14096907E-08
   52  0.14437177E-08
   53  0.14781656E-08
   54  0.15038617E-08
   55  0.15287566E-08
   56  0.15584475E-08
   57  0.15825513E-08
   58  0.16125915E-08
   59  0.16290672E-08
   60  0.16520646E-08
   61  0.16739211E-08
   62  0.16962327E-08
   63  0.17135123E-08
   64  0.17297627E-08
   65  0.17464099E-08
   66  0.17625031E-08
   67  0.17761818E-08
   68  0.17759747E-08
   69  0.17917650E-08
   70  0.18016130E-08
   71  0.18129238E-08
   72  0.18166108E-08
   73  0.18210915E-08
   74  0.18243542E-08
   75  0.18325729E-08
   76  0.18273707E-08
   77  0.18306915E-08
   78  0.18281245E-08
   79  0.18300514E-08
   80  0.18239985E-08
   81  0.18266726E-08
   82  0.18134074E-08
   83  0.18077774E-08
   84  0.18094740E-08
   85  0.17980766E-08
   86  0.17870032E-08
   87  0.17852874E-08
   88  0.17743872E-08
   89  0.17638101E-08
   90  0.17520573E-08
   91  0.17373402E-08
   92  0.17323898E-08
   93  0.17124517E-08
   94  0.17037942E-08
   95  0.16866695E-08
   96  0.16782852E-08
   97  0.16652486E-08
   98  0.16496982E-08
   99  0.16309858E-08
  100  0.16198142E-08
  101  0.16058448E-08
  102  0.15824017E-08
  103  0.15706901E-08
  104  0.15551956E-08
  105  0.15376234E-08
  106  0.15189793E-08
  107  0.15015016E-08
  108  0.14824457E-08
  109  0.14622165E-08
  110  0.14427562E-08
  111  0.14272741E-08
  112  0.14038567E-08
  113  0.13844428E-08
  114  0.13635604E-08
  115  0.13433967E-08
  116  0.13195846E-08
  117  0.12968054E-08
  118  0.12745622E-08
  119  0.12469455E-08
  120  0.12231228E-08
  121  0.11977590E-08
  122  0.11701484E-08
  123  0.11436652E-08
  124  0.11168079E-08
  125  0.10895034E-08
  126  0.10596438E-08
  127  0.10303591E-08
  128  0.10016031E-08
  129  0.97090824E-09
  130  0.94141150E-09
  131  0.90933322E-09
  132  0.87678437E-09
  133  0.84709845E-09
  134  0.81684198E-09
  135  0.78346807E-09
  136  0.75081319E-09
  137  0.72082412E-09
  138  0.68966610E-09
  139  0.65610772E-09
  140  0.62492378E-09
  141  0.59406602E-09
  142  0.56271210E-09
  143  0.53243354E-09
  144  0.50184068E-09
  145  0.47193149E-09
  146  0.44409015E-09
  147  0.41526715E-09
  148  0.38835676E-09
  149  0.36109005E-09
  150  0.33604719E-09
  151  0.31065014E-09
  152  0.28638331E-09
  153  0.26338715E-09
  154  0.24234983E-09
  155  0.22063125E-09
  156  0.20097062E-09
  157  0.18225263E-09
  158  0.16489782E-09
  159  0.14860009E-09
  160  0.13323076E-09
  161  0.11941322E-09
  162  0.10603275E-09
  163  0.94504855E-10
  164  0.83497050E-10
  165  0.73919496E-10
  166  0.65941044E-10
  167  0.58592624E-10
  168  0.52814857E-10
  169  0.48037106E-10
  170  0.44555255E-10
  171  0.41995438E-10
  172  0.40370634E-10
  173  0.40270395E-10
  174  0.41116256E-10
  175  0.42857197E-10
  176  0.45906515E-10
  177  0.49781273E-10
  178  0.54714722E-10
  179  0.60878892E-10
  180  0.67981634E-10
  181  0.76107384E-10
  182  0.85098713E-10
  183  0.95023406E-10
  184  0.10620944E-09
  185  0.11872227E-09
  186  0.13138277E-09
  187  0.14505316E-09
  188  0.16005214E-09
  189  0.17595385E-09
  190  0.19331375E-09
  191  0.21058365E-09
  192  0.22881276E-09
  193  0.24907865E-09
  194  0.26996844E-09
  195  0.29081046E-09
  196  0.31329822E-09
  197  0.33732867E-09
  198  0.36141817E-09
  199  0.38669948E-09
  200  0.41285023E-09
  201  0.43984796E-09
  202  0.46912457E-09
  203  0.49649090E-09
  204  0.52679877E-09
  205  0.55812005E-09
  206  0.58912963E-09
  207  0.62003680E-09
  208  0.65324535E-09
  209  0.68681560E-09
  210  0.72053730E-09
  211  0.75724438E-09
  212  0.79103657E-09
  213  0.82755697E-09
  214  0.86385304E-09
  215  0.90233326E-09
  216  0.93828589E-09
  217  0.97675956E-09
  218  0.10155772E-08
  219  0.10516632E-08
  220  0.10941873E-08
  221  0.11299235E-08
  222  0.11684255E-08
  223  0.12075873E-08
  224  0.12474833E-08
  225  0.12839643E-08
  226  0.13280668E-08
  227  0.13608368E-08
  228  0.14011484E-08
  229  0.14385704E-08
  230  0.14783689E-08
  231  0.15171703E-08
  232  0.15533479E-08
  233  0.15892770E-08
  234  0.16267296E-08
  235  0.16581884E-08
  236  0.16976873E-08
  237  0.17310415E-08
  238  0.17683980E-08
  239  0.18028139E-08
  240  0.18374857E-08
  241  0.18685908E-08
  242  0.19071595E-08
  243  0.19383697E-08
  244  0.19725896E-08
  245  0.20009059E-08
  246  0.20330728E-08
  247  0.20644342E-08
  248  0.20948878E-08
  249  0.21279662E-08
  250  0.21566255E-08
  251  0.21900715E-08
  252  0.22163784E-08
  253  0.22465474E-08
  254  0.22765800E-08
  255  0.23096982E-08
  256  0.23354780E-08
  257  0.23666988E-08
  258  0.23972957E-08
  259  0.24294169E-08
  260  0.24518392E-08
  261  0.24853550E-08
  262  0.25148452E-08
  263  0.25435385E-08
  264  0.25676954E-08
  265  0.26031841E-08
  266  0.26287756E-08
  267  0.26511700E-08
  268  0.26828857E-08
  269  0.27073876E-08
  270  0.27348408E-08
  271  0.27708666E-08
  272  0.27927796E-08
  273  0.28267466E-08
  274  0.28379858E-08
  275  0.28740552E-08
  276  0.28899940E-08
  277  0.29238627E-08
  278  0.29340572E-08
  279  0.29589431E-08
  280  0.29840341E-08
  281  0.30047600E-08
  282  0.30280145E-08
  283  0.30464522E-08
  284  0.30522072E-08
  285  0.30716436E-08
  286  0.30812997E-08
  287  0.30965237E-08
  288  0.31136163E-08
  289  0.31178597E-08
  290  0.31231109E-08
  291  0.31294416E-08
  292  0.31304654E-08
  293  0.31298018E-08
  294  0.31365102E-08
  295  0.31331659E-08
  296  0.31300684E-08
  297  0.31220435E-08
  298  0.31113705E-08
  299  0.31011069E-08
  300  0.30907168E-08
  301  0.30722578E-08
  302  0.30586709E-08
  303  0.30335285E-08
  304  0.30125542E-08
  305  0.29938718E-08
  306  0.29619858E-08
  307  0.29273519E-08
  308  0.28959461E-08
  309  0.28693230E-08
  310  0.28258986E-08
  311  0.27864975E-08
  312  0.27451619E-08
  313  0.27060587E-08
  314  0.26585560E-08
  315  0.26092020E-08
  316  0.25588298E-08
  317  0.25098257E-08
  318  0.24587101E-08
  319  0.24055327E-08
  320  0.23461610E-08
  321  0.22922324E-08
  322  0.22271587E-08
  323  0.21678406E-08
  324  0.21018360E-08
  325  0.20462076E-08
  326  0.19795590E-08
  327  0.19167310E-08
  328  0.18474440E-08
  329  0.17877776E-08
  330  0.17187974E-08
  331  0.16542009E-08
  332  0.15888775E-08
  333  0.15242618E-08
  334  0.14564019E-08
  335  0.13917715E-08
  336  0.13283818E-08
  337  0.12656450E-08
  338  0.12002969E-08
  339  0.11349961E-08
  340  0.10771942E-08
  341  0.10165959E-08
  342  0.95603236E-09
  343  0.90116770E-09
  344  0.84454371E-09
  345  0.78972529E-09
  346  0.73684092E-09
  347  0.68602835E-09
  348  0.63851674E-09
  349  0.59148880E-09
  350  0.54610738E-09
  351  0.50125193E-09
  352  0.46275511E-09
  353  0.42403689E-09
  354  0.38736359E-09
  355  0.35494035E-09
  356  0.32441544E-09
  357  0.29641334E-09
  358  0.27015573E-09
  359  0.24803185E-09
  360  0.22682728E-09
 ]; 
