stt = [ 
    1  0.23645119E+00
    2  0.23639265E+00
    3  0.23621383E+00
    4  0.23591687E+00
    5  0.23550349E+00
    6  0.23497222E+00
    7  0.23432562E+00
    8  0.23356420E+00
    9  0.23268935E+00
   10  0.23170404E+00
   11  0.23060836E+00
   12  0.22940531E+00
   13  0.22809710E+00
   14  0.22668646E+00
   15  0.22517613E+00
   16  0.22356707E+00
   17  0.22186400E+00
   18  0.22006954E+00
   19  0.21818781E+00
   20  0.21622041E+00
   21  0.21417232E+00
   22  0.21204711E+00
   23  0.20984685E+00
   24  0.20757696E+00
   25  0.20524125E+00
   26  0.20284237E+00
   27  0.20038533E+00
   28  0.19787379E+00
   29  0.19531183E+00
   30  0.19270399E+00
   31  0.19005345E+00
   32  0.18736443E+00
   33  0.18464072E+00
   34  0.18188815E+00
   35  0.17910789E+00
   36  0.17630546E+00
   37  0.17348491E+00
   38  0.17064930E+00
   39  0.16780323E+00
   40  0.16494806E+00
   41  0.16209005E+00
   42  0.15923099E+00
   43  0.15637513E+00
   44  0.15352482E+00
   45  0.15068376E+00
   46  0.14785446E+00
   47  0.14504029E+00
   48  0.14224358E+00
   49  0.13946621E+00
   50  0.13671209E+00
   51  0.13398257E+00
   52  0.13127974E+00
   53  0.12860629E+00
   54  0.12596324E+00
   55  0.12335331E+00
   56  0.12077702E+00
   57  0.11823655E+00
   58  0.11573274E+00
   59  0.11326727E+00
   60  0.11084051E+00
   61  0.10845391E+00
   62  0.10610775E+00
   63  0.10380203E+00
   64  0.10153912E+00
   65  0.99318676E-01
   66  0.97140633E-01
   67  0.95004976E-01
   68  0.92911787E-01
   69  0.90861686E-01
   70  0.88854522E-01
   71  0.86888947E-01
   72  0.84966190E-01
   73  0.83084539E-01
   74  0.81244811E-01
   75  0.79445899E-01
   76  0.77686623E-01
   77  0.75967371E-01
   78  0.74286781E-01
   79  0.72644845E-01
   80  0.71040176E-01
   81  0.69472313E-01
   82  0.67940250E-01
   83  0.66443145E-01
   84  0.64980574E-01
   85  0.63550733E-01
   86  0.62153965E-01
   87  0.60789302E-01
   88  0.59454352E-01
   89  0.58149591E-01
   90  0.56873847E-01
   91  0.55625938E-01
   92  0.54405749E-01
   93  0.53211682E-01
   94  0.52043233E-01
   95  0.50899535E-01
   96  0.49780376E-01
   97  0.48684526E-01
   98  0.47610670E-01
   99  0.46559177E-01
  100  0.45528840E-01
  101  0.44518735E-01
  102  0.43529034E-01
  103  0.42558458E-01
  104  0.41606918E-01
  105  0.40673539E-01
  106  0.39758537E-01
  107  0.38860396E-01
  108  0.37979569E-01
  109  0.37115041E-01
  110  0.36266875E-01
  111  0.35434745E-01
  112  0.34617938E-01
  113  0.33816524E-01
  114  0.33030063E-01
  115  0.32258589E-01
  116  0.31501543E-01
  117  0.30758979E-01
  118  0.30030485E-01
  119  0.29316256E-01
  120  0.28615791E-01
  121  0.27929146E-01
  122  0.27256243E-01
  123  0.26596768E-01
  124  0.25950868E-01
  125  0.25318392E-01
  126  0.24699381E-01
  127  0.24093531E-01
  128  0.23501234E-01
  129  0.22921873E-01
  130  0.22355556E-01
  131  0.21802554E-01
  132  0.21262659E-01
  133  0.20735789E-01
  134  0.20221753E-01
  135  0.19720914E-01
  136  0.19232767E-01
  137  0.18757628E-01
  138  0.18295377E-01
  139  0.17845821E-01
  140  0.17408825E-01
  141  0.16984683E-01
  142  0.16572991E-01
  143  0.16173754E-01
  144  0.15787007E-01
  145  0.15412651E-01
  146  0.15050488E-01
  147  0.14700472E-01
  148  0.14362450E-01
  149  0.14036457E-01
  150  0.13722301E-01
  151  0.13419844E-01
  152  0.13129172E-01
  153  0.12849764E-01
  154  0.12581732E-01
  155  0.12324982E-01
  156  0.12079374E-01
  157  0.11844893E-01
  158  0.11621124E-01
  159  0.11408028E-01
  160  0.11205410E-01
  161  0.11013403E-01
  162  0.10831747E-01
  163  0.10660250E-01
  164  0.10498840E-01
  165  0.10347353E-01
  166  0.10205662E-01
  167  0.10073694E-01
  168  0.99513214E-02
  169  0.98384582E-02
  170  0.97349118E-02
  171  0.96406499E-02
  172  0.95557664E-02
  173  0.94797527E-02
  174  0.94130123E-02
  175  0.93551567E-02
  176  0.93062306E-02
  177  0.92662144E-02
  178  0.92350496E-02
  179  0.92126820E-02
  180  0.91990773E-02
  181  0.91942176E-02
  182  0.91980118E-02
  183  0.92108306E-02
  184  0.92322184E-02
  185  0.92625124E-02
  186  0.93015395E-02
  187  0.93495138E-02
  188  0.94064530E-02
  189  0.94722426E-02
  190  0.95471414E-02
  191  0.96312640E-02
  192  0.97243935E-02
  193  0.98268716E-02
  194  0.99387551E-02
  195  0.10059977E-01
  196  0.10190947E-01
  197  0.10331539E-01
  198  0.10482023E-01
  199  0.10642346E-01
  200  0.10812676E-01
  201  0.10993239E-01
  202  0.11184117E-01
  203  0.11385527E-01
  204  0.11597246E-01
  205  0.11819840E-01
  206  0.12053171E-01
  207  0.12297731E-01
  208  0.12553087E-01
  209  0.12819769E-01
  210  0.13097885E-01
  211  0.13387461E-01
  212  0.13688434E-01
  213  0.14001154E-01
  214  0.14326100E-01
  215  0.14662447E-01
  216  0.15011168E-01
  217  0.15371930E-01
  218  0.15744941E-01
  219  0.16130321E-01
  220  0.16528187E-01
  221  0.16938474E-01
  222  0.17361354E-01
  223  0.17796714E-01
  224  0.18245159E-01
  225  0.18706039E-01
  226  0.19179756E-01
  227  0.19666336E-01
  228  0.20166071E-01
  229  0.20678859E-01
  230  0.21204516E-01
  231  0.21743100E-01
  232  0.22294926E-01
  233  0.22859756E-01
  234  0.23438042E-01
  235  0.24029406E-01
  236  0.24634194E-01
  237  0.25252303E-01
  238  0.25883744E-01
  239  0.26528614E-01
  240  0.27187126E-01
  241  0.27859386E-01
  242  0.28545408E-01
  243  0.29245093E-01
  244  0.29958660E-01
  245  0.30686742E-01
  246  0.31428788E-01
  247  0.32185428E-01
  248  0.32956775E-01
  249  0.33742879E-01
  250  0.34544315E-01
  251  0.35360761E-01
  252  0.36193203E-01
  253  0.37041400E-01
  254  0.37906002E-01
  255  0.38787391E-01
  256  0.39685648E-01
  257  0.40601589E-01
  258  0.41535199E-01
  259  0.42487618E-01
  260  0.43458834E-01
  261  0.44449378E-01
  262  0.45460161E-01
  263  0.46491608E-01
  264  0.47544587E-01
  265  0.48619535E-01
  266  0.49716864E-01
  267  0.50837744E-01
  268  0.51982578E-01
  269  0.53152725E-01
  270  0.54348417E-01
  271  0.55570487E-01
  272  0.56820158E-01
  273  0.58097813E-01
  274  0.59404645E-01
  275  0.60741048E-01
  276  0.62108677E-01
  277  0.63507415E-01
  278  0.64939573E-01
  279  0.66404678E-01
  280  0.67903876E-01
  281  0.69438040E-01
  282  0.71008705E-01
  283  0.72615705E-01
  284  0.74260339E-01
  285  0.75943336E-01
  286  0.77665247E-01
  287  0.79426602E-01
  288  0.81228115E-01
  289  0.83070993E-01
  290  0.84954605E-01
  291  0.86880386E-01
  292  0.88847719E-01
  293  0.90857625E-01
  294  0.92910074E-01
  295  0.95005639E-01
  296  0.97143300E-01
  297  0.99324211E-01
  298  0.10154691E+00
  299  0.10381202E+00
  300  0.10611930E+00
  301  0.10846730E+00
  302  0.11085602E+00
  303  0.11328472E+00
  304  0.11575267E+00
  305  0.11825749E+00
  306  0.12079968E+00
  307  0.12337702E+00
  308  0.12598877E+00
  309  0.12863302E+00
  310  0.13130729E+00
  311  0.13401143E+00
  312  0.13674173E+00
  313  0.13949689E+00
  314  0.14227335E+00
  315  0.14507163E+00
  316  0.14788634E+00
  317  0.15071566E+00
  318  0.15355714E+00
  319  0.15640786E+00
  320  0.15926363E+00
  321  0.16212274E+00
  322  0.16498028E+00
  323  0.16783459E+00
  324  0.17068124E+00
  325  0.17351581E+00
  326  0.17633632E+00
  327  0.17913854E+00
  328  0.18191718E+00
  329  0.18466999E+00
  330  0.18739258E+00
  331  0.19008076E+00
  332  0.19273022E+00
  333  0.19533724E+00
  334  0.19789782E+00
  335  0.20040904E+00
  336  0.20286489E+00
  337  0.20526275E+00
  338  0.20759805E+00
  339  0.20986713E+00
  340  0.21206538E+00
  341  0.21419045E+00
  342  0.21623768E+00
  343  0.21820365E+00
  344  0.22008431E+00
  345  0.22187769E+00
  346  0.22358012E+00
  347  0.22518770E+00
  348  0.22669771E+00
  349  0.22810756E+00
  350  0.22941457E+00
  351  0.23061669E+00
  352  0.23171139E+00
  353  0.23269668E+00
  354  0.23356977E+00
  355  0.23432958E+00
  356  0.23497611E+00
  357  0.23550649E+00
  358  0.23591988E+00
  359  0.23621556E+00
  360  0.23639344E+00
 ]; 
