spt = [ 
    1  0.11829862E-08
    2  0.10773893E-08
    3  0.97433017E-09
    4  0.87466029E-09
    5  0.78256429E-09
    6  0.69427675E-09
    7  0.61102351E-09
    8  0.53431293E-09
    9  0.46169832E-09
   10  0.39380471E-09
   11  0.33046335E-09
   12  0.27414129E-09
   13  0.22138100E-09
   14  0.17507142E-09
   15  0.13404564E-09
   16  0.98401079E-10
   17  0.68325554E-10
   18  0.43246740E-10
   19  0.24078559E-10
   20  0.10816158E-10
   21  0.25141712E-11
   22  0.17851560E-12
   23  0.32443809E-11
   24  0.12060180E-10
   25  0.25919196E-10
   26  0.46124340E-10
   27  0.71693984E-10
   28  0.10286507E-09
   29  0.13862876E-09
   30  0.18070292E-09
   31  0.22795546E-09
   32  0.27954353E-09
   33  0.33738090E-09
   34  0.39971967E-09
   35  0.46701265E-09
   36  0.53907001E-09
   37  0.61701994E-09
   38  0.69937078E-09
   39  0.78707330E-09
   40  0.87620577E-09
   41  0.96825958E-09
   42  0.10695186E-08
   43  0.11684551E-08
   44  0.12772694E-08
   45  0.13851491E-08
   46  0.14964885E-08
   47  0.16192845E-08
   48  0.17366076E-08
   49  0.18565908E-08
   50  0.19780166E-08
   51  0.21039319E-08
   52  0.22392739E-08
   53  0.23580944E-08
   54  0.24952231E-08
   55  0.26255043E-08
   56  0.27643705E-08
   57  0.28951455E-08
   58  0.30278020E-08
   59  0.31698850E-08
   60  0.32975256E-08
   61  0.34408540E-08
   62  0.35757195E-08
   63  0.37044148E-08
   64  0.38435242E-08
   65  0.39824388E-08
   66  0.41099124E-08
   67  0.42384052E-08
   68  0.43748365E-08
   69  0.44958743E-08
   70  0.46257469E-08
   71  0.47528061E-08
   72  0.48739106E-08
   73  0.49859472E-08
   74  0.51080029E-08
   75  0.52283715E-08
   76  0.53328946E-08
   77  0.54444036E-08
   78  0.55517231E-08
   79  0.56604157E-08
   80  0.57601808E-08
   81  0.58506311E-08
   82  0.59533072E-08
   83  0.60271494E-08
   84  0.61200147E-08
   85  0.61922067E-08
   86  0.62823116E-08
   87  0.63648367E-08
   88  0.64183729E-08
   89  0.64853802E-08
   90  0.65478396E-08
   91  0.65999362E-08
   92  0.66405432E-08
   93  0.66943273E-08
   94  0.67360570E-08
   95  0.67669359E-08
   96  0.67953074E-08
   97  0.68160793E-08
   98  0.68464705E-08
   99  0.68504060E-08
  100  0.68625408E-08
  101  0.68646977E-08
  102  0.68648442E-08
  103  0.68582464E-08
  104  0.68517978E-08
  105  0.68241675E-08
  106  0.68001249E-08
  107  0.67664039E-08
  108  0.67355073E-08
  109  0.66919612E-08
  110  0.66406987E-08
  111  0.65865855E-08
  112  0.65188646E-08
  113  0.64645453E-08
  114  0.64026886E-08
  115  0.63171330E-08
  116  0.62474430E-08
  117  0.61465908E-08
  118  0.60541709E-08
  119  0.59716023E-08
  120  0.58720588E-08
  121  0.57640328E-08
  122  0.56553171E-08
  123  0.55436922E-08
  124  0.54329146E-08
  125  0.53130154E-08
  126  0.51889781E-08
  127  0.50688058E-08
  128  0.49469060E-08
  129  0.48165596E-08
  130  0.46826010E-08
  131  0.45540314E-08
  132  0.44184394E-08
  133  0.42887907E-08
  134  0.41535451E-08
  135  0.40247099E-08
  136  0.38789505E-08
  137  0.37592893E-08
  138  0.36215873E-08
  139  0.34907106E-08
  140  0.33572782E-08
  141  0.32295386E-08
  142  0.31040572E-08
  143  0.29807434E-08
  144  0.28562537E-08
  145  0.27379328E-08
  146  0.26193385E-08
  147  0.25031686E-08
  148  0.23897679E-08
  149  0.22803288E-08
  150  0.21768327E-08
  151  0.20721920E-08
  152  0.19698214E-08
  153  0.18761426E-08
  154  0.17862638E-08
  155  0.16965096E-08
  156  0.16102125E-08
  157  0.15268269E-08
  158  0.14456654E-08
  159  0.13738333E-08
  160  0.13003244E-08
  161  0.12322582E-08
  162  0.11659026E-08
  163  0.11043183E-08
  164  0.10454445E-08
  165  0.99087993E-09
  166  0.93866848E-09
  167  0.89060970E-09
  168  0.84519747E-09
  169  0.80339124E-09
  170  0.76461265E-09
  171  0.72835027E-09
  172  0.69508777E-09
  173  0.66426736E-09
  174  0.63886352E-09
  175  0.61388755E-09
  176  0.59502220E-09
  177  0.57788424E-09
  178  0.56260213E-09
  179  0.55209448E-09
  180  0.54456045E-09
  181  0.54027505E-09
  182  0.53980093E-09
  183  0.54307769E-09
  184  0.54972427E-09
  185  0.56096006E-09
  186  0.57534821E-09
  187  0.59522598E-09
  188  0.61776267E-09
  189  0.64618255E-09
  190  0.67935479E-09
  191  0.71594303E-09
  192  0.75830675E-09
  193  0.80738599E-09
  194  0.86150453E-09
  195  0.91993346E-09
  196  0.98538133E-09
  197  0.10562829E-08
  198  0.11351383E-08
  199  0.12203260E-08
  200  0.13110613E-08
  201  0.14086540E-08
  202  0.15151325E-08
  203  0.16253050E-08
  204  0.17444303E-08
  205  0.18712132E-08
  206  0.20058570E-08
  207  0.21485527E-08
  208  0.22962827E-08
  209  0.24507822E-08
  210  0.26159528E-08
  211  0.27874891E-08
  212  0.29646827E-08
  213  0.31484115E-08
  214  0.33443910E-08
  215  0.35406875E-08
  216  0.37467114E-08
  217  0.39587387E-08
  218  0.41736352E-08
  219  0.43920125E-08
  220  0.46245372E-08
  221  0.48528515E-08
  222  0.50912132E-08
  223  0.53300497E-08
  224  0.55760214E-08
  225  0.58216352E-08
  226  0.60651222E-08
  227  0.63133072E-08
  228  0.65712067E-08
  229  0.68242345E-08
  230  0.70755086E-08
  231  0.73267086E-08
  232  0.75696871E-08
  233  0.78230080E-08
  234  0.80738713E-08
  235  0.83160447E-08
  236  0.85516199E-08
  237  0.87851308E-08
  238  0.90187759E-08
  239  0.92506500E-08
  240  0.94810249E-08
  241  0.96850608E-08
  242  0.98965298E-08
  243  0.10102227E-07
  244  0.10312609E-07
  245  0.10506448E-07
  246  0.10688916E-07
  247  0.10870645E-07
  248  0.11039157E-07
  249  0.11204773E-07
  250  0.11348417E-07
  251  0.11503666E-07
  252  0.11636298E-07
  253  0.11776149E-07
  254  0.11889212E-07
  255  0.12014569E-07
  256  0.12113724E-07
  257  0.12217490E-07
  258  0.12320439E-07
  259  0.12399207E-07
  260  0.12483817E-07
  261  0.12545193E-07
  262  0.12602690E-07
  263  0.12670833E-07
  264  0.12714277E-07
  265  0.12753095E-07
  266  0.12788269E-07
  267  0.12819335E-07
  268  0.12830630E-07
  269  0.12852868E-07
  270  0.12875043E-07
  271  0.12864624E-07
  272  0.12868156E-07
  273  0.12852796E-07
  274  0.12853236E-07
  275  0.12828526E-07
  276  0.12815650E-07
  277  0.12768997E-07
  278  0.12744783E-07
  279  0.12719875E-07
  280  0.12677323E-07
  281  0.12640528E-07
  282  0.12582486E-07
  283  0.12520071E-07
  284  0.12474827E-07
  285  0.12416706E-07
  286  0.12338773E-07
  287  0.12268742E-07
  288  0.12199465E-07
  289  0.12124699E-07
  290  0.12065760E-07
  291  0.11966134E-07
  292  0.11886964E-07
  293  0.11804413E-07
  294  0.11718186E-07
  295  0.11585074E-07
  296  0.11504502E-07
  297  0.11401933E-07
  298  0.11303330E-07
  299  0.11169512E-07
  300  0.11065470E-07
  301  0.10936922E-07
  302  0.10810734E-07
  303  0.10696048E-07
  304  0.10555869E-07
  305  0.10433935E-07
  306  0.10295633E-07
  307  0.10162921E-07
  308  0.10015426E-07
  309  0.98688302E-08
  310  0.97284927E-08
  311  0.95594377E-08
  312  0.94156647E-08
  313  0.92525294E-08
  314  0.91010586E-08
  315  0.89309005E-08
  316  0.87647427E-08
  317  0.85841068E-08
  318  0.84239877E-08
  319  0.82461096E-08
  320  0.80655838E-08
  321  0.78850428E-08
  322  0.77005717E-08
  323  0.75149016E-08
  324  0.73387612E-08
  325  0.71483095E-08
  326  0.69596560E-08
  327  0.67803283E-08
  328  0.65884334E-08
  329  0.63947057E-08
  330  0.62085386E-08
  331  0.60159548E-08
  332  0.58286003E-08
  333  0.56387566E-08
  334  0.54412888E-08
  335  0.52579607E-08
  336  0.50713194E-08
  337  0.48845781E-08
  338  0.47022919E-08
  339  0.45177035E-08
  340  0.43333492E-08
  341  0.41532351E-08
  342  0.39757446E-08
  343  0.37994647E-08
  344  0.36284411E-08
  345  0.34536654E-08
  346  0.32871601E-08
  347  0.31226317E-08
  348  0.29588842E-08
  349  0.28009277E-08
  350  0.26447968E-08
  351  0.24902929E-08
  352  0.23405753E-08
  353  0.21945132E-08
  354  0.20567621E-08
  355  0.19214239E-08
  356  0.17848433E-08
  357  0.16559741E-08
  358  0.15312551E-08
  359  0.14067982E-08
  360  0.12964109E-08
 ]; 
