spt = [ 
    1  0.31446579E-09
    2  0.31509687E-09
    3  0.32069095E-09
    4  0.32736008E-09
    5  0.33748027E-09
    6  0.35050793E-09
    7  0.36467590E-09
    8  0.38289294E-09
    9  0.40404266E-09
   10  0.42783196E-09
   11  0.45284065E-09
   12  0.48068133E-09
   13  0.50980603E-09
   14  0.54377780E-09
   15  0.57715971E-09
   16  0.61447170E-09
   17  0.65291372E-09
   18  0.69434863E-09
   19  0.73764678E-09
   20  0.78258383E-09
   21  0.82784102E-09
   22  0.87497182E-09
   23  0.92532565E-09
   24  0.97796926E-09
   25  0.10285068E-08
   26  0.10817892E-08
   27  0.11352130E-08
   28  0.11900348E-08
   29  0.12510949E-08
   30  0.13082607E-08
   31  0.13677435E-08
   32  0.14248606E-08
   33  0.14858169E-08
   34  0.15451592E-08
   35  0.16045216E-08
   36  0.16682745E-08
   37  0.17291630E-08
   38  0.17909388E-08
   39  0.18502792E-08
   40  0.19141937E-08
   41  0.19757735E-08
   42  0.20364681E-08
   43  0.21005411E-08
   44  0.21596263E-08
   45  0.22200537E-08
   46  0.22839981E-08
   47  0.23482987E-08
   48  0.24053515E-08
   49  0.24616871E-08
   50  0.25240019E-08
   51  0.25913167E-08
   52  0.26425977E-08
   53  0.27094305E-08
   54  0.27639981E-08
   55  0.28197729E-08
   56  0.28802032E-08
   57  0.29461418E-08
   58  0.29931801E-08
   59  0.30535412E-08
   60  0.31179097E-08
   61  0.31771419E-08
   62  0.32291319E-08
   63  0.32846008E-08
   64  0.33429746E-08
   65  0.34044829E-08
   66  0.34663119E-08
   67  0.35201781E-08
   68  0.35757213E-08
   69  0.36326955E-08
   70  0.36872594E-08
   71  0.37487786E-08
   72  0.38128158E-08
   73  0.38665982E-08
   74  0.39212003E-08
   75  0.39795247E-08
   76  0.40389625E-08
   77  0.40941379E-08
   78  0.41642827E-08
   79  0.42147610E-08
   80  0.42753179E-08
   81  0.43431556E-08
   82  0.44033701E-08
   83  0.44613562E-08
   84  0.45257118E-08
   85  0.45903961E-08
   86  0.46456350E-08
   87  0.47035127E-08
   88  0.47700031E-08
   89  0.48279030E-08
   90  0.48808997E-08
   91  0.49421414E-08
   92  0.50025641E-08
   93  0.50571858E-08
   94  0.51144986E-08
   95  0.51635247E-08
   96  0.52208691E-08
   97  0.52662465E-08
   98  0.53261018E-08
   99  0.53675109E-08
  100  0.54106515E-08
  101  0.54598610E-08
  102  0.55070388E-08
  103  0.55460609E-08
  104  0.55767311E-08
  105  0.56102509E-08
  106  0.56428830E-08
  107  0.56670335E-08
  108  0.56841092E-08
  109  0.57054730E-08
  110  0.57208371E-08
  111  0.57349250E-08
  112  0.57400475E-08
  113  0.57400320E-08
  114  0.57389382E-08
  115  0.57276646E-08
  116  0.57063025E-08
  117  0.56969394E-08
  118  0.56697336E-08
  119  0.56482761E-08
  120  0.56067186E-08
  121  0.55748774E-08
  122  0.55262492E-08
  123  0.54747682E-08
  124  0.54169917E-08
  125  0.53614371E-08
  126  0.52992473E-08
  127  0.52279781E-08
  128  0.51481615E-08
  129  0.50711217E-08
  130  0.49907030E-08
  131  0.48909929E-08
  132  0.48059476E-08
  133  0.47115778E-08
  134  0.46066768E-08
  135  0.45068522E-08
  136  0.43933674E-08
  137  0.42910648E-08
  138  0.41753170E-08
  139  0.40609951E-08
  140  0.39438919E-08
  141  0.38230739E-08
  142  0.37007619E-08
  143  0.35820922E-08
  144  0.34554066E-08
  145  0.33329273E-08
  146  0.32061240E-08
  147  0.30849303E-08
  148  0.29585621E-08
  149  0.28344893E-08
  150  0.27125766E-08
  151  0.25874551E-08
  152  0.24696052E-08
  153  0.23443911E-08
  154  0.22263431E-08
  155  0.21101023E-08
  156  0.19966189E-08
  157  0.18840220E-08
  158  0.17725033E-08
  159  0.16655124E-08
  160  0.15597161E-08
  161  0.14576134E-08
  162  0.13563256E-08
  163  0.12588878E-08
  164  0.11641320E-08
  165  0.10748918E-08
  166  0.98503861E-09
  167  0.90369623E-09
  168  0.82054580E-09
  169  0.74413570E-09
  170  0.66902273E-09
  171  0.59845512E-09
  172  0.53196814E-09
  173  0.46801613E-09
  174  0.40921572E-09
  175  0.35341438E-09
  176  0.30178690E-09
  177  0.25345637E-09
  178  0.21030476E-09
  179  0.16990918E-09
  180  0.13418046E-09
  181  0.10189326E-09
  182  0.74671810E-10
  183  0.51421260E-10
  184  0.32510047E-10
  185  0.18112458E-10
  186  0.82378193E-11
  187  0.28244080E-11
  188  0.21749282E-11
  189  0.62365859E-11
  190  0.15228185E-10
  191  0.29088759E-10
  192  0.47782056E-10
  193  0.71993668E-10
  194  0.10049397E-09
  195  0.13501837E-09
  196  0.17449525E-09
  197  0.21867051E-09
  198  0.26853206E-09
  199  0.32472899E-09
  200  0.38496012E-09
  201  0.45070131E-09
  202  0.52228050E-09
  203  0.59895633E-09
  204  0.68039713E-09
  205  0.76748818E-09
  206  0.86063906E-09
  207  0.95595598E-09
  208  0.10568073E-08
  209  0.11650163E-08
  210  0.12757854E-08
  211  0.13901807E-08
  212  0.15079880E-08
  213  0.16302100E-08
  214  0.17568520E-08
  215  0.18840156E-08
  216  0.20157862E-08
  217  0.21520541E-08
  218  0.22898983E-08
  219  0.24264379E-08
  220  0.25653693E-08
  221  0.27059566E-08
  222  0.28468765E-08
  223  0.29895182E-08
  224  0.31301457E-08
  225  0.32733902E-08
  226  0.34071566E-08
  227  0.35454890E-08
  228  0.36872085E-08
  229  0.38131649E-08
  230  0.39531249E-08
  231  0.40791868E-08
  232  0.42061394E-08
  233  0.43260111E-08
  234  0.44365147E-08
  235  0.45563207E-08
  236  0.46629864E-08
  237  0.47585726E-08
  238  0.48623363E-08
  239  0.49583506E-08
  240  0.50453317E-08
  241  0.51189954E-08
  242  0.51969278E-08
  243  0.52625557E-08
  244  0.53266489E-08
  245  0.53792655E-08
  246  0.54415632E-08
  247  0.54840239E-08
  248  0.55242069E-08
  249  0.55526659E-08
  250  0.55831642E-08
  251  0.56023595E-08
  252  0.56143019E-08
  253  0.56288858E-08
  254  0.56249161E-08
  255  0.56326299E-08
  256  0.56288592E-08
  257  0.56101617E-08
  258  0.56003420E-08
  259  0.55745888E-08
  260  0.55601781E-08
  261  0.55269402E-08
  262  0.54966156E-08
  263  0.54663176E-08
  264  0.54273412E-08
  265  0.53817710E-08
  266  0.53445879E-08
  267  0.52975864E-08
  268  0.52465117E-08
  269  0.51966684E-08
  270  0.51434550E-08
  271  0.50979576E-08
  272  0.50355680E-08
  273  0.49740123E-08
  274  0.49163278E-08
  275  0.48493645E-08
  276  0.48070086E-08
  277  0.47323749E-08
  278  0.46720099E-08
  279  0.46073030E-08
  280  0.45404298E-08
  281  0.44806279E-08
  282  0.44076449E-08
  283  0.43540145E-08
  284  0.42941721E-08
  285  0.42197414E-08
  286  0.41547898E-08
  287  0.40958170E-08
  288  0.40254253E-08
  289  0.39698831E-08
  290  0.38962655E-08
  291  0.38318064E-08
  292  0.37637595E-08
  293  0.37098267E-08
  294  0.36433174E-08
  295  0.35776002E-08
  296  0.35166148E-08
  297  0.34483385E-08
  298  0.33919945E-08
  299  0.33291034E-08
  300  0.32647967E-08
  301  0.31972409E-08
  302  0.31353862E-08
  303  0.30717655E-08
  304  0.30142937E-08
  305  0.29453269E-08
  306  0.28818408E-08
  307  0.28194229E-08
  308  0.27545859E-08
  309  0.26963256E-08
  310  0.26309825E-08
  311  0.25665747E-08
  312  0.25033216E-08
  313  0.24401265E-08
  314  0.23771218E-08
  315  0.23124715E-08
  316  0.22492290E-08
  317  0.21856037E-08
  318  0.21252087E-08
  319  0.20576474E-08
  320  0.19935673E-08
  321  0.19340285E-08
  322  0.18670228E-08
  323  0.18058981E-08
  324  0.17440441E-08
  325  0.16812080E-08
  326  0.16212833E-08
  327  0.15609797E-08
  328  0.14966745E-08
  329  0.14395054E-08
  330  0.13750426E-08
  331  0.13169447E-08
  332  0.12615040E-08
  333  0.12040065E-08
  334  0.11488084E-08
  335  0.10930232E-08
  336  0.10392329E-08
  337  0.98706099E-09
  338  0.93627406E-09
  339  0.88599905E-09
  340  0.83906876E-09
  341  0.79332518E-09
  342  0.74787226E-09
  343  0.70620682E-09
  344  0.66401840E-09
  345  0.62541577E-09
  346  0.58903737E-09
  347  0.55307087E-09
  348  0.51956128E-09
  349  0.48971271E-09
  350  0.46142584E-09
  351  0.43407569E-09
  352  0.41085488E-09
  353  0.39049600E-09
  354  0.37170525E-09
  355  0.35495609E-09
  356  0.34128061E-09
  357  0.33035474E-09
  358  0.32233238E-09
  359  0.31568692E-09
  360  0.31322087E-09
 ]; 
