spt = [ 
    1  0.18946011E-08
    2  0.18266081E-08
    3  0.17624875E-08
    4  0.16967955E-08
    5  0.16411053E-08
    6  0.15883735E-08
    7  0.15379402E-08
    8  0.14917144E-08
    9  0.14499357E-08
   10  0.14068877E-08
   11  0.13729257E-08
   12  0.13404493E-08
   13  0.13134790E-08
   14  0.12849815E-08
   15  0.12596701E-08
   16  0.12386073E-08
   17  0.12213223E-08
   18  0.12047642E-08
   19  0.11939667E-08
   20  0.11847601E-08
   21  0.11747138E-08
   22  0.11696589E-08
   23  0.11666469E-08
   24  0.11659316E-08
   25  0.11678332E-08
   26  0.11703390E-08
   27  0.11770138E-08
   28  0.11832981E-08
   29  0.11920516E-08
   30  0.12043760E-08
   31  0.12175542E-08
   32  0.12323945E-08
   33  0.12487715E-08
   34  0.12678744E-08
   35  0.12893707E-08
   36  0.13089192E-08
   37  0.13349981E-08
   38  0.13572664E-08
   39  0.13836230E-08
   40  0.14153625E-08
   41  0.14388088E-08
   42  0.14707660E-08
   43  0.15046987E-08
   44  0.15318123E-08
   45  0.15616884E-08
   46  0.15968222E-08
   47  0.16313276E-08
   48  0.16658451E-08
   49  0.17045207E-08
   50  0.17382890E-08
   51  0.17765103E-08
   52  0.18039413E-08
   53  0.18436229E-08
   54  0.18754280E-08
   55  0.19148507E-08
   56  0.19466257E-08
   57  0.19815483E-08
   58  0.20111139E-08
   59  0.20395441E-08
   60  0.20681481E-08
   61  0.20952100E-08
   62  0.21240818E-08
   63  0.21450559E-08
   64  0.21653419E-08
   65  0.21873479E-08
   66  0.22108635E-08
   67  0.22188917E-08
   68  0.22278388E-08
   69  0.22421582E-08
   70  0.22481623E-08
   71  0.22473394E-08
   72  0.22436288E-08
   73  0.22468207E-08
   74  0.22368121E-08
   75  0.22301609E-08
   76  0.22187459E-08
   77  0.21980768E-08
   78  0.21755215E-08
   79  0.21602242E-08
   80  0.21377839E-08
   81  0.21055424E-08
   82  0.20758542E-08
   83  0.20422031E-08
   84  0.20023083E-08
   85  0.19582094E-08
   86  0.19144664E-08
   87  0.18672730E-08
   88  0.18175010E-08
   89  0.17632364E-08
   90  0.17065839E-08
   91  0.16584188E-08
   92  0.16000468E-08
   93  0.15387044E-08
   94  0.14818612E-08
   95  0.14207562E-08
   96  0.13558787E-08
   97  0.12995773E-08
   98  0.12289938E-08
   99  0.11700273E-08
  100  0.10997333E-08
  101  0.10372095E-08
  102  0.97215191E-09
  103  0.91266505E-09
  104  0.84857488E-09
  105  0.78654855E-09
  106  0.72938827E-09
  107  0.66833306E-09
  108  0.61354460E-09
  109  0.55729071E-09
  110  0.50354748E-09
  111  0.45457282E-09
  112  0.40445716E-09
  113  0.35888764E-09
  114  0.31467659E-09
  115  0.27466418E-09
  116  0.23578112E-09
  117  0.20039839E-09
  118  0.16741759E-09
  119  0.13717054E-09
  120  0.11224812E-09
  121  0.87740086E-10
  122  0.66366850E-10
  123  0.48073118E-10
  124  0.33484392E-10
  125  0.22191216E-10
  126  0.14037402E-10
  127  0.79837690E-11
  128  0.47483215E-11
  129  0.46315720E-11
  130  0.73482314E-11
  131  0.12603410E-10
  132  0.20199174E-10
  133  0.30271025E-10
  134  0.42488596E-10
  135  0.57549094E-10
  136  0.74243382E-10
  137  0.93433532E-10
  138  0.11370509E-09
  139  0.13563367E-09
  140  0.15860825E-09
  141  0.18452982E-09
  142  0.21039114E-09
  143  0.23821370E-09
  144  0.26610858E-09
  145  0.29419020E-09
  146  0.32488828E-09
  147  0.35450751E-09
  148  0.38630751E-09
  149  0.41464474E-09
  150  0.44674986E-09
  151  0.47700449E-09
  152  0.50784904E-09
  153  0.53750432E-09
  154  0.56738825E-09
  155  0.59729172E-09
  156  0.62584415E-09
  157  0.65311478E-09
  158  0.68127010E-09
  159  0.70849954E-09
  160  0.73407086E-09
  161  0.75715062E-09
  162  0.78055695E-09
  163  0.80320667E-09
  164  0.82350804E-09
  165  0.84306889E-09
  166  0.86094387E-09
  167  0.87870905E-09
  168  0.89482943E-09
  169  0.90976615E-09
  170  0.92316876E-09
  171  0.93664887E-09
  172  0.94558639E-09
  173  0.95696095E-09
  174  0.96688635E-09
  175  0.97309594E-09
  176  0.97923669E-09
  177  0.98496034E-09
  178  0.98903763E-09
  179  0.99254804E-09
  180  0.99497632E-09
  181  0.99601005E-09
  182  0.99602138E-09
  183  0.99722119E-09
  184  0.99570785E-09
  185  0.99393871E-09
  186  0.99170316E-09
  187  0.98959374E-09
  188  0.98567676E-09
  189  0.98264863E-09
  190  0.97796315E-09
  191  0.97490949E-09
  192  0.97065089E-09
  193  0.96676933E-09
  194  0.96118635E-09
  195  0.95825781E-09
  196  0.95451946E-09
  197  0.95054054E-09
  198  0.94538011E-09
  199  0.94404073E-09
  200  0.94124353E-09
  201  0.93946195E-09
  202  0.94014330E-09
  203  0.93779928E-09
  204  0.94007613E-09
  205  0.94101837E-09
  206  0.94301678E-09
  207  0.94915142E-09
  208  0.95491282E-09
  209  0.96033625E-09
  210  0.97064667E-09
  211  0.98092856E-09
  212  0.99185071E-09
  213  0.10064577E-08
  214  0.10220663E-08
  215  0.10407063E-08
  216  0.10611160E-08
  217  0.10837623E-08
  218  0.11090585E-08
  219  0.11365340E-08
  220  0.11675177E-08
  221  0.11998710E-08
  222  0.12365631E-08
  223  0.12757484E-08
  224  0.13198064E-08
  225  0.13629956E-08
  226  0.14100985E-08
  227  0.14649533E-08
  228  0.15201259E-08
  229  0.15786948E-08
  230  0.16385158E-08
  231  0.17007126E-08
  232  0.17736459E-08
  233  0.18480331E-08
  234  0.19219677E-08
  235  0.20047628E-08
  236  0.20854245E-08
  237  0.21754718E-08
  238  0.22669349E-08
  239  0.23609696E-08
  240  0.24536251E-08
  241  0.25541109E-08
  242  0.26570115E-08
  243  0.27667173E-08
  244  0.28771205E-08
  245  0.29955889E-08
  246  0.31116825E-08
  247  0.32364118E-08
  248  0.33539040E-08
  249  0.34829033E-08
  250  0.36098402E-08
  251  0.37406593E-08
  252  0.38731067E-08
  253  0.40143591E-08
  254  0.41480823E-08
  255  0.42848680E-08
  256  0.44284794E-08
  257  0.45739905E-08
  258  0.47096456E-08
  259  0.48515703E-08
  260  0.49925974E-08
  261  0.51367510E-08
  262  0.52854503E-08
  263  0.54286686E-08
  264  0.55712639E-08
  265  0.57264944E-08
  266  0.58563834E-08
  267  0.60124137E-08
  268  0.61515384E-08
  269  0.62920020E-08
  270  0.64163697E-08
  271  0.65697976E-08
  272  0.67106734E-08
  273  0.68424244E-08
  274  0.69607640E-08
  275  0.71007298E-08
  276  0.72212387E-08
  277  0.73435316E-08
  278  0.74529698E-08
  279  0.75858431E-08
  280  0.76903071E-08
  281  0.78012627E-08
  282  0.79109137E-08
  283  0.79943092E-08
  284  0.80887270E-08
  285  0.81665608E-08
  286  0.82585245E-08
  287  0.83303524E-08
  288  0.83966913E-08
  289  0.84707859E-08
  290  0.85258804E-08
  291  0.85892395E-08
  292  0.86247649E-08
  293  0.86661887E-08
  294  0.87055518E-08
  295  0.87259124E-08
  296  0.87491348E-08
  297  0.87652845E-08
  298  0.87702086E-08
  299  0.87703755E-08
  300  0.87675449E-08
  301  0.87428527E-08
  302  0.87180085E-08
  303  0.87035623E-08
  304  0.86562224E-08
  305  0.86197778E-08
  306  0.85676959E-08
  307  0.85064293E-08
  308  0.84472278E-08
  309  0.83842089E-08
  310  0.83065457E-08
  311  0.82245268E-08
  312  0.81354097E-08
  313  0.80272748E-08
  314  0.79456344E-08
  315  0.78331990E-08
  316  0.77245756E-08
  317  0.76028090E-08
  318  0.74834237E-08
  319  0.73537914E-08
  320  0.72243154E-08
  321  0.70898998E-08
  322  0.69582629E-08
  323  0.68132406E-08
  324  0.66713737E-08
  325  0.65209322E-08
  326  0.63831189E-08
  327  0.62286065E-08
  328  0.60765224E-08
  329  0.59181118E-08
  330  0.57703842E-08
  331  0.56072085E-08
  332  0.54519247E-08
  333  0.52962803E-08
  334  0.51483493E-08
  335  0.49896380E-08
  336  0.48375237E-08
  337  0.46817643E-08
  338  0.45345301E-08
  339  0.43811483E-08
  340  0.42340789E-08
  341  0.40854045E-08
  342  0.39530761E-08
  343  0.38062744E-08
  344  0.36662526E-08
  345  0.35368528E-08
  346  0.34040732E-08
  347  0.32797798E-08
  348  0.31548704E-08
  349  0.30316203E-08
  350  0.29184379E-08
  351  0.28059737E-08
  352  0.26931186E-08
  353  0.25871001E-08
  354  0.24868676E-08
  355  0.23897797E-08
  356  0.22976741E-08
  357  0.22073134E-08
  358  0.21233895E-08
  359  0.20432167E-08
  360  0.19657451E-08
 ]; 
