stt = [ 
    1  0.23690681E+00
    2  0.23685099E+00
    3  0.23667538E+00
    4  0.23638131E+00
    5  0.23597005E+00
    6  0.23544100E+00
    7  0.23479597E+00
    8  0.23403692E+00
    9  0.23316269E+00
   10  0.23217727E+00
   11  0.23108079E+00
   12  0.22987767E+00
   13  0.22856936E+00
   14  0.22715820E+00
   15  0.22564584E+00
   16  0.22403504E+00
   17  0.22233038E+00
   18  0.22053339E+00
   19  0.21864919E+00
   20  0.21667857E+00
   21  0.21462746E+00
   22  0.21249816E+00
   23  0.21029390E+00
   24  0.20802005E+00
   25  0.20567898E+00
   26  0.20327552E+00
   27  0.20081441E+00
   28  0.19829717E+00
   29  0.19572997E+00
   30  0.19311583E+00
   31  0.19045889E+00
   32  0.18776385E+00
   33  0.18503462E+00
   34  0.18227449E+00
   35  0.17948806E+00
   36  0.17667951E+00
   37  0.17385104E+00
   38  0.17100810E+00
   39  0.16815399E+00
   40  0.16529270E+00
   41  0.16242678E+00
   42  0.15956107E+00
   43  0.15669721E+00
   44  0.15383950E+00
   45  0.15099123E+00
   46  0.14815485E+00
   47  0.14533246E+00
   48  0.14252838E+00
   49  0.13974360E+00
   50  0.13698289E+00
   51  0.13424590E+00
   52  0.13153639E+00
   53  0.12885572E+00
   54  0.12620568E+00
   55  0.12358837E+00
   56  0.12100577E+00
   57  0.11845836E+00
   58  0.11594792E+00
   59  0.11347547E+00
   60  0.11104231E+00
   61  0.10864902E+00
   62  0.10629713E+00
   63  0.10398635E+00
   64  0.10171735E+00
   65  0.99491157E-01
   66  0.97307228E-01
   67  0.95165633E-01
   68  0.93067721E-01
   69  0.91011919E-01
   70  0.88999651E-01
   71  0.87029070E-01
   72  0.85101292E-01
   73  0.83215237E-01
   74  0.81370756E-01
   75  0.79566717E-01
   76  0.77803373E-01
   77  0.76079704E-01
   78  0.74394718E-01
   79  0.72748557E-01
   80  0.71140066E-01
   81  0.69567494E-01
   82  0.68031743E-01
   83  0.66531353E-01
   84  0.65064661E-01
   85  0.63631266E-01
   86  0.62230762E-01
   87  0.60862284E-01
   88  0.59524253E-01
   89  0.58215860E-01
   90  0.56936633E-01
   91  0.55685692E-01
   92  0.54462414E-01
   93  0.53265281E-01
   94  0.52093882E-01
   95  0.50947245E-01
   96  0.49824905E-01
   97  0.48725549E-01
   98  0.47649566E-01
   99  0.46595357E-01
  100  0.45562170E-01
  101  0.44549938E-01
  102  0.43557521E-01
  103  0.42584740E-01
  104  0.41631047E-01
  105  0.40695544E-01
  106  0.39778151E-01
  107  0.38878273E-01
  108  0.37995126E-01
  109  0.37128966E-01
  110  0.36278974E-01
  111  0.35444837E-01
  112  0.34626774E-01
  113  0.33823851E-01
  114  0.33035908E-01
  115  0.32263074E-01
  116  0.31504955E-01
  117  0.30761270E-01
  118  0.30031573E-01
  119  0.29316416E-01
  120  0.28615154E-01
  121  0.27927650E-01
  122  0.27253766E-01
  123  0.26593894E-01
  124  0.25947565E-01
  125  0.25314813E-01
  126  0.24695443E-01
  127  0.24089430E-01
  128  0.23496682E-01
  129  0.22917373E-01
  130  0.22351036E-01
  131  0.21797946E-01
  132  0.21258270E-01
  133  0.20731511E-01
  134  0.20217765E-01
  135  0.19717222E-01
  136  0.19229468E-01
  137  0.18754695E-01
  138  0.18292785E-01
  139  0.17843772E-01
  140  0.17407447E-01
  141  0.16983852E-01
  142  0.16572729E-01
  143  0.16174221E-01
  144  0.15788168E-01
  145  0.15414448E-01
  146  0.15052988E-01
  147  0.14703787E-01
  148  0.14366650E-01
  149  0.14041426E-01
  150  0.13728122E-01
  151  0.13426418E-01
  152  0.13136382E-01
  153  0.12857955E-01
  154  0.12591003E-01
  155  0.12334995E-01
  156  0.12090341E-01
  157  0.11856713E-01
  158  0.11633432E-01
  159  0.11421331E-01
  160  0.11219823E-01
  161  0.11028573E-01
  162  0.10847709E-01
  163  0.10677038E-01
  164  0.10516362E-01
  165  0.10365640E-01
  166  0.10224723E-01
  167  0.10093556E-01
  168  0.99718897E-02
  169  0.98596932E-02
  170  0.97569013E-02
  171  0.96633527E-02
  172  0.95790820E-02
  173  0.95037166E-02
  174  0.94375676E-02
  175  0.93802251E-02
  176  0.93319071E-02
  177  0.92923110E-02
  178  0.92617348E-02
  179  0.92395758E-02
  180  0.92267245E-02
  181  0.92222812E-02
  182  0.92265019E-02
  183  0.92395144E-02
  184  0.92613529E-02
  185  0.92918808E-02
  186  0.93314024E-02
  187  0.93796141E-02
  188  0.94367182E-02
  189  0.95028225E-02
  190  0.95779290E-02
  191  0.96621178E-02
  192  0.97555220E-02
  193  0.98580951E-02
  194  0.99701844E-02
  195  0.10091628E-01
  196  0.10222610E-01
  197  0.10363370E-01
  198  0.10513850E-01
  199  0.10674239E-01
  200  0.10844648E-01
  201  0.11025285E-01
  202  0.11216191E-01
  203  0.11417429E-01
  204  0.11629310E-01
  205  0.11852014E-01
  206  0.12085250E-01
  207  0.12329751E-01
  208  0.12585108E-01
  209  0.12851840E-01
  210  0.13129784E-01
  211  0.13419333E-01
  212  0.13720469E-01
  213  0.14033169E-01
  214  0.14357771E-01
  215  0.14694487E-01
  216  0.15043258E-01
  217  0.15403934E-01
  218  0.15776973E-01
  219  0.16162354E-01
  220  0.16560050E-01
  221  0.16970458E-01
  222  0.17393481E-01
  223  0.17828830E-01
  224  0.18277228E-01
  225  0.18738206E-01
  226  0.19212177E-01
  227  0.19698897E-01
  228  0.20198585E-01
  229  0.20711303E-01
  230  0.21236906E-01
  231  0.21775870E-01
  232  0.22327779E-01
  233  0.22892905E-01
  234  0.23471152E-01
  235  0.24062650E-01
  236  0.24667496E-01
  237  0.25285691E-01
  238  0.25917254E-01
  239  0.26562555E-01
  240  0.27221134E-01
  241  0.27893463E-01
  242  0.28579500E-01
  243  0.29279549E-01
  244  0.29993519E-01
  245  0.30721627E-01
  246  0.31463899E-01
  247  0.32220654E-01
  248  0.32992225E-01
  249  0.33778489E-01
  250  0.34579895E-01
  251  0.35396732E-01
  252  0.36229171E-01
  253  0.37077367E-01
  254  0.37942152E-01
  255  0.38823389E-01
  256  0.39721981E-01
  257  0.40637620E-01
  258  0.41571699E-01
  259  0.42523958E-01
  260  0.43495174E-01
  261  0.44485793E-01
  262  0.45496501E-01
  263  0.46527896E-01
  264  0.47580466E-01
  265  0.48655197E-01
  266  0.49752817E-01
  267  0.50873049E-01
  268  0.52018140E-01
  269  0.53187784E-01
  270  0.54383472E-01
  271  0.55605043E-01
  272  0.56854535E-01
  273  0.58132123E-01
  274  0.59438508E-01
  275  0.60774654E-01
  276  0.62142476E-01
  277  0.63540816E-01
  278  0.64972177E-01
  279  0.66436768E-01
  280  0.67936763E-01
  281  0.69470726E-01
  282  0.71041137E-01
  283  0.72647892E-01
  284  0.74292511E-01
  285  0.75975828E-01
  286  0.77697970E-01
  287  0.79459488E-01
  288  0.81261739E-01
  289  0.83104320E-01
  290  0.84988959E-01
  291  0.86915076E-01
  292  0.88883772E-01
  293  0.90895265E-01
  294  0.92948705E-01
  295  0.95045008E-01
  296  0.97185031E-01
  297  0.99367112E-01
  298  0.10159223E+00
  299  0.10385934E+00
  300  0.10616893E+00
  301  0.10851946E+00
  302  0.11091139E+00
  303  0.11334245E+00
  304  0.11581375E+00
  305  0.11832312E+00
  306  0.12086882E+00
  307  0.12345051E+00
  308  0.12606610E+00
  309  0.12871484E+00
  310  0.13139430E+00
  311  0.13410315E+00
  312  0.13683909E+00
  313  0.13959944E+00
  314  0.14238299E+00
  315  0.14518644E+00
  316  0.14800760E+00
  317  0.15084367E+00
  318  0.15369192E+00
  319  0.15654950E+00
  320  0.15941304E+00
  321  0.16227922E+00
  322  0.16514501E+00
  323  0.16800670E+00
  324  0.17086115E+00
  325  0.17370434E+00
  326  0.17653345E+00
  327  0.17934343E+00
  328  0.18213062E+00
  329  0.18489198E+00
  330  0.18762378E+00
  331  0.19032025E+00
  332  0.19297969E+00
  333  0.19559535E+00
  334  0.19816478E+00
  335  0.20068486E+00
  336  0.20314859E+00
  337  0.20555581E+00
  338  0.20790000E+00
  339  0.21017691E+00
  340  0.21238495E+00
  341  0.21451801E+00
  342  0.21657357E+00
  343  0.21854728E+00
  344  0.22043666E+00
  345  0.22223768E+00
  346  0.22394763E+00
  347  0.22556265E+00
  348  0.22708119E+00
  349  0.22849762E+00
  350  0.22981255E+00
  351  0.23102015E+00
  352  0.23212217E+00
  353  0.23311257E+00
  354  0.23399231E+00
  355  0.23475863E+00
  356  0.23540980E+00
  357  0.23594494E+00
  358  0.23636270E+00
  359  0.23666266E+00
  360  0.23684387E+00
 ]; 
