spt = [ 
    1  0.25658724E-08
    2  0.25578886E-08
    3  0.25513827E-08
    4  0.25417801E-08
    5  0.25317937E-08
    6  0.25213118E-08
    7  0.25106257E-08
    8  0.24947946E-08
    9  0.24844768E-08
   10  0.24681353E-08
   11  0.24509259E-08
   12  0.24306723E-08
   13  0.24084073E-08
   14  0.23857076E-08
   15  0.23591131E-08
   16  0.23331779E-08
   17  0.22992999E-08
   18  0.22671431E-08
   19  0.22310123E-08
   20  0.21922575E-08
   21  0.21512701E-08
   22  0.21065663E-08
   23  0.20605717E-08
   24  0.20125341E-08
   25  0.19593742E-08
   26  0.19066806E-08
   27  0.18475775E-08
   28  0.17906281E-08
   29  0.17303887E-08
   30  0.16659778E-08
   31  0.16009899E-08
   32  0.15342215E-08
   33  0.14658036E-08
   34  0.13955426E-08
   35  0.13319597E-08
   36  0.12578669E-08
   37  0.11889146E-08
   38  0.11201919E-08
   39  0.10484401E-08
   40  0.97764485E-09
   41  0.90834540E-09
   42  0.84136120E-09
   43  0.77669610E-09
   44  0.70987421E-09
   45  0.64685868E-09
   46  0.58518523E-09
   47  0.52703886E-09
   48  0.47230453E-09
   49  0.41706905E-09
   50  0.36513353E-09
   51  0.32024014E-09
   52  0.27648120E-09
   53  0.23373467E-09
   54  0.19630483E-09
   55  0.16315695E-09
   56  0.12995162E-09
   57  0.10226826E-09
   58  0.79717295E-10
   59  0.58259217E-10
   60  0.41645576E-10
   61  0.28782726E-10
   62  0.17964713E-10
   63  0.11888368E-10
   64  0.85485881E-11
   65  0.89576159E-11
   66  0.12074047E-10
   67  0.18207835E-10
   68  0.27323812E-10
   69  0.40050449E-10
   70  0.55345721E-10
   71  0.72503108E-10
   72  0.93263793E-10
   73  0.11706271E-09
   74  0.14207971E-09
   75  0.16824286E-09
   76  0.19837054E-09
   77  0.23106889E-09
   78  0.26323418E-09
   79  0.30003947E-09
   80  0.33979572E-09
   81  0.37722298E-09
   82  0.41828158E-09
   83  0.46441184E-09
   84  0.50783455E-09
   85  0.55502630E-09
   86  0.60264510E-09
   87  0.65543909E-09
   88  0.71067024E-09
   89  0.76127715E-09
   90  0.81752249E-09
   91  0.87743612E-09
   92  0.93808361E-09
   93  0.10018461E-08
   94  0.10626449E-08
   95  0.11322393E-08
   96  0.11985808E-08
   97  0.12755993E-08
   98  0.13442254E-08
   99  0.14148739E-08
  100  0.14971713E-08
  101  0.15713877E-08
  102  0.16502537E-08
  103  0.17348263E-08
  104  0.18201288E-08
  105  0.19100719E-08
  106  0.19907145E-08
  107  0.20802231E-08
  108  0.21662196E-08
  109  0.22598818E-08
  110  0.23572078E-08
  111  0.24479965E-08
  112  0.25383964E-08
  113  0.26317282E-08
  114  0.27267140E-08
  115  0.28204328E-08
  116  0.29136631E-08
  117  0.30040817E-08
  118  0.30988516E-08
  119  0.31908101E-08
  120  0.32843228E-08
  121  0.33676795E-08
  122  0.34530028E-08
  123  0.35390078E-08
  124  0.36218541E-08
  125  0.36963237E-08
  126  0.37739816E-08
  127  0.38376546E-08
  128  0.39095061E-08
  129  0.39694505E-08
  130  0.40325507E-08
  131  0.40890038E-08
  132  0.41314441E-08
  133  0.41794652E-08
  134  0.42190846E-08
  135  0.42541237E-08
  136  0.42862371E-08
  137  0.43085722E-08
  138  0.43285846E-08
  139  0.43354236E-08
  140  0.43425330E-08
  141  0.43437942E-08
  142  0.43395771E-08
  143  0.43255413E-08
  144  0.43038182E-08
  145  0.42804991E-08
  146  0.42544408E-08
  147  0.42227555E-08
  148  0.41801917E-08
  149  0.41422643E-08
  150  0.40919699E-08
  151  0.40332271E-08
  152  0.39773416E-08
  153  0.39095398E-08
  154  0.38437880E-08
  155  0.37675520E-08
  156  0.36920114E-08
  157  0.36120069E-08
  158  0.35257191E-08
  159  0.34402869E-08
  160  0.33513226E-08
  161  0.32593028E-08
  162  0.31602987E-08
  163  0.30668219E-08
  164  0.29672638E-08
  165  0.28668612E-08
  166  0.27624245E-08
  167  0.26606330E-08
  168  0.25550662E-08
  169  0.24518816E-08
  170  0.23451081E-08
  171  0.22403583E-08
  172  0.21342184E-08
  173  0.20297624E-08
  174  0.19251158E-08
  175  0.18204831E-08
  176  0.17183224E-08
  177  0.16185273E-08
  178  0.15177299E-08
  179  0.14205219E-08
  180  0.13245461E-08
  181  0.12305272E-08
  182  0.11388047E-08
  183  0.10492074E-08
  184  0.96272113E-09
  185  0.87910856E-09
  186  0.79850360E-09
  187  0.72159723E-09
  188  0.64762595E-09
  189  0.57855187E-09
  190  0.51191124E-09
  191  0.44917473E-09
  192  0.38948397E-09
  193  0.33582792E-09
  194  0.28574038E-09
  195  0.23904290E-09
  196  0.19727819E-09
  197  0.15958915E-09
  198  0.12732412E-09
  199  0.98889695E-10
  200  0.74853228E-10
  201  0.56140655E-10
  202  0.41944673E-10
  203  0.32365020E-10
  204  0.27138599E-10
  205  0.27018839E-10
  206  0.31567349E-10
  207  0.40651937E-10
  208  0.53827876E-10
  209  0.72194570E-10
  210  0.94751235E-10
  211  0.12093353E-09
  212  0.15185858E-09
  213  0.18582419E-09
  214  0.22562993E-09
  215  0.26848732E-09
  216  0.31402311E-09
  217  0.36357695E-09
  218  0.41681972E-09
  219  0.47392246E-09
  220  0.53320903E-09
  221  0.59545419E-09
  222  0.65984529E-09
  223  0.72653716E-09
  224  0.79500168E-09
  225  0.86776936E-09
  226  0.94194408E-09
  227  0.10152681E-08
  228  0.10933530E-08
  229  0.11691804E-08
  230  0.12466131E-08
  231  0.13276104E-08
  232  0.14083226E-08
  233  0.14882724E-08
  234  0.15664491E-08
  235  0.16517816E-08
  236  0.17307429E-08
  237  0.18183682E-08
  238  0.18958615E-08
  239  0.19764090E-08
  240  0.20607660E-08
  241  0.21385351E-08
  242  0.22230318E-08
  243  0.22967535E-08
  244  0.23763789E-08
  245  0.24509776E-08
  246  0.25321893E-08
  247  0.26093547E-08
  248  0.26802238E-08
  249  0.27518490E-08
  250  0.28258784E-08
  251  0.29006801E-08
  252  0.29761118E-08
  253  0.30394343E-08
  254  0.31115470E-08
  255  0.31785505E-08
  256  0.32443754E-08
  257  0.33101955E-08
  258  0.33760823E-08
  259  0.34380199E-08
  260  0.34968290E-08
  261  0.35584877E-08
  262  0.36133962E-08
  263  0.36830048E-08
  264  0.37350163E-08
  265  0.37856904E-08
  266  0.38340384E-08
  267  0.38939389E-08
  268  0.39428447E-08
  269  0.40001624E-08
  270  0.40403529E-08
  271  0.40904884E-08
  272  0.41380459E-08
  273  0.41869410E-08
  274  0.42250567E-08
  275  0.42596704E-08
  276  0.42943240E-08
  277  0.43314627E-08
  278  0.43739057E-08
  279  0.44028177E-08
  280  0.44336503E-08
  281  0.44577853E-08
  282  0.44798232E-08
  283  0.45104027E-08
  284  0.45293773E-08
  285  0.45423536E-08
  286  0.45696629E-08
  287  0.45793080E-08
  288  0.45864890E-08
  289  0.46087147E-08
  290  0.46068505E-08
  291  0.46123385E-08
  292  0.46091784E-08
  293  0.46096345E-08
  294  0.46050941E-08
  295  0.45947770E-08
  296  0.45924327E-08
  297  0.45778084E-08
  298  0.45622435E-08
  299  0.45469175E-08
  300  0.45207216E-08
  301  0.45053956E-08
  302  0.44817363E-08
  303  0.44572399E-08
  304  0.44269020E-08
  305  0.43957886E-08
  306  0.43600141E-08
  307  0.43252992E-08
  308  0.42823558E-08
  309  0.42503387E-08
  310  0.42094004E-08
  311  0.41759183E-08
  312  0.41250097E-08
  313  0.40839576E-08
  314  0.40383155E-08
  315  0.39948667E-08
  316  0.39500581E-08
  317  0.38979797E-08
  318  0.38522394E-08
  319  0.37992223E-08
  320  0.37531631E-08
  321  0.37069148E-08
  322  0.36550944E-08
  323  0.36105672E-08
  324  0.35627135E-08
  325  0.35079550E-08
  326  0.34620962E-08
  327  0.34107492E-08
  328  0.33694176E-08
  329  0.33227661E-08
  330  0.32753438E-08
  331  0.32344041E-08
  332  0.31902461E-08
  333  0.31506053E-08
  334  0.31130969E-08
  335  0.30681191E-08
  336  0.30350582E-08
  337  0.29993452E-08
  338  0.29642695E-08
  339  0.29321821E-08
  340  0.29003928E-08
  341  0.28682083E-08
  342  0.28408651E-08
  343  0.28157359E-08
  344  0.27952183E-08
  345  0.27693117E-08
  346  0.27480216E-08
  347  0.27264384E-08
  348  0.27084066E-08
  349  0.26929610E-08
  350  0.26768756E-08
  351  0.26611360E-08
  352  0.26470255E-08
  353  0.26368006E-08
  354  0.26245530E-08
  355  0.26149776E-08
  356  0.26054610E-08
  357  0.25969422E-08
  358  0.25891338E-08
  359  0.25799423E-08
  360  0.25750619E-08
 ]; 
