spt = [ 
    1  0.34991517E-04
    2  0.34950230E-04
    3  0.34889632E-04
    4  0.34810233E-04
    5  0.34712328E-04
    6  0.34595847E-04
    7  0.34461322E-04
    8  0.34309309E-04
    9  0.34139739E-04
   10  0.33952743E-04
   11  0.33749053E-04
   12  0.33529494E-04
   13  0.33294018E-04
   14  0.33042546E-04
   15  0.32776465E-04
   16  0.32495274E-04
   17  0.32200089E-04
   18  0.31891170E-04
   19  0.31569274E-04
   20  0.31233762E-04
   21  0.30886589E-04
   22  0.30527739E-04
   23  0.30157345E-04
   24  0.29775918E-04
   25  0.29384322E-04
   26  0.28982948E-04
   27  0.28572797E-04
   28  0.28153558E-04
   29  0.27726332E-04
   30  0.27290913E-04
   31  0.26849017E-04
   32  0.26400514E-04
   33  0.25945334E-04
   34  0.25485921E-04
   35  0.25020570E-04
   36  0.24550767E-04
   37  0.24077102E-04
   38  0.23600140E-04
   39  0.23120674E-04
   40  0.22638646E-04
   41  0.22154396E-04
   42  0.21669466E-04
   43  0.21183867E-04
   44  0.20697391E-04
   45  0.20212030E-04
   46  0.19726764E-04
   47  0.19242703E-04
   48  0.18760324E-04
   49  0.18279903E-04
   50  0.17802658E-04
   51  0.17328339E-04
   52  0.16857037E-04
   53  0.16390019E-04
   54  0.15927588E-04
   55  0.15468480E-04
   56  0.15015656E-04
   57  0.14568383E-04
   58  0.14126537E-04
   59  0.13691143E-04
   60  0.13261308E-04
   61  0.12839404E-04
   62  0.12423688E-04
   63  0.12016146E-04
   64  0.11615619E-04
   65  0.11223229E-04
   66  0.10838490E-04
   67  0.10462251E-04
   68  0.10094546E-04
   69  0.97352658E-05
   70  0.93845283E-05
   71  0.90429758E-05
   72  0.87102444E-05
   73  0.83865443E-05
   74  0.80715818E-05
   75  0.77656987E-05
   76  0.74698123E-05
   77  0.71824129E-05
   78  0.69042735E-05
   79  0.66349708E-05
   80  0.63752077E-05
   81  0.61238075E-05
   82  0.58818459E-05
   83  0.56486301E-05
   84  0.54240513E-05
   85  0.52078863E-05
   86  0.50001163E-05
   87  0.48010816E-05
   88  0.46100481E-05
   89  0.44266926E-05
   90  0.42510346E-05
   91  0.40833133E-05
   92  0.39230249E-05
   93  0.37696896E-05
   94  0.36235974E-05
   95  0.34844454E-05
   96  0.33518847E-05
   97  0.32257599E-05
   98  0.31057257E-05
   99  0.29918153E-05
  100  0.28837696E-05
  101  0.27812621E-05
  102  0.26842538E-05
  103  0.25924694E-05
  104  0.25055595E-05
  105  0.24234168E-05
  106  0.23461114E-05
  107  0.22732747E-05
  108  0.22044901E-05
  109  0.21401122E-05
  110  0.20794032E-05
  111  0.20223385E-05
  112  0.19689824E-05
  113  0.19191198E-05
  114  0.18723846E-05
  115  0.18287507E-05
  116  0.17881172E-05
  117  0.17503274E-05
  118  0.17153823E-05
  119  0.16825459E-05
  120  0.16523718E-05
  121  0.16246177E-05
  122  0.15988768E-05
  123  0.15751929E-05
  124  0.15536452E-05
  125  0.15336309E-05
  126  0.15154034E-05
  127  0.14987836E-05
  128  0.14836010E-05
  129  0.14698120E-05
  130  0.14572377E-05
  131  0.14459607E-05
  132  0.14357717E-05
  133  0.14264974E-05
  134  0.14180710E-05
  135  0.14105905E-05
  136  0.14036950E-05
  137  0.13973867E-05
  138  0.13917679E-05
  139  0.13864289E-05
  140  0.13816173E-05
  141  0.13770873E-05
  142  0.13727708E-05
  143  0.13686599E-05
  144  0.13646116E-05
  145  0.13605639E-05
  146  0.13565102E-05
  147  0.13523598E-05
  148  0.13481391E-05
  149  0.13436177E-05
  150  0.13389355E-05
  151  0.13339825E-05
  152  0.13286523E-05
  153  0.13230436E-05
  154  0.13169567E-05
  155  0.13105233E-05
  156  0.13036671E-05
  157  0.12963479E-05
  158  0.12885537E-05
  159  0.12802547E-05
  160  0.12715068E-05
  161  0.12622854E-05
  162  0.12525504E-05
  163  0.12422697E-05
  164  0.12315919E-05
  165  0.12204629E-05
  166  0.12087339E-05
  167  0.11966350E-05
  168  0.11841501E-05
  169  0.11711358E-05
  170  0.11577428E-05
  171  0.11440113E-05
  172  0.11298764E-05
  173  0.11155373E-05
  174  0.11007659E-05
  175  0.10858050E-05
  176  0.10705012E-05
  177  0.10550286E-05
  178  0.10393924E-05
  179  0.10235809E-05
  180  0.10076051E-05
  181  0.99156239E-06
  182  0.97544216E-06
  183  0.95928556E-06
  184  0.94312179E-06
  185  0.92697945E-06
  186  0.91086588E-06
  187  0.89483655E-06
  188  0.87890265E-06
  189  0.86310814E-06
  190  0.84742794E-06
  191  0.83196045E-06
  192  0.81668924E-06
  193  0.80163881E-06
  194  0.78684099E-06
  195  0.77232346E-06
  196  0.75806025E-06
  197  0.74409246E-06
  198  0.73048085E-06
  199  0.71724367E-06
  200  0.70429462E-06
  201  0.69169971E-06
  202  0.67954335E-06
  203  0.66780871E-06
  204  0.65641865E-06
  205  0.64550073E-06
  206  0.63501687E-06
  207  0.62493888E-06
  208  0.61532808E-06
  209  0.60621636E-06
  210  0.59759594E-06
  211  0.58934899E-06
  212  0.58172196E-06
  213  0.57455014E-06
  214  0.56787445E-06
  215  0.56175787E-06
  216  0.55616130E-06
  217  0.55104886E-06
  218  0.54652344E-06
  219  0.54258732E-06
  220  0.53912981E-06
  221  0.53625189E-06
  222  0.53399111E-06
  223  0.53225807E-06
  224  0.53114678E-06
  225  0.53069721E-06
  226  0.53087308E-06
  227  0.53168441E-06
  228  0.53306172E-06
  229  0.53517454E-06
  230  0.53801074E-06
  231  0.54155976E-06
  232  0.54595210E-06
  233  0.55094068E-06
  234  0.55674997E-06
  235  0.56345459E-06
  236  0.57107650E-06
  237  0.57948625E-06
  238  0.58894898E-06
  239  0.59946649E-06
  240  0.61101451E-06
  241  0.62365638E-06
  242  0.63760700E-06
  243  0.65272388E-06
  244  0.66945603E-06
  245  0.68750069E-06
  246  0.70706579E-06
  247  0.72839214E-06
  248  0.75155873E-06
  249  0.77666550E-06
  250  0.80374821E-06
  251  0.83318514E-06
  252  0.86496999E-06
  253  0.89921588E-06
  254  0.93639460E-06
  255  0.97629334E-06
  256  0.10195998E-05
  257  0.10661386E-05
  258  0.11164205E-05
  259  0.11706724E-05
  260  0.12288484E-05
  261  0.12914562E-05
  262  0.13588400E-05
  263  0.14310691E-05
  264  0.15087754E-05
  265  0.15918856E-05
  266  0.16813126E-05
  267  0.17765509E-05
  268  0.18785743E-05
  269  0.19877027E-05
  270  0.21042854E-05
  271  0.22280849E-05
  272  0.23601460E-05
  273  0.25006423E-05
  274  0.26500061E-05
  275  0.28085888E-05
  276  0.29762587E-05
  277  0.31540903E-05
  278  0.33416886E-05
  279  0.35404782E-05
  280  0.37496577E-05
  281  0.39699180E-05
  282  0.42022752E-05
  283  0.44454960E-05
  284  0.47011986E-05
  285  0.49687565E-05
  286  0.52492801E-05
  287  0.55416199E-05
  288  0.58471132E-05
  289  0.61654546E-05
  290  0.64967107E-05
  291  0.68407567E-05
  292  0.71982504E-05
  293  0.75685061E-05
  294  0.79520241E-05
  295  0.83478826E-05
  296  0.87567869E-05
  297  0.91782777E-05
  298  0.96119238E-05
  299  0.10057875E-04
  300  0.10515405E-04
  301  0.10985146E-04
  302  0.11464777E-04
  303  0.11955966E-04
  304  0.12457122E-04
  305  0.12967864E-04
  306  0.13488279E-04
  307  0.14017228E-04
  308  0.14553679E-04
  309  0.15097845E-04
  310  0.15648668E-04
  311  0.16205087E-04
  312  0.16767430E-04
  313  0.17334291E-04
  314  0.17904749E-04
  315  0.18477853E-04
  316  0.19053497E-04
  317  0.19630654E-04
  318  0.20207986E-04
  319  0.20784197E-04
  320  0.21360553E-04
  321  0.21933884E-04
  322  0.22504362E-04
  323  0.23071487E-04
  324  0.23632627E-04
  325  0.24189587E-04
  326  0.24739787E-04
  327  0.25282132E-04
  328  0.25816487E-04
  329  0.26342450E-04
  330  0.26858346E-04
  331  0.27363774E-04
  332  0.27858445E-04
  333  0.28340704E-04
  334  0.28809889E-04
  335  0.29266526E-04
  336  0.29708630E-04
  337  0.30136924E-04
  338  0.30548817E-04
  339  0.30945575E-04
  340  0.31326137E-04
  341  0.31690026E-04
  342  0.32036052E-04
  343  0.32365428E-04
  344  0.32675875E-04
  345  0.32968426E-04
  346  0.33242104E-04
  347  0.33496926E-04
  348  0.33732245E-04
  349  0.33948432E-04
  350  0.34144803E-04
  351  0.34321463E-04
  352  0.34478162E-04
  353  0.34615030E-04
  354  0.34731744E-04
  355  0.34828528E-04
  356  0.34905410E-04
  357  0.34962322E-04
  358  0.34999157E-04
  359  0.35016226E-04
  360  0.35013618E-04
 ]; 
