spt = [ 
    1  0.34521603E-04
    2  0.34480810E-04
    3  0.34421657E-04
    4  0.34344808E-04
    5  0.34250457E-04
    6  0.34138629E-04
    7  0.34009161E-04
    8  0.33863187E-04
    9  0.33700770E-04
   10  0.33522043E-04
   11  0.33327564E-04
   12  0.33117605E-04
   13  0.32892724E-04
   14  0.32653075E-04
   15  0.32399126E-04
   16  0.32131247E-04
   17  0.31850144E-04
   18  0.31555497E-04
   19  0.31248903E-04
   20  0.30930085E-04
   21  0.30599542E-04
   22  0.30257166E-04
   23  0.29904990E-04
   24  0.29541998E-04
   25  0.29169350E-04
   26  0.28787366E-04
   27  0.28396384E-04
   28  0.27997407E-04
   29  0.27590146E-04
   30  0.27175285E-04
   31  0.26754044E-04
   32  0.26325955E-04
   33  0.25892121E-04
   34  0.25452911E-04
   35  0.25008610E-04
   36  0.24559504E-04
   37  0.24107207E-04
   38  0.23650768E-04
   39  0.23191158E-04
   40  0.22729570E-04
   41  0.22265172E-04
   42  0.21799729E-04
   43  0.21332720E-04
   44  0.20864953E-04
   45  0.20397134E-04
   46  0.19930225E-04
   47  0.19462492E-04
   48  0.18997274E-04
   49  0.18532903E-04
   50  0.18070985E-04
   51  0.17610677E-04
   52  0.17153525E-04
   53  0.16699239E-04
   54  0.16248970E-04
   55  0.15801863E-04
   56  0.15360218E-04
   57  0.14922822E-04
   58  0.14490146E-04
   59  0.14063110E-04
   60  0.13641938E-04
   61  0.13226368E-04
   62  0.12817356E-04
   63  0.12414521E-04
   64  0.12019243E-04
   65  0.11630028E-04
   66  0.11249219E-04
   67  0.10875756E-04
   68  0.10509188E-04
   69  0.10150838E-04
   70  0.98009205E-05
   71  0.94592706E-05
   72  0.91253733E-05
   73  0.88005208E-05
   74  0.84840949E-05
   75  0.81761254E-05
   76  0.78763396E-05
   77  0.75858779E-05
   78  0.73040242E-05
   79  0.70305973E-05
   80  0.67657725E-05
   81  0.65096629E-05
   82  0.62623071E-05
   83  0.60235766E-05
   84  0.57931438E-05
   85  0.55708788E-05
   86  0.53569324E-05
   87  0.51510251E-05
   88  0.49535174E-05
   89  0.47635472E-05
   90  0.45811148E-05
   91  0.44063167E-05
   92  0.42389706E-05
   93  0.40785631E-05
   94  0.39257116E-05
   95  0.37791251E-05
   96  0.36390597E-05
   97  0.35059325E-05
   98  0.33788212E-05
   99  0.32577304E-05
  100  0.31426755E-05
  101  0.30332249E-05
  102  0.29289838E-05
  103  0.28303266E-05
  104  0.27366802E-05
  105  0.26477785E-05
  106  0.25638647E-05
  107  0.24841743E-05
  108  0.24089454E-05
  109  0.23378536E-05
  110  0.22706854E-05
  111  0.22074707E-05
  112  0.21478918E-05
  113  0.20915600E-05
  114  0.20387965E-05
  115  0.19892602E-05
  116  0.19426902E-05
  117  0.18989100E-05
  118  0.18580656E-05
  119  0.18196961E-05
  120  0.17836919E-05
  121  0.17501524E-05
  122  0.17188179E-05
  123  0.16897447E-05
  124  0.16623296E-05
  125  0.16369042E-05
  126  0.16132024E-05
  127  0.15912932E-05
  128  0.15706659E-05
  129  0.15515543E-05
  130  0.15338974E-05
  131  0.15171879E-05
  132  0.15018401E-05
  133  0.14875109E-05
  134  0.14739605E-05
  135  0.14613818E-05
  136  0.14493606E-05
  137  0.14381154E-05
  138  0.14274619E-05
  139  0.14172533E-05
  140  0.14076090E-05
  141  0.13980359E-05
  142  0.13889761E-05
  143  0.13800436E-05
  144  0.13714194E-05
  145  0.13627159E-05
  146  0.13541310E-05
  147  0.13455551E-05
  148  0.13368618E-05
  149  0.13279769E-05
  150  0.13189856E-05
  151  0.13097955E-05
  152  0.13003493E-05
  153  0.12907375E-05
  154  0.12807185E-05
  155  0.12704395E-05
  156  0.12598124E-05
  157  0.12487991E-05
  158  0.12374610E-05
  159  0.12257314E-05
  160  0.12135589E-05
  161  0.12010346E-05
  162  0.11882699E-05
  163  0.11749186E-05
  164  0.11612244E-05
  165  0.11472330E-05
  166  0.11328742E-05
  167  0.11181307E-05
  168  0.11031008E-05
  169  0.10877494E-05
  170  0.10721178E-05
  171  0.10562202E-05
  172  0.10400445E-05
  173  0.10236361E-05
  174  0.10070908E-05
  175  0.99032650E-06
  176  0.97342706E-06
  177  0.95640269E-06
  178  0.93929333E-06
  179  0.92210877E-06
  180  0.90487481E-06
  181  0.88761510E-06
  182  0.87040854E-06
  183  0.85322569E-06
  184  0.83611616E-06
  185  0.81907018E-06
  186  0.80217450E-06
  187  0.78540603E-06
  188  0.76879940E-06
  189  0.75236557E-06
  190  0.73618753E-06
  191  0.72018361E-06
  192  0.70443798E-06
  193  0.68900800E-06
  194  0.67376743E-06
  195  0.65887417E-06
  196  0.64435261E-06
  197  0.63011760E-06
  198  0.61621239E-06
  199  0.60269667E-06
  200  0.58951690E-06
  201  0.57675857E-06
  202  0.56437881E-06
  203  0.55240542E-06
  204  0.54079067E-06
  205  0.52966527E-06
  206  0.51897865E-06
  207  0.50871159E-06
  208  0.49890730E-06
  209  0.48952279E-06
  210  0.48062446E-06
  211  0.47220382E-06
  212  0.46422190E-06
  213  0.45674710E-06
  214  0.44973149E-06
  215  0.44323369E-06
  216  0.43724367E-06
  217  0.43170223E-06
  218  0.42682356E-06
  219  0.42234174E-06
  220  0.41846448E-06
  221  0.41510430E-06
  222  0.41232269E-06
  223  0.41012819E-06
  224  0.40842846E-06
  225  0.40740073E-06
  226  0.40703492E-06
  227  0.40721866E-06
  228  0.40802882E-06
  229  0.40968820E-06
  230  0.41196157E-06
  231  0.41488684E-06
  232  0.41864476E-06
  233  0.42316935E-06
  234  0.42863326E-06
  235  0.43491616E-06
  236  0.44211953E-06
  237  0.45026954E-06
  238  0.45946422E-06
  239  0.46971599E-06
  240  0.48118892E-06
  241  0.49384533E-06
  242  0.50773195E-06
  243  0.52310753E-06
  244  0.53987077E-06
  245  0.55836529E-06
  246  0.57837121E-06
  247  0.60040907E-06
  248  0.62423760E-06
  249  0.65002405E-06
  250  0.67814278E-06
  251  0.70869908E-06
  252  0.74170697E-06
  253  0.77739543E-06
  254  0.81601826E-06
  255  0.85790271E-06
  256  0.90305150E-06
  257  0.95162852E-06
  258  0.10040153E-05
  259  0.10605838E-05
  260  0.11210723E-05
  261  0.11866105E-05
  262  0.12568439E-05
  263  0.13322206E-05
  264  0.14129268E-05
  265  0.14994309E-05
  266  0.15921581E-05
  267  0.16911781E-05
  268  0.17970976E-05
  269  0.19099573E-05
  270  0.20302639E-05
  271  0.21585629E-05
  272  0.22947695E-05
  273  0.24399756E-05
  274  0.25934926E-05
  275  0.27564299E-05
  276  0.29289401E-05
  277  0.31117211E-05
  278  0.33041745E-05
  279  0.35074240E-05
  280  0.37217376E-05
  281  0.39469005E-05
  282  0.41834328E-05
  283  0.44321496E-05
  284  0.46922746E-05
  285  0.49648829E-05
  286  0.52495625E-05
  287  0.55470632E-05
  288  0.58571018E-05
  289  0.61795149E-05
  290  0.65151289E-05
  291  0.68631166E-05
  292  0.72244352E-05
  293  0.75986950E-05
  294  0.79851889E-05
  295  0.83844261E-05
  296  0.87962553E-05
  297  0.92201635E-05
  298  0.96559661E-05
  299  0.10103399E-04
  300  0.10562717E-04
  301  0.11032894E-04
  302  0.11513826E-04
  303  0.12004544E-04
  304  0.12505121E-04
  305  0.13015125E-04
  306  0.13533951E-04
  307  0.14060877E-04
  308  0.14595283E-04
  309  0.15136029E-04
  310  0.15683143E-04
  311  0.16236168E-04
  312  0.16792674E-04
  313  0.17354325E-04
  314  0.17919487E-04
  315  0.18485418E-04
  316  0.19053681E-04
  317  0.19622750E-04
  318  0.20191681E-04
  319  0.20759398E-04
  320  0.21326063E-04
  321  0.21889326E-04
  322  0.22448638E-04
  323  0.23004652E-04
  324  0.23555267E-04
  325  0.24098921E-04
  326  0.24636942E-04
  327  0.25166781E-04
  328  0.25688332E-04
  329  0.26199950E-04
  330  0.26702055E-04
  331  0.27193677E-04
  332  0.27673961E-04
  333  0.28142023E-04
  334  0.28596522E-04
  335  0.29039305E-04
  336  0.29466773E-04
  337  0.29880061E-04
  338  0.30278285E-04
  339  0.30660667E-04
  340  0.31026910E-04
  341  0.31377243E-04
  342  0.31709875E-04
  343  0.32025808E-04
  344  0.32323980E-04
  345  0.32603908E-04
  346  0.32865639E-04
  347  0.33109161E-04
  348  0.33333850E-04
  349  0.33539887E-04
  350  0.33726952E-04
  351  0.33894652E-04
  352  0.34043562E-04
  353  0.34173001E-04
  354  0.34283545E-04
  355  0.34374454E-04
  356  0.34446271E-04
  357  0.34499131E-04
  358  0.34532830E-04
  359  0.34547957E-04
  360  0.34543969E-04
 ]; 
