spt = [ 
    1  0.34590917E-04
    2  0.34551340E-04
    3  0.34493536E-04
    4  0.34417390E-04
    5  0.34323075E-04
    6  0.34211196E-04
    7  0.34082070E-04
    8  0.33935776E-04
    9  0.33772791E-04
   10  0.33593064E-04
   11  0.33397806E-04
   12  0.33186796E-04
   13  0.32960361E-04
   14  0.32719163E-04
   15  0.32463202E-04
   16  0.32193442E-04
   17  0.31909956E-04
   18  0.31613250E-04
   19  0.31303993E-04
   20  0.30981955E-04
   21  0.30649077E-04
   22  0.30304107E-04
   23  0.29948604E-04
   24  0.29582516E-04
   25  0.29206376E-04
   26  0.28821109E-04
   27  0.28426906E-04
   28  0.28023889E-04
   29  0.27613332E-04
   30  0.27195607E-04
   31  0.26770265E-04
   32  0.26339052E-04
   33  0.25901854E-04
   34  0.25459125E-04
   35  0.25011146E-04
   36  0.24558816E-04
   37  0.24102907E-04
   38  0.23643350E-04
   39  0.23180741E-04
   40  0.22715511E-04
   41  0.22248269E-04
   42  0.21780261E-04
   43  0.21310234E-04
   44  0.20839945E-04
   45  0.20369616E-04
   46  0.19899417E-04
   47  0.19430794E-04
   48  0.18963114E-04
   49  0.18496359E-04
   50  0.18031871E-04
   51  0.17570039E-04
   52  0.17111299E-04
   53  0.16655844E-04
   54  0.16204011E-04
   55  0.15756399E-04
   56  0.15313401E-04
   57  0.14875098E-04
   58  0.14441886E-04
   59  0.14014057E-04
   60  0.13592678E-04
   61  0.13176877E-04
   62  0.12767405E-04
   63  0.12365054E-04
   64  0.11969153E-04
   65  0.11580603E-04
   66  0.11199728E-04
   67  0.10826582E-04
   68  0.10460833E-04
   69  0.10103213E-04
   70  0.97539323E-05
   71  0.94130646E-05
   72  0.90803842E-05
   73  0.87564313E-05
   74  0.84410613E-05
   75  0.81340922E-05
   76  0.78358644E-05
   77  0.75464804E-05
   78  0.72663211E-05
   79  0.69941511E-05
   80  0.67314422E-05
   81  0.64771643E-05
   82  0.62314725E-05
   83  0.59939916E-05
   84  0.57651760E-05
   85  0.55451187E-05
   86  0.53326758E-05
   87  0.51288430E-05
   88  0.49328346E-05
   89  0.47448052E-05
   90  0.45646239E-05
   91  0.43914811E-05
   92  0.42257375E-05
   93  0.40676582E-05
   94  0.39165157E-05
   95  0.37718569E-05
   96  0.36341221E-05
   97  0.35025339E-05
   98  0.33774982E-05
   99  0.32583582E-05
  100  0.31452078E-05
  101  0.30374824E-05
  102  0.29353644E-05
  103  0.28388931E-05
  104  0.27472001E-05
  105  0.26602493E-05
  106  0.25782597E-05
  107  0.25004501E-05
  108  0.24272870E-05
  109  0.23581429E-05
  110  0.22929155E-05
  111  0.22318475E-05
  112  0.21740343E-05
  113  0.21199503E-05
  114  0.20691175E-05
  115  0.20215368E-05
  116  0.19770596E-05
  117  0.19353317E-05
  118  0.18964625E-05
  119  0.18602506E-05
  120  0.18262762E-05
  121  0.17946774E-05
  122  0.17655698E-05
  123  0.17382428E-05
  124  0.17130736E-05
  125  0.16898152E-05
  126  0.16682455E-05
  127  0.16480772E-05
  128  0.16295297E-05
  129  0.16124918E-05
  130  0.15965894E-05
  131  0.15821471E-05
  132  0.15685065E-05
  133  0.15560355E-05
  134  0.15443941E-05
  135  0.15335862E-05
  136  0.15234050E-05
  137  0.15138874E-05
  138  0.15049329E-05
  139  0.14965128E-05
  140  0.14883482E-05
  141  0.14804135E-05
  142  0.14727966E-05
  143  0.14652321E-05
  144  0.14578899E-05
  145  0.14504847E-05
  146  0.14429932E-05
  147  0.14354090E-05
  148  0.14278259E-05
  149  0.14198415E-05
  150  0.14117670E-05
  151  0.14033452E-05
  152  0.13945992E-05
  153  0.13854464E-05
  154  0.13760073E-05
  155  0.13660200E-05
  156  0.13557271E-05
  157  0.13448838E-05
  158  0.13337508E-05
  159  0.13220151E-05
  160  0.13098653E-05
  161  0.12971730E-05
  162  0.12840983E-05
  163  0.12704877E-05
  164  0.12563941E-05
  165  0.12419680E-05
  166  0.12270373E-05
  167  0.12116473E-05
  168  0.11958775E-05
  169  0.11797272E-05
  170  0.11632391E-05
  171  0.11464033E-05
  172  0.11292765E-05
  173  0.11118731E-05
  174  0.10942163E-05
  175  0.10763175E-05
  176  0.10582407E-05
  177  0.10399808E-05
  178  0.10215817E-05
  179  0.10030963E-05
  180  0.98453131E-06
  181  0.96589451E-06
  182  0.94725277E-06
  183  0.92864127E-06
  184  0.91005336E-06
  185  0.89154167E-06
  186  0.87314032E-06
  187  0.85485658E-06
  188  0.83673075E-06
  189  0.81874282E-06
  190  0.80099250E-06
  191  0.78346483E-06
  192  0.76615885E-06
  193  0.74916915E-06
  194  0.73246542E-06
  195  0.71598009E-06
  196  0.69991370E-06
  197  0.68416045E-06
  198  0.66873298E-06
  199  0.65370710E-06
  200  0.63906953E-06
  201  0.62481519E-06
  202  0.61098723E-06
  203  0.59759321E-06
  204  0.58454998E-06
  205  0.57205966E-06
  206  0.55995031E-06
  207  0.54835584E-06
  208  0.53713501E-06
  209  0.52650785E-06
  210  0.51627478E-06
  211  0.50659230E-06
  212  0.49735655E-06
  213  0.48863706E-06
  214  0.48049378E-06
  215  0.47280076E-06
  216  0.46568704E-06
  217  0.45914780E-06
  218  0.45302875E-06
  219  0.44751792E-06
  220  0.44260548E-06
  221  0.43823837E-06
  222  0.43439226E-06
  223  0.43128878E-06
  224  0.42857187E-06
  225  0.42664328E-06
  226  0.42532062E-06
  227  0.42457486E-06
  228  0.42463213E-06
  229  0.42528902E-06
  230  0.42660619E-06
  231  0.42873850E-06
  232  0.43166216E-06
  233  0.43534280E-06
  234  0.43986569E-06
  235  0.44533343E-06
  236  0.45169440E-06
  237  0.45902854E-06
  238  0.46730503E-06
  239  0.47669982E-06
  240  0.48718562E-06
  241  0.49889661E-06
  242  0.51199618E-06
  243  0.52640468E-06
  244  0.54218646E-06
  245  0.55979012E-06
  246  0.57882164E-06
  247  0.59960121E-06
  248  0.62249160E-06
  249  0.64723849E-06
  250  0.67430040E-06
  251  0.70366917E-06
  252  0.73553400E-06
  253  0.77004523E-06
  254  0.80736442E-06
  255  0.84784557E-06
  256  0.89166303E-06
  257  0.93893874E-06
  258  0.99000306E-06
  259  0.10451347E-05
  260  0.11043057E-05
  261  0.11682515E-05
  262  0.12368589E-05
  263  0.13106434E-05
  264  0.13898259E-05
  265  0.14748442E-05
  266  0.15656201E-05
  267  0.16630928E-05
  268  0.17671065E-05
  269  0.18783520E-05
  270  0.19969666E-05
  271  0.21232484E-05
  272  0.22576107E-05
  273  0.24007161E-05
  274  0.25525153E-05
  275  0.27132116E-05
  276  0.28838256E-05
  277  0.30645840E-05
  278  0.32552948E-05
  279  0.34560842E-05
  280  0.36686120E-05
  281  0.38916000E-05
  282  0.41261674E-05
  283  0.43725895E-05
  284  0.46311375E-05
  285  0.49014675E-05
  286  0.51840480E-05
  287  0.54794373E-05
  288  0.57875436E-05
  289  0.61082387E-05
  290  0.64416613E-05
  291  0.67879728E-05
  292  0.71469703E-05
  293  0.75197545E-05
  294  0.79045903E-05
  295  0.83019386E-05
  296  0.87118078E-05
  297  0.91345446E-05
  298  0.95690075E-05
  299  0.10015513E-04
  300  0.10472872E-04
  301  0.10942652E-04
  302  0.11422178E-04
  303  0.11912454E-04
  304  0.12412128E-04
  305  0.12921817E-04
  306  0.13440235E-04
  307  0.13966535E-04
  308  0.14500838E-04
  309  0.15042529E-04
  310  0.15589625E-04
  311  0.16142440E-04
  312  0.16700587E-04
  313  0.17262621E-04
  314  0.17828230E-04
  315  0.18396457E-04
  316  0.18966068E-04
  317  0.19536619E-04
  318  0.20107736E-04
  319  0.20677378E-04
  320  0.21245743E-04
  321  0.21812242E-04
  322  0.22374694E-04
  323  0.22932900E-04
  324  0.23486324E-04
  325  0.24033718E-04
  326  0.24574847E-04
  327  0.25108568E-04
  328  0.25633153E-04
  329  0.26149863E-04
  330  0.26655427E-04
  331  0.27151375E-04
  332  0.27635411E-04
  333  0.28107539E-04
  334  0.28567421E-04
  335  0.29013769E-04
  336  0.29446161E-04
  337  0.29863813E-04
  338  0.30266732E-04
  339  0.30653900E-04
  340  0.31024858E-04
  341  0.31379699E-04
  342  0.31717307E-04
  343  0.32037238E-04
  344  0.32339874E-04
  345  0.32624528E-04
  346  0.32890526E-04
  347  0.33138116E-04
  348  0.33367069E-04
  349  0.33576925E-04
  350  0.33767803E-04
  351  0.33939337E-04
  352  0.34091376E-04
  353  0.34223940E-04
  354  0.34337700E-04
  355  0.34431396E-04
  356  0.34506018E-04
  357  0.34561464E-04
  358  0.34597215E-04
  359  0.34614302E-04
  360  0.34612076E-04
 ]; 
