spt = [ 
    1  0.34572742E-04
    2  0.34539058E-04
    3  0.34487046E-04
    4  0.34416822E-04
    5  0.34328743E-04
    6  0.34223656E-04
    7  0.34101035E-04
    8  0.33961212E-04
    9  0.33805038E-04
   10  0.33632627E-04
   11  0.33444248E-04
   12  0.33240020E-04
   13  0.33021042E-04
   14  0.32787269E-04
   15  0.32539177E-04
   16  0.32276577E-04
   17  0.32000553E-04
   18  0.31711574E-04
   19  0.31409825E-04
   20  0.31096108E-04
   21  0.30770345E-04
   22  0.30433208E-04
   23  0.30084866E-04
   24  0.29726163E-04
   25  0.29357621E-04
   26  0.28979721E-04
   27  0.28592771E-04
   28  0.28196951E-04
   29  0.27793345E-04
   30  0.27381564E-04
   31  0.26963044E-04
   32  0.26537660E-04
   33  0.26106251E-04
   34  0.25669027E-04
   35  0.25226789E-04
   36  0.24779723E-04
   37  0.24328458E-04
   38  0.23873023E-04
   39  0.23414344E-04
   40  0.22953005E-04
   41  0.22489088E-04
   42  0.22023058E-04
   43  0.21556159E-04
   44  0.21087861E-04
   45  0.20619153E-04
   46  0.20150677E-04
   47  0.19681855E-04
   48  0.19214191E-04
   49  0.18747551E-04
   50  0.18282888E-04
   51  0.17820028E-04
   52  0.17359651E-04
   53  0.16902688E-04
   54  0.16448805E-04
   55  0.15998612E-04
   56  0.15552827E-04
   57  0.15110583E-04
   58  0.14674193E-04
   59  0.14242542E-04
   60  0.13816400E-04
   61  0.13396488E-04
   62  0.12982495E-04
   63  0.12574460E-04
   64  0.12174083E-04
   65  0.11780512E-04
   66  0.11393393E-04
   67  0.11014533E-04
   68  0.10643115E-04
   69  0.10279930E-04
   70  0.99241952E-05
   71  0.95771939E-05
   72  0.92380151E-05
   73  0.89078803E-05
   74  0.85864749E-05
   75  0.82733613E-05
   76  0.79691308E-05
   77  0.76736687E-05
   78  0.73870201E-05
   79  0.71091617E-05
   80  0.68400773E-05
   81  0.65797472E-05
   82  0.63283633E-05
   83  0.60854472E-05
   84  0.58516480E-05
   85  0.56255044E-05
   86  0.54082261E-05
   87  0.51992679E-05
   88  0.49986975E-05
   89  0.48061265E-05
   90  0.46209193E-05
   91  0.44436624E-05
   92  0.42741440E-05
   93  0.41118647E-05
   94  0.39569891E-05
   95  0.38087953E-05
   96  0.36676522E-05
   97  0.35329790E-05
   98  0.34050245E-05
   99  0.32829341E-05
  100  0.31669554E-05
  101  0.30567921E-05
  102  0.29526209E-05
  103  0.28533991E-05
  104  0.27596720E-05
  105  0.26709583E-05
  106  0.25868089E-05
  107  0.25077047E-05
  108  0.24332455E-05
  109  0.23624996E-05
  110  0.22961947E-05
  111  0.22335669E-05
  112  0.21749868E-05
  113  0.21197666E-05
  114  0.20684327E-05
  115  0.20197601E-05
  116  0.19746226E-05
  117  0.19322131E-05
  118  0.18927519E-05
  119  0.18558846E-05
  120  0.18214029E-05
  121  0.17895848E-05
  122  0.17598370E-05
  123  0.17324684E-05
  124  0.17067271E-05
  125  0.16832266E-05
  126  0.16612505E-05
  127  0.16409175E-05
  128  0.16220652E-05
  129  0.16046999E-05
  130  0.15887597E-05
  131  0.15739395E-05
  132  0.15600167E-05
  133  0.15472608E-05
  134  0.15352936E-05
  135  0.15242204E-05
  136  0.15137365E-05
  137  0.15039104E-05
  138  0.14945518E-05
  139  0.14857391E-05
  140  0.14772500E-05
  141  0.14689007E-05
  142  0.14609300E-05
  143  0.14529753E-05
  144  0.14451239E-05
  145  0.14373948E-05
  146  0.14294046E-05
  147  0.14214432E-05
  148  0.14132045E-05
  149  0.14047858E-05
  150  0.13961313E-05
  151  0.13871842E-05
  152  0.13778829E-05
  153  0.13682344E-05
  154  0.13581493E-05
  155  0.13477181E-05
  156  0.13368128E-05
  157  0.13254377E-05
  158  0.13136610E-05
  159  0.13013758E-05
  160  0.12886472E-05
  161  0.12754140E-05
  162  0.12618538E-05
  163  0.12476579E-05
  164  0.12331463E-05
  165  0.12180601E-05
  166  0.12026071E-05
  167  0.11868165E-05
  168  0.11706752E-05
  169  0.11540511E-05
  170  0.11370890E-05
  171  0.11198463E-05
  172  0.11023780E-05
  173  0.10845301E-05
  174  0.10665647E-05
  175  0.10483092E-05
  176  0.10299069E-05
  177  0.10113854E-05
  178  0.99269528E-06
  179  0.97396924E-06
  180  0.95516100E-06
  181  0.93633940E-06
  182  0.91754970E-06
  183  0.89877580E-06
  184  0.88003594E-06
  185  0.86141961E-06
  186  0.84294436E-06
  187  0.82455472E-06
  188  0.80634328E-06
  189  0.78839054E-06
  190  0.77055893E-06
  191  0.75302040E-06
  192  0.73569464E-06
  193  0.71869215E-06
  194  0.70199309E-06
  195  0.68555971E-06
  196  0.66947905E-06
  197  0.65378134E-06
  198  0.63839934E-06
  199  0.62343435E-06
  200  0.60881518E-06
  201  0.59466481E-06
  202  0.58085243E-06
  203  0.56744148E-06
  204  0.55455007E-06
  205  0.54202849E-06
  206  0.52995421E-06
  207  0.51834007E-06
  208  0.50722002E-06
  209  0.49655819E-06
  210  0.48638174E-06
  211  0.47666583E-06
  212  0.46743318E-06
  213  0.45876163E-06
  214  0.45046403E-06
  215  0.44276837E-06
  216  0.43555923E-06
  217  0.42890687E-06
  218  0.42273481E-06
  219  0.41704342E-06
  220  0.41194494E-06
  221  0.40740557E-06
  222  0.40338344E-06
  223  0.39992827E-06
  224  0.39708331E-06
  225  0.39483677E-06
  226  0.39321159E-06
  227  0.39214365E-06
  228  0.39173281E-06
  229  0.39197886E-06
  230  0.39286772E-06
  231  0.39454611E-06
  232  0.39687595E-06
  233  0.40001220E-06
  234  0.40393968E-06
  235  0.40864936E-06
  236  0.41423283E-06
  237  0.42080316E-06
  238  0.42827128E-06
  239  0.43678432E-06
  240  0.44635212E-06
  241  0.45711437E-06
  242  0.46903696E-06
  243  0.48229657E-06
  244  0.49698025E-06
  245  0.51301765E-06
  246  0.53059290E-06
  247  0.54999970E-06
  248  0.57122793E-06
  249  0.59428140E-06
  250  0.61955188E-06
  251  0.64715732E-06
  252  0.67701063E-06
  253  0.70959766E-06
  254  0.74484467E-06
  255  0.78307630E-06
  256  0.82440323E-06
  257  0.86934926E-06
  258  0.91775405E-06
  259  0.97026827E-06
  260  0.10267221E-05
  261  0.10875693E-05
  262  0.11536397E-05
  263  0.12241926E-05
  264  0.13001796E-05
  265  0.13819880E-05
  266  0.14694655E-05
  267  0.15634630E-05
  268  0.16640894E-05
  269  0.17715720E-05
  270  0.18867596E-05
  271  0.20093375E-05
  272  0.21402859E-05
  273  0.22794500E-05
  274  0.24275357E-05
  275  0.25847355E-05
  276  0.27511596E-05
  277  0.29281312E-05
  278  0.31151169E-05
  279  0.33125386E-05
  280  0.35208561E-05
  281  0.37402181E-05
  282  0.39716615E-05
  283  0.42143233E-05
  284  0.44689018E-05
  285  0.47357616E-05
  286  0.50154899E-05
  287  0.53074932E-05
  288  0.56124172E-05
  289  0.59299596E-05
  290  0.62609647E-05
  291  0.66044586E-05
  292  0.69608614E-05
  293  0.73311176E-05
  294  0.77138957E-05
  295  0.81090957E-05
  296  0.85173970E-05
  297  0.89382229E-05
  298  0.93717308E-05
  299  0.98163764E-05
  300  0.10273116E-04
  301  0.10741424E-04
  302  0.11220603E-04
  303  0.11710486E-04
  304  0.12210099E-04
  305  0.12719664E-04
  306  0.13238177E-04
  307  0.13765423E-04
  308  0.14299970E-04
  309  0.14841820E-04
  310  0.15390280E-04
  311  0.15945088E-04
  312  0.16504076E-04
  313  0.17066974E-04
  314  0.17634899E-04
  315  0.18204775E-04
  316  0.18776769E-04
  317  0.19349107E-04
  318  0.19922674E-04
  319  0.20494224E-04
  320  0.21065984E-04
  321  0.21633481E-04
  322  0.22199300E-04
  323  0.22759787E-04
  324  0.23316907E-04
  325  0.23867526E-04
  326  0.24411260E-04
  327  0.24948411E-04
  328  0.25476587E-04
  329  0.25995763E-04
  330  0.26505357E-04
  331  0.27004739E-04
  332  0.27492333E-04
  333  0.27968050E-04
  334  0.28431037E-04
  335  0.28881021E-04
  336  0.29317058E-04
  337  0.29738796E-04
  338  0.30144807E-04
  339  0.30535517E-04
  340  0.30910487E-04
  341  0.31268944E-04
  342  0.31610412E-04
  343  0.31934673E-04
  344  0.32241369E-04
  345  0.32529260E-04
  346  0.32800119E-04
  347  0.33051729E-04
  348  0.33284734E-04
  349  0.33498705E-04
  350  0.33694309E-04
  351  0.33869859E-04
  352  0.34026791E-04
  353  0.34164139E-04
  354  0.34282039E-04
  355  0.34380802E-04
  356  0.34460663E-04
  357  0.34520865E-04
  358  0.34562137E-04
  359  0.34584453E-04
  360  0.34587723E-04
 ]; 
