stt = [ 
    1  0.45900904E-01
    2  0.45886915E-01
    3  0.45827188E-01
    4  0.45721509E-01
    5  0.45570727E-01
    6  0.45375261E-01
    7  0.45136396E-01
    8  0.44854827E-01
    9  0.44532098E-01
   10  0.44169541E-01
   11  0.43769054E-01
   12  0.43332249E-01
   13  0.42861104E-01
   14  0.42357896E-01
   15  0.41824672E-01
   16  0.41264083E-01
   17  0.40678378E-01
   18  0.40070403E-01
   19  0.39442666E-01
   20  0.38797934E-01
   21  0.38139198E-01
   22  0.37469305E-01
   23  0.36791127E-01
   24  0.36107693E-01
   25  0.35421643E-01
   26  0.34736134E-01
   27  0.34054030E-01
   28  0.33378299E-01
   29  0.32711554E-01
   30  0.32056727E-01
   31  0.31416476E-01
   32  0.30793363E-01
   33  0.30189771E-01
   34  0.29608170E-01
   35  0.29051047E-01
   36  0.28520072E-01
   37  0.28017597E-01
   38  0.27545277E-01
   39  0.27104866E-01
   40  0.26698004E-01
   41  0.26326071E-01
   42  0.25990063E-01
   43  0.25690980E-01
   44  0.25430033E-01
   45  0.25207536E-01
   46  0.25024164E-01
   47  0.24880262E-01
   48  0.24775792E-01
   49  0.24710735E-01
   50  0.24685293E-01
   51  0.24698718E-01
   52  0.24750469E-01
   53  0.24840061E-01
   54  0.24966450E-01
   55  0.25128935E-01
   56  0.25326150E-01
   57  0.25556915E-01
   58  0.25819765E-01
   59  0.26113370E-01
   60  0.26436063E-01
   61  0.26786041E-01
   62  0.27161833E-01
   63  0.27561545E-01
   64  0.27982829E-01
   65  0.28424181E-01
   66  0.28883329E-01
   67  0.29358301E-01
   68  0.29846935E-01
   69  0.30347349E-01
   70  0.30857336E-01
   71  0.31374365E-01
   72  0.31896867E-01
   73  0.32422487E-01
   74  0.32949515E-01
   75  0.33475563E-01
   76  0.33998590E-01
   77  0.34516893E-01
   78  0.35028752E-01
   79  0.35532128E-01
   80  0.36025200E-01
   81  0.36506303E-01
   82  0.36973663E-01
   83  0.37426326E-01
   84  0.37862346E-01
   85  0.38280625E-01
   86  0.38679942E-01
   87  0.39058894E-01
   88  0.39416291E-01
   89  0.39752215E-01
   90  0.40064476E-01
   91  0.40352620E-01
   92  0.40616199E-01
   93  0.40854495E-01
   94  0.41067418E-01
   95  0.41254349E-01
   96  0.41414134E-01
   97  0.41547831E-01
   98  0.41654490E-01
   99  0.41733969E-01
  100  0.41787285E-01
  101  0.41813534E-01
  102  0.41813180E-01
  103  0.41786529E-01
  104  0.41734055E-01
  105  0.41655947E-01
  106  0.41552804E-01
  107  0.41424878E-01
  108  0.41272867E-01
  109  0.41097656E-01
  110  0.40899470E-01
  111  0.40679373E-01
  112  0.40437620E-01
  113  0.40175583E-01
  114  0.39893847E-01
  115  0.39592981E-01
  116  0.39274070E-01
  117  0.38938198E-01
  118  0.38585979E-01
  119  0.38218431E-01
  120  0.37836418E-01
  121  0.37440892E-01
  122  0.37032820E-01
  123  0.36613319E-01
  124  0.36183272E-01
  125  0.35743497E-01
  126  0.35294969E-01
  127  0.34838662E-01
  128  0.34375552E-01
  129  0.33906732E-01
  130  0.33432513E-01
  131  0.32954596E-01
  132  0.32473538E-01
  133  0.31989921E-01
  134  0.31504843E-01
  135  0.31019321E-01
  136  0.30533979E-01
  137  0.30049648E-01
  138  0.29567027E-01
  139  0.29087074E-01
  140  0.28610295E-01
  141  0.28137544E-01
  142  0.27669657E-01
  143  0.27206881E-01
  144  0.26750192E-01
  145  0.26300088E-01
  146  0.25857093E-01
  147  0.25421873E-01
  148  0.24994839E-01
  149  0.24576550E-01
  150  0.24167635E-01
  151  0.23768388E-01
  152  0.23379294E-01
  153  0.23000667E-01
  154  0.22632955E-01
  155  0.22276586E-01
  156  0.21931598E-01
  157  0.21598587E-01
  158  0.21277683E-01
  159  0.20969354E-01
  160  0.20673558E-01
  161  0.20390714E-01
  162  0.20120820E-01
  163  0.19864172E-01
  164  0.19621078E-01
  165  0.19391356E-01
  166  0.19175420E-01
  167  0.18973304E-01
  168  0.18784959E-01
  169  0.18610639E-01
  170  0.18450504E-01
  171  0.18304329E-01
  172  0.18172385E-01
  173  0.18054686E-01
  174  0.17951269E-01
  175  0.17862095E-01
  176  0.17787218E-01
  177  0.17726753E-01
  178  0.17680697E-01
  179  0.17648814E-01
  180  0.17631436E-01
  181  0.17628457E-01
  182  0.17639827E-01
  183  0.17665634E-01
  184  0.17705698E-01
  185  0.17760079E-01
  186  0.17828839E-01
  187  0.17912073E-01
  188  0.18009381E-01
  189  0.18120982E-01
  190  0.18246856E-01
  191  0.18386777E-01
  192  0.18540820E-01
  193  0.18709037E-01
  194  0.18891178E-01
  195  0.19087108E-01
  196  0.19297037E-01
  197  0.19520519E-01
  198  0.19757671E-01
  199  0.20008197E-01
  200  0.20272113E-01
  201  0.20549057E-01
  202  0.20839019E-01
  203  0.21141663E-01
  204  0.21456974E-01
  205  0.21784505E-01
  206  0.22124032E-01
  207  0.22475343E-01
  208  0.22838034E-01
  209  0.23211958E-01
  210  0.23596626E-01
  211  0.23991674E-01
  212  0.24396690E-01
  213  0.24811320E-01
  214  0.25235116E-01
  215  0.25667340E-01
  216  0.26107870E-01
  217  0.26556022E-01
  218  0.27011115E-01
  219  0.27472600E-01
  220  0.27940141E-01
  221  0.28412689E-01
  222  0.28890021E-01
  223  0.29371085E-01
  224  0.29855283E-01
  225  0.30341890E-01
  226  0.30830381E-01
  227  0.31319652E-01
  228  0.31808898E-01
  229  0.32297499E-01
  230  0.32784425E-01
  231  0.33269186E-01
  232  0.33750419E-01
  233  0.34227394E-01
  234  0.34699213E-01
  235  0.35165116E-01
  236  0.35624024E-01
  237  0.36074851E-01
  238  0.36517132E-01
  239  0.36949359E-01
  240  0.37370924E-01
  241  0.37780557E-01
  242  0.38177323E-01
  243  0.38560640E-01
  244  0.38929284E-01
  245  0.39281938E-01
  246  0.39618421E-01
  247  0.39937355E-01
  248  0.40237851E-01
  249  0.40519040E-01
  250  0.40780224E-01
  251  0.41020423E-01
  252  0.41239023E-01
  253  0.41435130E-01
  254  0.41607935E-01
  255  0.41756794E-01
  256  0.41881163E-01
  257  0.41980460E-01
  258  0.42053800E-01
  259  0.42101670E-01
  260  0.42122554E-01
  261  0.42116508E-01
  262  0.42083602E-01
  263  0.42023234E-01
  264  0.41935526E-01
  265  0.41820530E-01
  266  0.41677818E-01
  267  0.41507825E-01
  268  0.41311063E-01
  269  0.41086908E-01
  270  0.40836900E-01
  271  0.40561143E-01
  272  0.40259689E-01
  273  0.39934326E-01
  274  0.39585188E-01
  275  0.39212622E-01
  276  0.38818441E-01
  277  0.38403504E-01
  278  0.37969228E-01
  279  0.37516244E-01
  280  0.37046816E-01
  281  0.36561657E-01
  282  0.36062956E-01
  283  0.35551500E-01
  284  0.35029911E-01
  285  0.34499343E-01
  286  0.33962015E-01
  287  0.33419538E-01
  288  0.32874476E-01
  289  0.32328144E-01
  290  0.31783067E-01
  291  0.31241043E-01
  292  0.30704610E-01
  293  0.30175870E-01
  294  0.29656317E-01
  295  0.29148968E-01
  296  0.28655400E-01
  297  0.28178250E-01
  298  0.27719278E-01
  299  0.27280547E-01
  300  0.26864348E-01
  301  0.26472157E-01
  302  0.26106147E-01
  303  0.25768429E-01
  304  0.25460076E-01
  305  0.25183385E-01
  306  0.24939558E-01
  307  0.24729889E-01
  308  0.24555860E-01
  309  0.24418524E-01
  310  0.24318878E-01
  311  0.24257606E-01
  312  0.24235850E-01
  313  0.24253929E-01
  314  0.24312083E-01
  315  0.24410607E-01
  316  0.24549594E-01
  317  0.24728842E-01
  318  0.24948142E-01
  319  0.25206825E-01
  320  0.25504360E-01
  321  0.25839690E-01
  322  0.26211983E-01
  323  0.26619991E-01
  324  0.27062319E-01
  325  0.27537385E-01
  326  0.28043440E-01
  327  0.28578676E-01
  328  0.29141132E-01
  329  0.29728565E-01
  330  0.30338701E-01
  331  0.30969333E-01
  332  0.31617641E-01
  333  0.32281257E-01
  334  0.32957349E-01
  335  0.33643197E-01
  336  0.34335818E-01
  337  0.35032570E-01
  338  0.35730459E-01
  339  0.36426425E-01
  340  0.37117589E-01
  341  0.37800968E-01
  342  0.38473286E-01
  343  0.39132360E-01
  344  0.39774936E-01
  345  0.40398266E-01
  346  0.40999416E-01
  347  0.41576058E-01
  348  0.42125560E-01
  349  0.42645313E-01
  350  0.43133482E-01
  351  0.43587394E-01
  352  0.44005327E-01
  353  0.44385538E-01
  354  0.44726130E-01
  355  0.45025587E-01
  356  0.45283012E-01
  357  0.45496590E-01
  358  0.45665734E-01
  359  0.45790080E-01
  360  0.45868449E-01
 ]; 
