spt = [ 
    1  0.34742192E-04
    2  0.34705736E-04
    3  0.34651042E-04
    4  0.34577799E-04
    5  0.34486526E-04
    6  0.34377346E-04
    7  0.34250370E-04
    8  0.34106532E-04
    9  0.33945373E-04
   10  0.33767737E-04
   11  0.33574037E-04
   12  0.33363856E-04
   13  0.33138629E-04
   14  0.32898592E-04
   15  0.32643286E-04
   16  0.32374170E-04
   17  0.32090960E-04
   18  0.31794301E-04
   19  0.31485022E-04
   20  0.31162654E-04
   21  0.30829116E-04
   22  0.30483312E-04
   23  0.30127085E-04
   24  0.29760078E-04
   25  0.29382432E-04
   26  0.28995293E-04
   27  0.28599708E-04
   28  0.28194858E-04
   29  0.27782327E-04
   30  0.27361035E-04
   31  0.26934340E-04
   32  0.26500329E-04
   33  0.26059653E-04
   34  0.25614419E-04
   35  0.25162972E-04
   36  0.24707446E-04
   37  0.24247985E-04
   38  0.23785013E-04
   39  0.23318808E-04
   40  0.22850247E-04
   41  0.22379227E-04
   42  0.21906737E-04
   43  0.21433149E-04
   44  0.20958300E-04
   45  0.20483652E-04
   46  0.20009402E-04
   47  0.19535781E-04
   48  0.19063245E-04
   49  0.18592527E-04
   50  0.18123706E-04
   51  0.17657310E-04
   52  0.17193845E-04
   53  0.16733959E-04
   54  0.16277889E-04
   55  0.15825935E-04
   56  0.15377898E-04
   57  0.14935212E-04
   58  0.14497939E-04
   59  0.14065558E-04
   60  0.13639014E-04
   61  0.13219488E-04
   62  0.12805751E-04
   63  0.12399530E-04
   64  0.11999930E-04
   65  0.11606915E-04
   66  0.11222270E-04
   67  0.10845149E-04
   68  0.10476236E-04
   69  0.10114615E-04
   70  0.97619832E-05
   71  0.94178722E-05
   72  0.90816284E-05
   73  0.87547278E-05
   74  0.84360072E-05
   75  0.81264743E-05
   76  0.78255825E-05
   77  0.75334592E-05
   78  0.72500225E-05
   79  0.69761354E-05
   80  0.67103574E-05
   81  0.64537439E-05
   82  0.62058343E-05
   83  0.59661475E-05
   84  0.57356260E-05
   85  0.55134801E-05
   86  0.52995065E-05
   87  0.50937024E-05
   88  0.48959882E-05
   89  0.47063195E-05
   90  0.45245947E-05
   91  0.43501286E-05
   92  0.41833068E-05
   93  0.40235295E-05
   94  0.38711455E-05
   95  0.37256095E-05
   96  0.35867636E-05
   97  0.34543862E-05
   98  0.33282906E-05
   99  0.32083269E-05
  100  0.30944789E-05
  101  0.29861044E-05
  102  0.28830477E-05
  103  0.27857275E-05
  104  0.26930934E-05
  105  0.26058372E-05
  106  0.25230031E-05
  107  0.24450944E-05
  108  0.23711777E-05
  109  0.23018551E-05
  110  0.22360719E-05
  111  0.21742903E-05
  112  0.21163492E-05
  113  0.20616415E-05
  114  0.20105970E-05
  115  0.19625945E-05
  116  0.19176784E-05
  117  0.18756234E-05
  118  0.18363461E-05
  119  0.17998046E-05
  120  0.17654251E-05
  121  0.17335392E-05
  122  0.17040848E-05
  123  0.16765518E-05
  124  0.16511218E-05
  125  0.16273282E-05
  126  0.16055465E-05
  127  0.15853319E-05
  128  0.15663840E-05
  129  0.15490511E-05
  130  0.15330349E-05
  131  0.15181441E-05
  132  0.15044993E-05
  133  0.14917654E-05
  134  0.14799371E-05
  135  0.14689986E-05
  136  0.14587869E-05
  137  0.14491197E-05
  138  0.14399835E-05
  139  0.14314811E-05
  140  0.14232711E-05
  141  0.14155344E-05
  142  0.14079154E-05
  143  0.14004435E-05
  144  0.13932893E-05
  145  0.13861186E-05
  146  0.13788582E-05
  147  0.13716229E-05
  148  0.13642009E-05
  149  0.13568686E-05
  150  0.13490752E-05
  151  0.13411892E-05
  152  0.13329703E-05
  153  0.13244021E-05
  154  0.13155523E-05
  155  0.13064345E-05
  156  0.12967937E-05
  157  0.12868642E-05
  158  0.12764908E-05
  159  0.12657380E-05
  160  0.12544452E-05
  161  0.12428153E-05
  162  0.12307584E-05
  163  0.12182281E-05
  164  0.12053405E-05
  165  0.11919930E-05
  166  0.11782162E-05
  167  0.11641127E-05
  168  0.11496278E-05
  169  0.11347839E-05
  170  0.11195859E-05
  171  0.11040405E-05
  172  0.10883130E-05
  173  0.10722065E-05
  174  0.10559505E-05
  175  0.10394338E-05
  176  0.10227523E-05
  177  0.10058892E-05
  178  0.98887585E-06
  179  0.97183795E-06
  180  0.95465168E-06
  181  0.93744279E-06
  182  0.92019621E-06
  183  0.90297618E-06
  184  0.88577934E-06
  185  0.86866277E-06
  186  0.85160133E-06
  187  0.83465625E-06
  188  0.81786516E-06
  189  0.80121612E-06
  190  0.78478280E-06
  191  0.76855031E-06
  192  0.75252086E-06
  193  0.73675812E-06
  194  0.72122111E-06
  195  0.70600811E-06
  196  0.69108933E-06
  197  0.67648739E-06
  198  0.66220980E-06
  199  0.64825423E-06
  200  0.63478177E-06
  201  0.62164793E-06
  202  0.60885344E-06
  203  0.59641133E-06
  204  0.58445829E-06
  205  0.57293227E-06
  206  0.56177663E-06
  207  0.55109564E-06
  208  0.54084018E-06
  209  0.53109699E-06
  210  0.52176080E-06
  211  0.51295478E-06
  212  0.50460227E-06
  213  0.49671013E-06
  214  0.48934686E-06
  215  0.48246216E-06
  216  0.47607583E-06
  217  0.47026722E-06
  218  0.46495157E-06
  219  0.46015694E-06
  220  0.45595047E-06
  221  0.45219525E-06
  222  0.44900938E-06
  223  0.44642601E-06
  224  0.44439847E-06
  225  0.44300086E-06
  226  0.44214420E-06
  227  0.44201246E-06
  228  0.44246073E-06
  229  0.44354823E-06
  230  0.44524117E-06
  231  0.44775499E-06
  232  0.45100123E-06
  233  0.45486360E-06
  234  0.45967118E-06
  235  0.46529840E-06
  236  0.47164360E-06
  237  0.47904888E-06
  238  0.48728634E-06
  239  0.49658047E-06
  240  0.50693887E-06
  241  0.51851327E-06
  242  0.53130748E-06
  243  0.54525663E-06
  244  0.56065386E-06
  245  0.57756029E-06
  246  0.59606617E-06
  247  0.61617260E-06
  248  0.63821807E-06
  249  0.66209549E-06
  250  0.68819321E-06
  251  0.71643399E-06
  252  0.74710169E-06
  253  0.78041853E-06
  254  0.81643344E-06
  255  0.85544048E-06
  256  0.89775057E-06
  257  0.94328516E-06
  258  0.99252327E-06
  259  0.10457396E-05
  260  0.11029261E-05
  261  0.11649855E-05
  262  0.12314781E-05
  263  0.13030023E-05
  264  0.13800386E-05
  265  0.14623940E-05
  266  0.15508956E-05
  267  0.16455722E-05
  268  0.17471941E-05
  269  0.18558436E-05
  270  0.19715178E-05
  271  0.20951347E-05
  272  0.22267448E-05
  273  0.23667849E-05
  274  0.25158311E-05
  275  0.26740136E-05
  276  0.28416484E-05
  277  0.30191216E-05
  278  0.32068069E-05
  279  0.34050722E-05
  280  0.36142178E-05
  281  0.38345629E-05
  282  0.40665586E-05
  283  0.43097107E-05
  284  0.45652178E-05
  285  0.48331631E-05
  286  0.51134375E-05
  287  0.54061406E-05
  288  0.57120533E-05
  289  0.60300804E-05
  290  0.63611878E-05
  291  0.67052592E-05
  292  0.70628043E-05
  293  0.74332206E-05
  294  0.78161102E-05
  295  0.82122406E-05
  296  0.86207810E-05
  297  0.90423146E-05
  298  0.94754869E-05
  299  0.99210520E-05
  300  0.10377837E-04
  301  0.10846520E-04
  302  0.11326271E-04
  303  0.11816494E-04
  304  0.12316517E-04
  305  0.12826293E-04
  306  0.13345310E-04
  307  0.13872790E-04
  308  0.14407992E-04
  309  0.14950288E-04
  310  0.15499305E-04
  311  0.16054399E-04
  312  0.16614689E-04
  313  0.17178687E-04
  314  0.17747114E-04
  315  0.18317574E-04
  316  0.18890789E-04
  317  0.19464343E-04
  318  0.20038869E-04
  319  0.20612173E-04
  320  0.21184764E-04
  321  0.21754613E-04
  322  0.22321483E-04
  323  0.22884557E-04
  324  0.23442395E-04
  325  0.23994815E-04
  326  0.24540845E-04
  327  0.25079373E-04
  328  0.25610057E-04
  329  0.26131016E-04
  330  0.26643056E-04
  331  0.27144497E-04
  332  0.27634007E-04
  333  0.28112627E-04
  334  0.28577339E-04
  335  0.29029974E-04
  336  0.29468325E-04
  337  0.29892024E-04
  338  0.30300847E-04
  339  0.30693907E-04
  340  0.31070795E-04
  341  0.31431926E-04
  342  0.31774976E-04
  343  0.32101667E-04
  344  0.32409538E-04
  345  0.32700209E-04
  346  0.32971751E-04
  347  0.33225224E-04
  348  0.33459557E-04
  349  0.33674802E-04
  350  0.33870401E-04
  351  0.34047298E-04
  352  0.34204455E-04
  353  0.34342254E-04
  354  0.34460270E-04
  355  0.34558914E-04
  356  0.34637542E-04
  357  0.34697179E-04
  358  0.34737317E-04
  359  0.34758134E-04
  360  0.34759621E-04
 ]; 
