stt = [ 
    1  0.46025187E-01
    2  0.46011955E-01
    3  0.45952462E-01
    4  0.45846984E-01
    5  0.45696460E-01
    6  0.45501322E-01
    7  0.45262307E-01
    8  0.44980630E-01
    9  0.44657700E-01
   10  0.44294976E-01
   11  0.43893948E-01
   12  0.43456737E-01
   13  0.42985026E-01
   14  0.42481169E-01
   15  0.41946970E-01
   16  0.41385558E-01
   17  0.40798686E-01
   18  0.40189575E-01
   19  0.39560564E-01
   20  0.38914468E-01
   21  0.38254209E-01
   22  0.37582625E-01
   23  0.36902450E-01
   24  0.36216982E-01
   25  0.35528772E-01
   26  0.34841068E-01
   27  0.34156721E-01
   28  0.33478107E-01
   29  0.32808673E-01
   30  0.32150906E-01
   31  0.31507678E-01
   32  0.30881194E-01
   33  0.30274285E-01
   34  0.29689027E-01
   35  0.29128024E-01
   36  0.28593207E-01
   37  0.28086713E-01
   38  0.27610149E-01
   39  0.27165547E-01
   40  0.26754171E-01
   41  0.26377430E-01
   42  0.26036605E-01
   43  0.25732704E-01
   44  0.25466595E-01
   45  0.25238913E-01
   46  0.25050141E-01
   47  0.24900919E-01
   48  0.24790952E-01
   49  0.24720440E-01
   50  0.24689203E-01
   51  0.24696743E-01
   52  0.24742777E-01
   53  0.24826445E-01
   54  0.24947025E-01
   55  0.25103291E-01
   56  0.25294624E-01
   57  0.25519481E-01
   58  0.25776288E-01
   59  0.26064133E-01
   60  0.26380882E-01
   61  0.26724895E-01
   62  0.27094940E-01
   63  0.27488820E-01
   64  0.27904609E-01
   65  0.28340295E-01
   66  0.28794173E-01
   67  0.29263623E-01
   68  0.29747292E-01
   69  0.30242406E-01
   70  0.30747436E-01
   71  0.31260002E-01
   72  0.31778112E-01
   73  0.32299228E-01
   74  0.32821972E-01
   75  0.33343501E-01
   76  0.33863164E-01
   77  0.34377955E-01
   78  0.34886189E-01
   79  0.35386164E-01
   80  0.35876080E-01
   81  0.36354542E-01
   82  0.36819533E-01
   83  0.37269529E-01
   84  0.37703715E-01
   85  0.38119845E-01
   86  0.38517460E-01
   87  0.38894858E-01
   88  0.39251458E-01
   89  0.39585683E-01
   90  0.39897118E-01
   91  0.40184543E-01
   92  0.40447693E-01
   93  0.40685903E-01
   94  0.40898189E-01
   95  0.41085187E-01
   96  0.41245576E-01
   97  0.41379273E-01
   98  0.41486729E-01
   99  0.41567352E-01
  100  0.41621231E-01
  101  0.41648306E-01
  102  0.41649248E-01
  103  0.41623805E-01
  104  0.41572753E-01
  105  0.41496176E-01
  106  0.41394450E-01
  107  0.41268282E-01
  108  0.41118424E-01
  109  0.40944863E-01
  110  0.40748633E-01
  111  0.40530257E-01
  112  0.40290836E-01
  113  0.40030956E-01
  114  0.39751101E-01
  115  0.39452616E-01
  116  0.39136082E-01
  117  0.38802464E-01
  118  0.38452320E-01
  119  0.38087100E-01
  120  0.37707392E-01
  121  0.37314031E-01
  122  0.36908399E-01
  123  0.36491234E-01
  124  0.36063388E-01
  125  0.35625763E-01
  126  0.35179414E-01
  127  0.34725420E-01
  128  0.34264442E-01
  129  0.33797637E-01
  130  0.33325639E-01
  131  0.32849684E-01
  132  0.32370415E-01
  133  0.31888798E-01
  134  0.31405888E-01
  135  0.30922119E-01
  136  0.30438554E-01
  137  0.29956166E-01
  138  0.29475166E-01
  139  0.28996918E-01
  140  0.28521840E-01
  141  0.28050641E-01
  142  0.27584128E-01
  143  0.27122892E-01
  144  0.26667617E-01
  145  0.26218891E-01
  146  0.25777310E-01
  147  0.25343433E-01
  148  0.24917664E-01
  149  0.24500793E-01
  150  0.24093008E-01
  151  0.23694960E-01
  152  0.23306893E-01
  153  0.22929272E-01
  154  0.22562720E-01
  155  0.22207284E-01
  156  0.21863332E-01
  157  0.21531366E-01
  158  0.21211486E-01
  159  0.20903949E-01
  160  0.20609180E-01
  161  0.20327209E-01
  162  0.20058155E-01
  163  0.19802535E-01
  164  0.19560160E-01
  165  0.19331330E-01
  166  0.19116316E-01
  167  0.18915055E-01
  168  0.18727476E-01
  169  0.18554227E-01
  170  0.18394779E-01
  171  0.18249562E-01
  172  0.18118417E-01
  173  0.18001577E-01
  174  0.17898977E-01
  175  0.17810734E-01
  176  0.17736744E-01
  177  0.17677186E-01
  178  0.17631944E-01
  179  0.17601103E-01
  180  0.17584639E-01
  181  0.17582493E-01
  182  0.17594887E-01
  183  0.17621506E-01
  184  0.17662665E-01
  185  0.17718015E-01
  186  0.17787842E-01
  187  0.17871901E-01
  188  0.17970316E-01
  189  0.18082891E-01
  190  0.18209804E-01
  191  0.18350765E-01
  192  0.18505812E-01
  193  0.18675005E-01
  194  0.18858213E-01
  195  0.19055279E-01
  196  0.19266058E-01
  197  0.19490575E-01
  198  0.19728551E-01
  199  0.19980049E-01
  200  0.20244826E-01
  201  0.20522675E-01
  202  0.20813504E-01
  203  0.21116968E-01
  204  0.21433115E-01
  205  0.21761145E-01
  206  0.22101372E-01
  207  0.22453349E-01
  208  0.22816559E-01
  209  0.23190884E-01
  210  0.23575913E-01
  211  0.23971271E-01
  212  0.24376521E-01
  213  0.24791157E-01
  214  0.25214888E-01
  215  0.25647165E-01
  216  0.26087398E-01
  217  0.26535029E-01
  218  0.26989764E-01
  219  0.27450662E-01
  220  0.27917452E-01
  221  0.28389150E-01
  222  0.28865328E-01
  223  0.29345360E-01
  224  0.29828256E-01
  225  0.30313481E-01
  226  0.30800153E-01
  227  0.31287622E-01
  228  0.31775076E-01
  229  0.32261547E-01
  230  0.32746285E-01
  231  0.33228621E-01
  232  0.33707358E-01
  233  0.34181919E-01
  234  0.34650981E-01
  235  0.35113905E-01
  236  0.35569649E-01
  237  0.36017444E-01
  238  0.36456253E-01
  239  0.36885086E-01
  240  0.37302956E-01
  241  0.37708975E-01
  242  0.38102262E-01
  243  0.38481440E-01
  244  0.38846321E-01
  245  0.39195176E-01
  246  0.39527502E-01
  247  0.39842453E-01
  248  0.40138889E-01
  249  0.40416107E-01
  250  0.40673204E-01
  251  0.40909376E-01
  252  0.41123826E-01
  253  0.41315723E-01
  254  0.41484687E-01
  255  0.41629713E-01
  256  0.41749746E-01
  257  0.41845493E-01
  258  0.41915264E-01
  259  0.41959260E-01
  260  0.41976597E-01
  261  0.41967321E-01
  262  0.41931041E-01
  263  0.41867647E-01
  264  0.41776869E-01
  265  0.41659191E-01
  266  0.41513890E-01
  267  0.41341610E-01
  268  0.41142587E-01
  269  0.40916923E-01
  270  0.40664811E-01
  271  0.40387463E-01
  272  0.40085036E-01
  273  0.39758582E-01
  274  0.39408382E-01
  275  0.39035492E-01
  276  0.38641360E-01
  277  0.38226049E-01
  278  0.37792217E-01
  279  0.37339836E-01
  280  0.36871172E-01
  281  0.36387037E-01
  282  0.35889424E-01
  283  0.35379920E-01
  284  0.34860041E-01
  285  0.34331765E-01
  286  0.33796836E-01
  287  0.33257041E-01
  288  0.32715064E-01
  289  0.32171845E-01
  290  0.31629968E-01
  291  0.31092020E-01
  292  0.30559704E-01
  293  0.30034725E-01
  294  0.29519642E-01
  295  0.29016888E-01
  296  0.28528018E-01
  297  0.28055841E-01
  298  0.27601710E-01
  299  0.27168263E-01
  300  0.26757142E-01
  301  0.26370544E-01
  302  0.26010212E-01
  303  0.25678096E-01
  304  0.25375588E-01
  305  0.25104737E-01
  306  0.24866747E-01
  307  0.24662865E-01
  308  0.24494862E-01
  309  0.24363514E-01
  310  0.24269829E-01
  311  0.24214728E-01
  312  0.24198819E-01
  313  0.24222821E-01
  314  0.24286786E-01
  315  0.24391295E-01
  316  0.24536086E-01
  317  0.24721166E-01
  318  0.24946000E-01
  319  0.25210397E-01
  320  0.25513211E-01
  321  0.25854031E-01
  322  0.26231607E-01
  323  0.26644530E-01
  324  0.27092109E-01
  325  0.27571976E-01
  326  0.28082775E-01
  327  0.28622808E-01
  328  0.29189523E-01
  329  0.29781444E-01
  330  0.30395918E-01
  331  0.31030435E-01
  332  0.31682756E-01
  333  0.32350156E-01
  334  0.33029888E-01
  335  0.33719253E-01
  336  0.34415476E-01
  337  0.35115391E-01
  338  0.35816114E-01
  339  0.36515292E-01
  340  0.37208982E-01
  341  0.37895214E-01
  342  0.38570281E-01
  343  0.39231636E-01
  344  0.39876420E-01
  345  0.40501874E-01
  346  0.41105267E-01
  347  0.41683860E-01
  348  0.42235162E-01
  349  0.42756665E-01
  350  0.43246418E-01
  351  0.43701965E-01
  352  0.44121530E-01
  353  0.44502795E-01
  354  0.44844668E-01
  355  0.45145337E-01
  356  0.45403425E-01
  357  0.45618188E-01
  358  0.45788344E-01
  359  0.45913201E-01
  360  0.45992065E-01
 ]; 
