spt = [ 
    1  0.34574328E-04
    2  0.34529145E-04
    3  0.34465946E-04
    4  0.34384419E-04
    5  0.34285298E-04
    6  0.34168323E-04
    7  0.34034703E-04
    8  0.33883418E-04
    9  0.33715660E-04
   10  0.33531342E-04
   11  0.33331722E-04
   12  0.33116739E-04
   13  0.32886477E-04
   14  0.32641132E-04
   15  0.32381919E-04
   16  0.32108503E-04
   17  0.31821488E-04
   18  0.31521984E-04
   19  0.31209325E-04
   20  0.30884545E-04
   21  0.30548876E-04
   22  0.30201041E-04
   23  0.29842558E-04
   24  0.29474380E-04
   25  0.29096111E-04
   26  0.28709130E-04
   27  0.28311915E-04
   28  0.27907614E-04
   29  0.27495144E-04
   30  0.27075370E-04
   31  0.26648808E-04
   32  0.26215941E-04
   33  0.25777330E-04
   34  0.25332944E-04
   35  0.24884404E-04
   36  0.24430972E-04
   37  0.23974124E-04
   38  0.23513581E-04
   39  0.23050059E-04
   40  0.22584603E-04
   41  0.22116517E-04
   42  0.21647651E-04
   43  0.21177882E-04
   44  0.20706930E-04
   45  0.20236446E-04
   46  0.19766556E-04
   47  0.19297089E-04
   48  0.18828721E-04
   49  0.18362676E-04
   50  0.17898708E-04
   51  0.17437143E-04
   52  0.16979022E-04
   53  0.16523400E-04
   54  0.16072367E-04
   55  0.15625439E-04
   56  0.15182395E-04
   57  0.14745166E-04
   58  0.14312548E-04
   59  0.13885770E-04
   60  0.13464979E-04
   61  0.13049888E-04
   62  0.12642068E-04
   63  0.12239674E-04
   64  0.11844871E-04
   65  0.11457772E-04
   66  0.11078265E-04
   67  0.10706126E-04
   68  0.10341544E-04
   69  0.99850749E-05
   70  0.96370732E-05
   71  0.92971504E-05
   72  0.89658288E-05
   73  0.86423152E-05
   74  0.83282466E-05
   75  0.80224145E-05
   76  0.77256700E-05
   77  0.74376239E-05
   78  0.71577419E-05
   79  0.68870459E-05
   80  0.66248335E-05
   81  0.63712678E-05
   82  0.61262076E-05
   83  0.58900346E-05
   84  0.56619401E-05
   85  0.54425982E-05
   86  0.52309588E-05
   87  0.50276308E-05
   88  0.48323554E-05
   89  0.46446885E-05
   90  0.44643853E-05
   91  0.42920660E-05
   92  0.41268063E-05
   93  0.39689185E-05
   94  0.38176659E-05
   95  0.36734543E-05
   96  0.35354358E-05
   97  0.34041097E-05
   98  0.32787461E-05
   99  0.31595798E-05
  100  0.30462547E-05
  101  0.29382506E-05
  102  0.28358529E-05
  103  0.27384788E-05
  104  0.26463572E-05
  105  0.25590950E-05
  106  0.24763090E-05
  107  0.23977500E-05
  108  0.23239184E-05
  109  0.22539773E-05
  110  0.21879589E-05
  111  0.21259095E-05
  112  0.20670818E-05
  113  0.20120278E-05
  114  0.19602194E-05
  115  0.19114364E-05
  116  0.18656949E-05
  117  0.18228873E-05
  118  0.17826673E-05
  119  0.17451305E-05
  120  0.17099225E-05
  121  0.16770750E-05
  122  0.16464707E-05
  123  0.16178435E-05
  124  0.15914718E-05
  125  0.15665695E-05
  126  0.15436982E-05
  127  0.15222502E-05
  128  0.15024343E-05
  129  0.14841703E-05
  130  0.14669074E-05
  131  0.14511636E-05
  132  0.14362810E-05
  133  0.14226827E-05
  134  0.14099381E-05
  135  0.13981130E-05
  136  0.13869550E-05
  137  0.13765896E-05
  138  0.13667926E-05
  139  0.13576426E-05
  140  0.13487291E-05
  141  0.13403836E-05
  142  0.13322546E-05
  143  0.13244673E-05
  144  0.13168434E-05
  145  0.13093226E-05
  146  0.13019517E-05
  147  0.12946425E-05
  148  0.12870389E-05
  149  0.12795690E-05
  150  0.12718781E-05
  151  0.12641281E-05
  152  0.12561673E-05
  153  0.12479453E-05
  154  0.12393922E-05
  155  0.12306733E-05
  156  0.12215631E-05
  157  0.12121170E-05
  158  0.12024583E-05
  159  0.11923197E-05
  160  0.11818238E-05
  161  0.11710383E-05
  162  0.11597637E-05
  163  0.11482108E-05
  164  0.11362597E-05
  165  0.11239508E-05
  166  0.11113231E-05
  167  0.10982725E-05
  168  0.10849399E-05
  169  0.10713466E-05
  170  0.10573184E-05
  171  0.10430881E-05
  172  0.10285688E-05
  173  0.10138190E-05
  174  0.99894271E-06
  175  0.98377188E-06
  176  0.96842371E-06
  177  0.95298623E-06
  178  0.93739129E-06
  179  0.92169898E-06
  180  0.90592908E-06
  181  0.89014742E-06
  182  0.87432426E-06
  183  0.85852076E-06
  184  0.84272563E-06
  185  0.82704383E-06
  186  0.81137927E-06
  187  0.79584532E-06
  188  0.78046088E-06
  189  0.76520377E-06
  190  0.75011536E-06
  191  0.73523796E-06
  192  0.72056753E-06
  193  0.70614749E-06
  194  0.69197552E-06
  195  0.67805934E-06
  196  0.66439861E-06
  197  0.65103382E-06
  198  0.63802298E-06
  199  0.62538697E-06
  200  0.61303069E-06
  201  0.60102525E-06
  202  0.58944795E-06
  203  0.57821774E-06
  204  0.56735541E-06
  205  0.55694881E-06
  206  0.54688240E-06
  207  0.53728053E-06
  208  0.52806502E-06
  209  0.51933057E-06
  210  0.51102666E-06
  211  0.50324047E-06
  212  0.49585361E-06
  213  0.48894452E-06
  214  0.48248899E-06
  215  0.47651079E-06
  216  0.47112644E-06
  217  0.46616617E-06
  218  0.46173258E-06
  219  0.45786399E-06
  220  0.45448340E-06
  221  0.45166183E-06
  222  0.44935064E-06
  223  0.44766247E-06
  224  0.44657290E-06
  225  0.44602180E-06
  226  0.44607222E-06
  227  0.44680448E-06
  228  0.44813069E-06
  229  0.45016122E-06
  230  0.45292222E-06
  231  0.45646539E-06
  232  0.46068533E-06
  233  0.46566424E-06
  234  0.47153239E-06
  235  0.47821192E-06
  236  0.48583018E-06
  237  0.49443645E-06
  238  0.50409426E-06
  239  0.51470766E-06
  240  0.52659402E-06
  241  0.53952840E-06
  242  0.55385351E-06
  243  0.56952166E-06
  244  0.58666586E-06
  245  0.60530652E-06
  246  0.62579801E-06
  247  0.64796063E-06
  248  0.67214211E-06
  249  0.69807902E-06
  250  0.72643360E-06
  251  0.75715786E-06
  252  0.79049471E-06
  253  0.82630595E-06
  254  0.86516525E-06
  255  0.90711478E-06
  256  0.95227762E-06
  257  0.10011621E-05
  258  0.10537672E-05
  259  0.11104351E-05
  260  0.11712583E-05
  261  0.12367727E-05
  262  0.13071104E-05
  263  0.13825263E-05
  264  0.14635448E-05
  265  0.15501759E-05
  266  0.16429262E-05
  267  0.17423422E-05
  268  0.18480872E-05
  269  0.19614574E-05
  270  0.20821421E-05
  271  0.22104605E-05
  272  0.23471066E-05
  273  0.24924209E-05
  274  0.26466128E-05
  275  0.28099562E-05
  276  0.29828680E-05
  277  0.31655329E-05
  278  0.33587951E-05
  279  0.35627309E-05
  280  0.37771749E-05
  281  0.40031259E-05
  282  0.42403262E-05
  283  0.44893736E-05
  284  0.47503495E-05
  285  0.50233371E-05
  286  0.53087442E-05
  287  0.56073554E-05
  288  0.59181975E-05
  289  0.62413346E-05
  290  0.65774252E-05
  291  0.69271628E-05
  292  0.72886710E-05
  293  0.76636670E-05
  294  0.80511063E-05
  295  0.84518097E-05
  296  0.88637162E-05
  297  0.92890023E-05
  298  0.97264165E-05
  299  0.10174799E-04
  300  0.10635044E-04
  301  0.11106464E-04
  302  0.11588040E-04
  303  0.12080432E-04
  304  0.12582272E-04
  305  0.13094008E-04
  306  0.13613272E-04
  307  0.14142050E-04
  308  0.14677665E-04
  309  0.15219687E-04
  310  0.15768348E-04
  311  0.16321563E-04
  312  0.16880560E-04
  313  0.17442964E-04
  314  0.18008714E-04
  315  0.18576533E-04
  316  0.19146046E-04
  317  0.19716903E-04
  318  0.20286205E-04
  319  0.20855878E-04
  320  0.21422828E-04
  321  0.21987513E-04
  322  0.22548766E-04
  323  0.23105475E-04
  324  0.23656752E-04
  325  0.24201756E-04
  326  0.24740242E-04
  327  0.25271231E-04
  328  0.25792857E-04
  329  0.26305668E-04
  330  0.26808544E-04
  331  0.27300759E-04
  332  0.27780690E-04
  333  0.28248847E-04
  334  0.28704566E-04
  335  0.29145818E-04
  336  0.29573208E-04
  337  0.29986977E-04
  338  0.30384454E-04
  339  0.30766707E-04
  340  0.31132466E-04
  341  0.31481526E-04
  342  0.31813524E-04
  343  0.32127529E-04
  344  0.32424319E-04
  345  0.32702894E-04
  346  0.32963500E-04
  347  0.33204855E-04
  348  0.33428016E-04
  349  0.33631637E-04
  350  0.33816264E-04
  351  0.33981538E-04
  352  0.34127745E-04
  353  0.34254510E-04
  354  0.34361481E-04
  355  0.34449517E-04
  356  0.34518172E-04
  357  0.34567285E-04
  358  0.34597713E-04
  359  0.34608860E-04
  360  0.34600758E-04
 ]; 
