stt = [ 
    1  0.44641785E-01
    2  0.44628892E-01
    3  0.44571105E-01
    4  0.44469215E-01
    5  0.44323102E-01
    6  0.44133514E-01
    7  0.43902129E-01
    8  0.43629050E-01
    9  0.43315932E-01
   10  0.42964298E-01
   11  0.42575747E-01
   12  0.42151988E-01
   13  0.41694731E-01
   14  0.41206401E-01
   15  0.40689066E-01
   16  0.40145110E-01
   17  0.39576899E-01
   18  0.38986798E-01
   19  0.38377795E-01
   20  0.37752327E-01
   21  0.37113141E-01
   22  0.36463179E-01
   23  0.35805251E-01
   24  0.35142098E-01
   25  0.34476694E-01
   26  0.33811655E-01
   27  0.33150129E-01
   28  0.32494746E-01
   29  0.31848103E-01
   30  0.31213058E-01
   31  0.30592179E-01
   32  0.29987870E-01
   33  0.29402887E-01
   34  0.28839121E-01
   35  0.28298883E-01
   36  0.27784411E-01
   37  0.27297562E-01
   38  0.26839994E-01
   39  0.26413435E-01
   40  0.26019335E-01
   41  0.25659090E-01
   42  0.25333693E-01
   43  0.25044376E-01
   44  0.24791857E-01
   45  0.24576701E-01
   46  0.24399443E-01
   47  0.24260638E-01
   48  0.24159977E-01
   49  0.24097761E-01
   50  0.24073567E-01
   51  0.24087096E-01
   52  0.24138009E-01
   53  0.24225453E-01
   54  0.24348835E-01
   55  0.24506846E-01
   56  0.24698425E-01
   57  0.24922684E-01
   58  0.25178190E-01
   59  0.25463577E-01
   60  0.25776913E-01
   61  0.26117098E-01
   62  0.26481822E-01
   63  0.26869796E-01
   64  0.27279241E-01
   65  0.27707942E-01
   66  0.28153559E-01
   67  0.28615108E-01
   68  0.29090030E-01
   69  0.29576479E-01
   70  0.30071639E-01
   71  0.30574566E-01
   72  0.31083068E-01
   73  0.31594634E-01
   74  0.32107476E-01
   75  0.32619815E-01
   76  0.33129580E-01
   77  0.33635005E-01
   78  0.34134425E-01
   79  0.34626056E-01
   80  0.35107981E-01
   81  0.35578895E-01
   82  0.36037005E-01
   83  0.36481235E-01
   84  0.36909886E-01
   85  0.37321620E-01
   86  0.37715800E-01
   87  0.38090728E-01
   88  0.38445257E-01
   89  0.38779307E-01
   90  0.39091248E-01
   91  0.39380472E-01
   92  0.39646730E-01
   93  0.39888710E-01
   94  0.40107012E-01
   95  0.40300477E-01
   96  0.40468339E-01
   97  0.40611751E-01
   98  0.40729549E-01
   99  0.40821929E-01
  100  0.40888857E-01
  101  0.40930614E-01
  102  0.40947270E-01
  103  0.40938847E-01
  104  0.40905811E-01
  105  0.40848751E-01
  106  0.40767517E-01
  107  0.40663190E-01
  108  0.40535744E-01
  109  0.40386055E-01
  110  0.40214822E-01
  111  0.40022474E-01
  112  0.39809633E-01
  113  0.39576951E-01
  114  0.39325524E-01
  115  0.39056234E-01
  116  0.38769055E-01
  117  0.38465429E-01
  118  0.38146280E-01
  119  0.37812151E-01
  120  0.37463959E-01
  121  0.37102550E-01
  122  0.36729030E-01
  123  0.36344059E-01
  124  0.35948474E-01
  125  0.35543200E-01
  126  0.35129312E-01
  127  0.34707416E-01
  128  0.34278423E-01
  129  0.33843379E-01
  130  0.33402938E-01
  131  0.32958284E-01
  132  0.32509696E-01
  133  0.32058571E-01
  134  0.31605158E-01
  135  0.31150991E-01
  136  0.30696135E-01
  137  0.30241445E-01
  138  0.29788056E-01
  139  0.29336460E-01
  140  0.28887285E-01
  141  0.28441317E-01
  142  0.27999278E-01
  143  0.27561694E-01
  144  0.27129212E-01
  145  0.26702533E-01
  146  0.26282106E-01
  147  0.25868447E-01
  148  0.25462111E-01
  149  0.25063915E-01
  150  0.24673920E-01
  151  0.24292652E-01
  152  0.23920983E-01
  153  0.23558717E-01
  154  0.23206636E-01
  155  0.22864932E-01
  156  0.22534089E-01
  157  0.22214282E-01
  158  0.21905892E-01
  159  0.21609137E-01
  160  0.21324441E-01
  161  0.21052064E-01
  162  0.20791924E-01
  163  0.20544402E-01
  164  0.20309733E-01
  165  0.20088112E-01
  166  0.19879606E-01
  167  0.19684272E-01
  168  0.19502511E-01
  169  0.19334052E-01
  170  0.19179394E-01
  171  0.19038280E-01
  172  0.18910974E-01
  173  0.18797450E-01
  174  0.18697947E-01
  175  0.18612280E-01
  176  0.18540703E-01
  177  0.18483005E-01
  178  0.18439438E-01
  179  0.18409826E-01
  180  0.18394461E-01
  181  0.18393014E-01
  182  0.18405685E-01
  183  0.18432446E-01
  184  0.18473284E-01
  185  0.18528081E-01
  186  0.18596901E-01
  187  0.18679785E-01
  188  0.18776370E-01
  189  0.18887062E-01
  190  0.19011525E-01
  191  0.19149804E-01
  192  0.19301776E-01
  193  0.19467322E-01
  194  0.19646414E-01
  195  0.19838870E-01
  196  0.20044785E-01
  197  0.20263661E-01
  198  0.20495655E-01
  199  0.20740420E-01
  200  0.20998035E-01
  201  0.21268122E-01
  202  0.21550501E-01
  203  0.21844665E-01
  204  0.22150850E-01
  205  0.22468600E-01
  206  0.22797471E-01
  207  0.23137454E-01
  208  0.23487873E-01
  209  0.23848634E-01
  210  0.24219261E-01
  211  0.24599411E-01
  212  0.24988653E-01
  213  0.25386499E-01
  214  0.25792463E-01
  215  0.26206240E-01
  216  0.26627067E-01
  217  0.27054591E-01
  218  0.27488194E-01
  219  0.27927283E-01
  220  0.28371306E-01
  221  0.28819555E-01
  222  0.29271483E-01
  223  0.29726295E-01
  224  0.30183505E-01
  225  0.30642297E-01
  226  0.31101707E-01
  227  0.31561468E-01
  228  0.32020431E-01
  229  0.32478027E-01
  230  0.32933246E-01
  231  0.33385463E-01
  232  0.33833873E-01
  233  0.34277819E-01
  234  0.34715790E-01
  235  0.35147365E-01
  236  0.35571747E-01
  237  0.35987895E-01
  238  0.36394991E-01
  239  0.36792025E-01
  240  0.37178386E-01
  241  0.37553035E-01
  242  0.37914664E-01
  243  0.38263142E-01
  244  0.38597103E-01
  245  0.38915854E-01
  246  0.39218388E-01
  247  0.39504010E-01
  248  0.39771926E-01
  249  0.40021103E-01
  250  0.40250845E-01
  251  0.40460441E-01
  252  0.40649362E-01
  253  0.40816318E-01
  254  0.40961482E-01
  255  0.41083485E-01
  256  0.41182112E-01
  257  0.41256666E-01
  258  0.41307155E-01
  259  0.41332476E-01
  260  0.41332591E-01
  261  0.41307282E-01
  262  0.41255984E-01
  263  0.41179050E-01
  264  0.41075889E-01
  265  0.40946878E-01
  266  0.40791456E-01
  267  0.40610310E-01
  268  0.40403713E-01
  269  0.40171679E-01
  270  0.39915007E-01
  271  0.39633457E-01
  272  0.39328221E-01
  273  0.38999893E-01
  274  0.38648963E-01
  275  0.38276728E-01
  276  0.37883703E-01
  277  0.37471056E-01
  278  0.37039876E-01
  279  0.36591586E-01
  280  0.36127727E-01
  281  0.35649016E-01
  282  0.35157509E-01
  283  0.34654357E-01
  284  0.34141734E-01
  285  0.33620797E-01
  286  0.33093948E-01
  287  0.32562353E-01
  288  0.32028370E-01
  289  0.31493615E-01
  290  0.30960700E-01
  291  0.30430613E-01
  292  0.29906476E-01
  293  0.29389638E-01
  294  0.28882461E-01
  295  0.28387338E-01
  296  0.27905857E-01
  297  0.27440166E-01
  298  0.26992315E-01
  299  0.26564363E-01
  300  0.26158320E-01
  301  0.25775848E-01
  302  0.25419069E-01
  303  0.25089601E-01
  304  0.24788927E-01
  305  0.24518825E-01
  306  0.24280882E-01
  307  0.24076287E-01
  308  0.23906101E-01
  309  0.23771765E-01
  310  0.23674065E-01
  311  0.23613911E-01
  312  0.23591917E-01
  313  0.23608537E-01
  314  0.23664413E-01
  315  0.23759516E-01
  316  0.23893964E-01
  317  0.24067359E-01
  318  0.24279919E-01
  319  0.24530631E-01
  320  0.24819138E-01
  321  0.25144497E-01
  322  0.25505982E-01
  323  0.25901841E-01
  324  0.26331212E-01
  325  0.26792435E-01
  326  0.27283709E-01
  327  0.27803596E-01
  328  0.28349895E-01
  329  0.28920528E-01
  330  0.29513111E-01
  331  0.30125638E-01
  332  0.30755557E-01
  333  0.31400256E-01
  334  0.32057151E-01
  335  0.32723553E-01
  336  0.33396784E-01
  337  0.34073781E-01
  338  0.34751907E-01
  339  0.35428237E-01
  340  0.36100049E-01
  341  0.36763903E-01
  342  0.37417818E-01
  343  0.38058482E-01
  344  0.38682941E-01
  345  0.39288778E-01
  346  0.39873358E-01
  347  0.40434074E-01
  348  0.40968131E-01
  349  0.41473698E-01
  350  0.41948311E-01
  351  0.42389985E-01
  352  0.42796470E-01
  353  0.43166220E-01
  354  0.43497410E-01
  355  0.43788888E-01
  356  0.44039320E-01
  357  0.44247493E-01
  358  0.44412434E-01
  359  0.44533297E-01
  360  0.44610109E-01
 ]; 
