spt = [ 
    1  0.34671375E-04
    2  0.34628956E-04
    3  0.34567911E-04
    4  0.34488432E-04
    5  0.34391498E-04
    6  0.34276152E-04
    7  0.34143490E-04
    8  0.33993663E-04
    9  0.33827280E-04
   10  0.33644068E-04
   11  0.33445081E-04
   12  0.33230350E-04
   13  0.32999676E-04
   14  0.32754455E-04
   15  0.32494816E-04
   16  0.32220923E-04
   17  0.31933680E-04
   18  0.31632673E-04
   19  0.31319079E-04
   20  0.30993233E-04
   21  0.30655330E-04
   22  0.30305458E-04
   23  0.29945732E-04
   24  0.29574965E-04
   25  0.29194567E-04
   26  0.28804679E-04
   27  0.28405626E-04
   28  0.27998496E-04
   29  0.27582815E-04
   30  0.27159918E-04
   31  0.26729860E-04
   32  0.26293877E-04
   33  0.25851625E-04
   34  0.25404324E-04
   35  0.24951756E-04
   36  0.24494651E-04
   37  0.24033534E-04
   38  0.23569188E-04
   39  0.23102313E-04
   40  0.22631813E-04
   41  0.22160009E-04
   42  0.21686903E-04
   43  0.21213160E-04
   44  0.20737851E-04
   45  0.20263760E-04
   46  0.19788913E-04
   47  0.19314994E-04
   48  0.18844123E-04
   49  0.18373790E-04
   50  0.17905519E-04
   51  0.17440554E-04
   52  0.16977596E-04
   53  0.16518234E-04
   54  0.16063577E-04
   55  0.15613346E-04
   56  0.15167098E-04
   57  0.14725963E-04
   58  0.14290370E-04
   59  0.13859859E-04
   60  0.13435652E-04
   61  0.13017695E-04
   62  0.12606648E-04
   63  0.12202758E-04
   64  0.11805594E-04
   65  0.11415999E-04
   66  0.11033558E-04
   67  0.10659283E-04
   68  0.10293222E-04
   69  0.99352783E-05
   70  0.95852556E-05
   71  0.92437858E-05
   72  0.89114310E-05
   73  0.85876109E-05
   74  0.82719725E-05
   75  0.79648398E-05
   76  0.76679207E-05
   77  0.73786109E-05
   78  0.70988262E-05
   79  0.68278528E-05
   80  0.65658310E-05
   81  0.63123766E-05
   82  0.60671409E-05
   83  0.58310484E-05
   84  0.56034287E-05
   85  0.53843005E-05
   86  0.51733159E-05
   87  0.49707246E-05
   88  0.47758217E-05
   89  0.45889851E-05
   90  0.44095800E-05
   91  0.42381926E-05
   92  0.40741161E-05
   93  0.39168640E-05
   94  0.37674570E-05
   95  0.36241242E-05
   96  0.34869408E-05
   97  0.33573647E-05
   98  0.32332953E-05
   99  0.31153336E-05
  100  0.30037365E-05
  101  0.28972411E-05
  102  0.27961305E-05
  103  0.27004257E-05
  104  0.26102944E-05
  105  0.25241679E-05
  106  0.24429689E-05
  107  0.23662933E-05
  108  0.22938930E-05
  109  0.22257802E-05
  110  0.21614503E-05
  111  0.21011574E-05
  112  0.20442471E-05
  113  0.19908468E-05
  114  0.19411173E-05
  115  0.18940387E-05
  116  0.18503025E-05
  117  0.18093872E-05
  118  0.17712080E-05
  119  0.17354604E-05
  120  0.17021893E-05
  121  0.16715255E-05
  122  0.16427691E-05
  123  0.16162530E-05
  124  0.15917130E-05
  125  0.15691488E-05
  126  0.15480987E-05
  127  0.15289545E-05
  128  0.15111418E-05
  129  0.14947332E-05
  130  0.14797303E-05
  131  0.14658942E-05
  132  0.14532473E-05
  133  0.14415473E-05
  134  0.14308343E-05
  135  0.14209504E-05
  136  0.14118536E-05
  137  0.14034823E-05
  138  0.13955741E-05
  139  0.13881219E-05
  140  0.13811446E-05
  141  0.13746663E-05
  142  0.13683031E-05
  143  0.13620743E-05
  144  0.13560746E-05
  145  0.13502299E-05
  146  0.13443204E-05
  147  0.13384362E-05
  148  0.13322936E-05
  149  0.13261532E-05
  150  0.13198134E-05
  151  0.13131391E-05
  152  0.13062646E-05
  153  0.12990580E-05
  154  0.12915860E-05
  155  0.12836900E-05
  156  0.12753944E-05
  157  0.12667474E-05
  158  0.12576908E-05
  159  0.12481486E-05
  160  0.12382030E-05
  161  0.12278008E-05
  162  0.12169636E-05
  163  0.12056778E-05
  164  0.11939160E-05
  165  0.11818696E-05
  166  0.11692924E-05
  167  0.11563009E-05
  168  0.11429292E-05
  169  0.11291280E-05
  170  0.11150822E-05
  171  0.11006812E-05
  172  0.10859291E-05
  173  0.10709470E-05
  174  0.10556718E-05
  175  0.10400679E-05
  176  0.10243608E-05
  177  0.10084532E-05
  178  0.99237877E-06
  179  0.97613406E-06
  180  0.95986695E-06
  181  0.94348059E-06
  182  0.92705903E-06
  183  0.91064646E-06
  184  0.89422696E-06
  185  0.87783729E-06
  186  0.86150726E-06
  187  0.84531814E-06
  188  0.82921389E-06
  189  0.81318001E-06
  190  0.79741585E-06
  191  0.78179033E-06
  192  0.76637883E-06
  193  0.75118612E-06
  194  0.73620362E-06
  195  0.72155058E-06
  196  0.70720046E-06
  197  0.69308760E-06
  198  0.67933058E-06
  199  0.66587501E-06
  200  0.65281574E-06
  201  0.64010271E-06
  202  0.62771795E-06
  203  0.61575099E-06
  204  0.60416232E-06
  205  0.59299367E-06
  206  0.58226755E-06
  207  0.57195024E-06
  208  0.56212286E-06
  209  0.55263388E-06
  210  0.54365586E-06
  211  0.53511599E-06
  212  0.52708464E-06
  213  0.51953413E-06
  214  0.51252010E-06
  215  0.50588426E-06
  216  0.49983066E-06
  217  0.49430844E-06
  218  0.48926040E-06
  219  0.48473640E-06
  220  0.48082620E-06
  221  0.47741173E-06
  222  0.47460722E-06
  223  0.47236716E-06
  224  0.47071438E-06
  225  0.46967921E-06
  226  0.46921764E-06
  227  0.46941389E-06
  228  0.47027524E-06
  229  0.47181391E-06
  230  0.47412988E-06
  231  0.47709642E-06
  232  0.48077078E-06
  233  0.48523896E-06
  234  0.49052954E-06
  235  0.49682438E-06
  236  0.50380334E-06
  237  0.51196508E-06
  238  0.52092111E-06
  239  0.53110176E-06
  240  0.54230730E-06
  241  0.55476568E-06
  242  0.56838229E-06
  243  0.58336894E-06
  244  0.59983012E-06
  245  0.61774608E-06
  246  0.63734228E-06
  247  0.65869273E-06
  248  0.68198017E-06
  249  0.70711081E-06
  250  0.73441925E-06
  251  0.76414801E-06
  252  0.79626528E-06
  253  0.83104430E-06
  254  0.86856159E-06
  255  0.90923760E-06
  256  0.95306081E-06
  257  0.10004837E-05
  258  0.10515913E-05
  259  0.11067949E-05
  260  0.11659806E-05
  261  0.12297196E-05
  262  0.12983012E-05
  263  0.13719012E-05
  264  0.14509844E-05
  265  0.15357002E-05
  266  0.16265459E-05
  267  0.17236961E-05
  268  0.18275679E-05
  269  0.19385204E-05
  270  0.20568007E-05
  271  0.21829089E-05
  272  0.23172104E-05
  273  0.24598307E-05
  274  0.26115356E-05
  275  0.27723911E-05
  276  0.29429284E-05
  277  0.31230099E-05
  278  0.33132358E-05
  279  0.35147191E-05
  280  0.37267557E-05
  281  0.39499068E-05
  282  0.41846547E-05
  283  0.44312796E-05
  284  0.46894788E-05
  285  0.49601495E-05
  286  0.52433315E-05
  287  0.55389069E-05
  288  0.58472569E-05
  289  0.61682445E-05
  290  0.65021750E-05
  291  0.68495451E-05
  292  0.72090616E-05
  293  0.75822386E-05
  294  0.79678430E-05
  295  0.83663326E-05
  296  0.87773215E-05
  297  0.92009614E-05
  298  0.96364920E-05
  299  0.10083921E-04
  300  0.10543019E-04
  301  0.11013429E-04
  302  0.11494431E-04
  303  0.11986431E-04
  304  0.12487726E-04
  305  0.12998670E-04
  306  0.13518254E-04
  307  0.14046810E-04
  308  0.14582665E-04
  309  0.15125112E-04
  310  0.15674410E-04
  311  0.16229335E-04
  312  0.16788495E-04
  313  0.17353357E-04
  314  0.17920509E-04
  315  0.18489842E-04
  316  0.19061339E-04
  317  0.19633095E-04
  318  0.20206440E-04
  319  0.20777392E-04
  320  0.21347920E-04
  321  0.21914972E-04
  322  0.22479657E-04
  323  0.23039609E-04
  324  0.23593268E-04
  325  0.24142768E-04
  326  0.24685032E-04
  327  0.25219884E-04
  328  0.25745650E-04
  329  0.26262374E-04
  330  0.26769769E-04
  331  0.27266129E-04
  332  0.27751264E-04
  333  0.28223329E-04
  334  0.28683738E-04
  335  0.29130726E-04
  336  0.29562882E-04
  337  0.29980827E-04
  338  0.30383626E-04
  339  0.30771102E-04
  340  0.31141390E-04
  341  0.31495409E-04
  342  0.31832107E-04
  343  0.32152002E-04
  344  0.32453616E-04
  345  0.32736898E-04
  346  0.33001696E-04
  347  0.33248609E-04
  348  0.33475877E-04
  349  0.33684486E-04
  350  0.33873552E-04
  351  0.34043023E-04
  352  0.34193668E-04
  353  0.34324265E-04
  354  0.34435725E-04
  355  0.34527329E-04
  356  0.34599616E-04
  357  0.34652563E-04
  358  0.34685585E-04
  359  0.34699919E-04
  360  0.34694942E-04
 ]; 
