spt = [ 
    1  0.34756416E-04
    2  0.34717756E-04
    3  0.34660421E-04
    4  0.34584158E-04
    5  0.34489713E-04
    6  0.34377521E-04
    7  0.34247514E-04
    8  0.34100507E-04
    9  0.33935859E-04
   10  0.33754444E-04
   11  0.33557157E-04
   12  0.33343735E-04
   13  0.33114768E-04
   14  0.32870284E-04
   15  0.32611515E-04
   16  0.32338234E-04
   17  0.32050830E-04
   18  0.31750224E-04
   19  0.31436721E-04
   20  0.31110256E-04
   21  0.30771815E-04
   22  0.30422021E-04
   23  0.30060430E-04
   24  0.29689021E-04
   25  0.29306593E-04
   26  0.28914879E-04
   27  0.28514316E-04
   28  0.28104849E-04
   29  0.27686367E-04
   30  0.27261571E-04
   31  0.26829195E-04
   32  0.26389878E-04
   33  0.25944602E-04
   34  0.25493911E-04
   35  0.25037694E-04
   36  0.24577015E-04
   37  0.24111876E-04
   38  0.23644110E-04
   39  0.23172401E-04
   40  0.22698548E-04
   41  0.22222424E-04
   42  0.21745558E-04
   43  0.21266631E-04
   44  0.20787165E-04
   45  0.20307967E-04
   46  0.19829000E-04
   47  0.19350320E-04
   48  0.18873397E-04
   49  0.18398141E-04
   50  0.17925626E-04
   51  0.17455188E-04
   52  0.16987882E-04
   53  0.16524415E-04
   54  0.16064283E-04
   55  0.15608883E-04
   56  0.15157972E-04
   57  0.14712106E-04
   58  0.14271922E-04
   59  0.13837265E-04
   60  0.13409247E-04
   61  0.12986826E-04
   62  0.12571532E-04
   63  0.12163433E-04
   64  0.11762690E-04
   65  0.11368728E-04
   66  0.10983312E-04
   67  0.10605389E-04
   68  0.10235750E-04
   69  0.98745513E-05
   70  0.95222067E-05
   71  0.91779366E-05
   72  0.88426768E-05
   73  0.85165293E-05
   74  0.81984817E-05
   75  0.78901876E-05
   76  0.75905032E-05
   77  0.72999110E-05
   78  0.70184874E-05
   79  0.67465389E-05
   80  0.64828296E-05
   81  0.62282502E-05
   82  0.59829604E-05
   83  0.57458296E-05
   84  0.55181308E-05
   85  0.52986838E-05
   86  0.50876251E-05
   87  0.48852648E-05
   88  0.46907762E-05
   89  0.45041152E-05
   90  0.43253717E-05
   91  0.41546346E-05
   92  0.39910747E-05
   93  0.38353255E-05
   94  0.36861720E-05
   95  0.35441926E-05
   96  0.34085822E-05
   97  0.32799526E-05
   98  0.31573873E-05
   99  0.30408680E-05
  100  0.29306248E-05
  101  0.28256529E-05
  102  0.27266378E-05
  103  0.26323837E-05
  104  0.25438085E-05
  105  0.24596818E-05
  106  0.23805599E-05
  107  0.23056318E-05
  108  0.22353900E-05
  109  0.21689775E-05
  110  0.21067087E-05
  111  0.20481707E-05
  112  0.19933366E-05
  113  0.19420102E-05
  114  0.18937693E-05
  115  0.18488504E-05
  116  0.18068673E-05
  117  0.17677996E-05
  118  0.17316968E-05
  119  0.16978053E-05
  120  0.16663358E-05
  121  0.16372417E-05
  122  0.16105257E-05
  123  0.15858520E-05
  124  0.15627802E-05
  125  0.15419851E-05
  126  0.15224832E-05
  127  0.15050059E-05
  128  0.14886394E-05
  129  0.14739135E-05
  130  0.14603941E-05
  131  0.14480004E-05
  132  0.14366304E-05
  133  0.14263726E-05
  134  0.14169449E-05
  135  0.14083181E-05
  136  0.14003335E-05
  137  0.13930260E-05
  138  0.13862197E-05
  139  0.13799969E-05
  140  0.13739839E-05
  141  0.13684722E-05
  142  0.13630442E-05
  143  0.13576671E-05
  144  0.13525923E-05
  145  0.13474579E-05
  146  0.13422075E-05
  147  0.13370021E-05
  148  0.13315178E-05
  149  0.13258724E-05
  150  0.13202075E-05
  151  0.13141307E-05
  152  0.13076460E-05
  153  0.13008856E-05
  154  0.12937194E-05
  155  0.12861468E-05
  156  0.12782612E-05
  157  0.12698057E-05
  158  0.12609594E-05
  159  0.12516115E-05
  160  0.12418066E-05
  161  0.12315430E-05
  162  0.12207762E-05
  163  0.12095434E-05
  164  0.11978919E-05
  165  0.11857543E-05
  166  0.11730875E-05
  167  0.11601080E-05
  168  0.11466425E-05
  169  0.11327620E-05
  170  0.11186072E-05
  171  0.11040481E-05
  172  0.10891539E-05
  173  0.10739572E-05
  174  0.10584833E-05
  175  0.10427459E-05
  176  0.10268326E-05
  177  0.10106867E-05
  178  0.99445072E-06
  179  0.97800876E-06
  180  0.96149017E-06
  181  0.94491185E-06
  182  0.92827548E-06
  183  0.91162946E-06
  184  0.89497502E-06
  185  0.87839447E-06
  186  0.86184281E-06
  187  0.84542910E-06
  188  0.82911851E-06
  189  0.81294394E-06
  190  0.79697855E-06
  191  0.78116642E-06
  192  0.76561884E-06
  193  0.75020472E-06
  194  0.73521261E-06
  195  0.72038546E-06
  196  0.70586617E-06
  197  0.69166964E-06
  198  0.67781593E-06
  199  0.66422280E-06
  200  0.65110765E-06
  201  0.63826758E-06
  202  0.62586275E-06
  203  0.61386288E-06
  204  0.60225534E-06
  205  0.59106225E-06
  206  0.58028883E-06
  207  0.56998039E-06
  208  0.56015989E-06
  209  0.55068165E-06
  210  0.54178150E-06
  211  0.53328802E-06
  212  0.52531357E-06
  213  0.51778881E-06
  214  0.51077870E-06
  215  0.50430009E-06
  216  0.49826070E-06
  217  0.49282636E-06
  218  0.48785495E-06
  219  0.48346959E-06
  220  0.47957593E-06
  221  0.47631190E-06
  222  0.47353689E-06
  223  0.47142220E-06
  224  0.46974517E-06
  225  0.46877008E-06
  226  0.46847478E-06
  227  0.46863354E-06
  228  0.46952314E-06
  229  0.47111891E-06
  230  0.47347015E-06
  231  0.47636081E-06
  232  0.48015454E-06
  233  0.48460237E-06
  234  0.48980729E-06
  235  0.49598827E-06
  236  0.50294665E-06
  237  0.51085544E-06
  238  0.51971068E-06
  239  0.52964634E-06
  240  0.54062150E-06
  241  0.55268708E-06
  242  0.56609417E-06
  243  0.58077410E-06
  244  0.59670811E-06
  245  0.61430353E-06
  246  0.63318708E-06
  247  0.65407909E-06
  248  0.67667617E-06
  249  0.70122104E-06
  250  0.72777152E-06
  251  0.75661035E-06
  252  0.78777424E-06
  253  0.82173437E-06
  254  0.85824172E-06
  255  0.89773937E-06
  256  0.94032089E-06
  257  0.98637736E-06
  258  0.10363086E-05
  259  0.10897278E-05
  260  0.11473408E-05
  261  0.12093959E-05
  262  0.12761028E-05
  263  0.13476406E-05
  264  0.14249550E-05
  265  0.15074501E-05
  266  0.15960189E-05
  267  0.16906765E-05
  268  0.17920934E-05
  269  0.19003938E-05
  270  0.20161654E-05
  271  0.21395470E-05
  272  0.22709555E-05
  273  0.24107526E-05
  274  0.25590491E-05
  275  0.27168546E-05
  276  0.28836937E-05
  277  0.30607889E-05
  278  0.32477669E-05
  279  0.34456068E-05
  280  0.36539248E-05
  281  0.38736466E-05
  282  0.41048684E-05
  283  0.43474670E-05
  284  0.46023324E-05
  285  0.48690913E-05
  286  0.51485249E-05
  287  0.54404309E-05
  288  0.57453349E-05
  289  0.60627249E-05
  290  0.63931975E-05
  291  0.67365891E-05
  292  0.70930842E-05
  293  0.74623708E-05
  294  0.78446410E-05
  295  0.82407250E-05
  296  0.86486998E-05
  297  0.90687226E-05
  298  0.95017267E-05
  299  0.99467607E-05
  300  0.10403823E-04
  301  0.10871619E-04
  302  0.11351239E-04
  303  0.11840984E-04
  304  0.12341258E-04
  305  0.12850675E-04
  306  0.13369649E-04
  307  0.13897279E-04
  308  0.14432025E-04
  309  0.14975394E-04
  310  0.15523550E-04
  311  0.16079490E-04
  312  0.16640444E-04
  313  0.17205217E-04
  314  0.17773778E-04
  315  0.18345163E-04
  316  0.18918008E-04
  317  0.19493049E-04
  318  0.20067862E-04
  319  0.20642312E-04
  320  0.21214708E-04
  321  0.21786451E-04
  322  0.22353475E-04
  323  0.22917638E-04
  324  0.23476556E-04
  325  0.24029758E-04
  326  0.24576297E-04
  327  0.25115602E-04
  328  0.25647021E-04
  329  0.26168691E-04
  330  0.26681862E-04
  331  0.27183403E-04
  332  0.27674057E-04
  333  0.28152946E-04
  334  0.28618877E-04
  335  0.29071591E-04
  336  0.29510556E-04
  337  0.29934406E-04
  338  0.30342953E-04
  339  0.30736279E-04
  340  0.31113548E-04
  341  0.31473661E-04
  342  0.31817144E-04
  343  0.32142681E-04
  344  0.32450735E-04
  345  0.32740300E-04
  346  0.33011613E-04
  347  0.33263812E-04
  348  0.33497068E-04
  349  0.33711407E-04
  350  0.33906203E-04
  351  0.34081670E-04
  352  0.34237062E-04
  353  0.34373341E-04
  354  0.34489680E-04
  355  0.34586486E-04
  356  0.34663444E-04
  357  0.34721044E-04
  358  0.34758708E-04
  359  0.34777149E-04
  360  0.34776323E-04
 ]; 
