stt = [ 
    1  0.46338510E-01
    2  0.46325326E-01
    3  0.46266336E-01
    4  0.46160955E-01
    5  0.46010025E-01
    6  0.45814540E-01
    7  0.45575023E-01
    8  0.45292798E-01
    9  0.44969223E-01
   10  0.44605475E-01
   11  0.44203632E-01
   12  0.43765329E-01
   13  0.43292459E-01
   14  0.42787477E-01
   15  0.42252332E-01
   16  0.41689623E-01
   17  0.41101884E-01
   18  0.40491540E-01
   19  0.39861538E-01
   20  0.39214630E-01
   21  0.38553383E-01
   22  0.37881240E-01
   23  0.37200782E-01
   24  0.36514822E-01
   25  0.35826705E-01
   26  0.35139184E-01
   27  0.34455042E-01
   28  0.33777222E-01
   29  0.33108719E-01
   30  0.32452345E-01
   31  0.31810604E-01
   32  0.31186119E-01
   33  0.30581595E-01
   34  0.29999061E-01
   35  0.29441029E-01
   36  0.28909758E-01
   37  0.28407132E-01
   38  0.27934715E-01
   39  0.27494723E-01
   40  0.27088374E-01
   41  0.26716970E-01
   42  0.26381934E-01
   43  0.26084194E-01
   44  0.25824694E-01
   45  0.25603944E-01
   46  0.25422569E-01
   47  0.25280792E-01
   48  0.25178788E-01
   49  0.25116559E-01
   50  0.25093785E-01
   51  0.25110397E-01
   52  0.25165377E-01
   53  0.25258403E-01
   54  0.25388565E-01
   55  0.25554826E-01
   56  0.25756028E-01
   57  0.25990887E-01
   58  0.26257811E-01
   59  0.26555626E-01
   60  0.26882807E-01
   61  0.27237337E-01
   62  0.27617402E-01
   63  0.28021438E-01
   64  0.28447194E-01
   65  0.28892834E-01
   66  0.29356303E-01
   67  0.29835606E-01
   68  0.30328667E-01
   69  0.30832877E-01
   70  0.31346414E-01
   71  0.31867385E-01
   72  0.32393232E-01
   73  0.32922260E-01
   74  0.33452127E-01
   75  0.33980671E-01
   76  0.34505975E-01
   77  0.35026610E-01
   78  0.35539754E-01
   79  0.36044125E-01
   80  0.36537722E-01
   81  0.37019130E-01
   82  0.37486456E-01
   83  0.37938360E-01
   84  0.38372997E-01
   85  0.38789310E-01
   86  0.39186031E-01
   87  0.39561968E-01
   88  0.39915863E-01
   89  0.40247016E-01
   90  0.40553883E-01
   91  0.40837068E-01
   92  0.41094262E-01
   93  0.41325636E-01
   94  0.41530650E-01
   95  0.41708834E-01
   96  0.41860245E-01
   97  0.41983489E-01
   98  0.42079914E-01
   99  0.42148378E-01
  100  0.42189762E-01
  101  0.42203479E-01
  102  0.42190123E-01
  103  0.42149723E-01
  104  0.42082794E-01
  105  0.41989442E-01
  106  0.41870855E-01
  107  0.41726805E-01
  108  0.41558277E-01
  109  0.41365869E-01
  110  0.41150283E-01
  111  0.40912114E-01
  112  0.40652331E-01
  113  0.40371321E-01
  114  0.40070698E-01
  115  0.39750602E-01
  116  0.39412253E-01
  117  0.39056670E-01
  118  0.38684599E-01
  119  0.38297087E-01
  120  0.37895065E-01
  121  0.37479687E-01
  122  0.37051715E-01
  123  0.36612317E-01
  124  0.36162224E-01
  125  0.35703018E-01
  126  0.35234857E-01
  127  0.34759302E-01
  128  0.34277320E-01
  129  0.33789687E-01
  130  0.33297423E-01
  131  0.32801419E-01
  132  0.32302573E-01
  133  0.31801876E-01
  134  0.31300057E-01
  135  0.30798217E-01
  136  0.30297056E-01
  137  0.29797455E-01
  138  0.29300172E-01
  139  0.28806090E-01
  140  0.28315580E-01
  141  0.27829755E-01
  142  0.27349273E-01
  143  0.26874637E-01
  144  0.26406508E-01
  145  0.25945533E-01
  146  0.25492603E-01
  147  0.25047695E-01
  148  0.24611708E-01
  149  0.24184972E-01
  150  0.23768127E-01
  151  0.23361342E-01
  152  0.22965433E-01
  153  0.22580376E-01
  154  0.22206718E-01
  155  0.21844883E-01
  156  0.21495095E-01
  157  0.21157606E-01
  158  0.20832686E-01
  159  0.20520559E-01
  160  0.20221515E-01
  161  0.19935763E-01
  162  0.19663425E-01
  163  0.19404549E-01
  164  0.19159451E-01
  165  0.18928234E-01
  166  0.18710850E-01
  167  0.18507581E-01
  168  0.18318458E-01
  169  0.18143535E-01
  170  0.17982809E-01
  171  0.17836342E-01
  172  0.17704349E-01
  173  0.17586613E-01
  174  0.17483294E-01
  175  0.17394496E-01
  176  0.17320078E-01
  177  0.17260106E-01
  178  0.17214606E-01
  179  0.17183568E-01
  180  0.17167039E-01
  181  0.17164975E-01
  182  0.17177377E-01
  183  0.17204262E-01
  184  0.17245555E-01
  185  0.17301330E-01
  186  0.17371589E-01
  187  0.17456165E-01
  188  0.17555084E-01
  189  0.17668517E-01
  190  0.17796237E-01
  191  0.17938284E-01
  192  0.18094696E-01
  193  0.18265173E-01
  194  0.18449832E-01
  195  0.18648602E-01
  196  0.18861514E-01
  197  0.19088179E-01
  198  0.19328728E-01
  199  0.19582881E-01
  200  0.19850817E-01
  201  0.20132035E-01
  202  0.20426558E-01
  203  0.20733995E-01
  204  0.21054549E-01
  205  0.21387752E-01
  206  0.21733286E-01
  207  0.22090990E-01
  208  0.22460487E-01
  209  0.22841467E-01
  210  0.23233775E-01
  211  0.23636676E-01
  212  0.24050385E-01
  213  0.24473911E-01
  214  0.24906995E-01
  215  0.25349231E-01
  216  0.25800131E-01
  217  0.26259024E-01
  218  0.26725547E-01
  219  0.27198799E-01
  220  0.27678672E-01
  221  0.28164005E-01
  222  0.28654473E-01
  223  0.29149191E-01
  224  0.29647619E-01
  225  0.30148767E-01
  226  0.30652074E-01
  227  0.31156486E-01
  228  0.31661715E-01
  229  0.32166358E-01
  230  0.32669857E-01
  231  0.33171140E-01
  232  0.33669513E-01
  233  0.34163643E-01
  234  0.34653127E-01
  235  0.35136599E-01
  236  0.35613224E-01
  237  0.36082558E-01
  238  0.36542255E-01
  239  0.36992855E-01
  240  0.37432410E-01
  241  0.37860073E-01
  242  0.38275152E-01
  243  0.38676396E-01
  244  0.39062668E-01
  245  0.39433282E-01
  246  0.39787255E-01
  247  0.40123478E-01
  248  0.40440988E-01
  249  0.40739097E-01
  250  0.41016679E-01
  251  0.41272935E-01
  252  0.41507296E-01
  253  0.41718278E-01
  254  0.41905988E-01
  255  0.42068951E-01
  256  0.42207278E-01
  257  0.42319797E-01
  258  0.42406026E-01
  259  0.42465579E-01
  260  0.42498186E-01
  261  0.42503051E-01
  262  0.42480513E-01
  263  0.42430110E-01
  264  0.42351242E-01
  265  0.42244446E-01
  266  0.42109612E-01
  267  0.41946340E-01
  268  0.41756183E-01
  269  0.41538186E-01
  270  0.41293446E-01
  271  0.41021984E-01
  272  0.40724643E-01
  273  0.40402275E-01
  274  0.40055826E-01
  275  0.39685294E-01
  276  0.39292593E-01
  277  0.38878720E-01
  278  0.38444992E-01
  279  0.37991952E-01
  280  0.37521813E-01
  281  0.37035543E-01
  282  0.36535185E-01
  283  0.36022052E-01
  284  0.35498004E-01
  285  0.34964759E-01
  286  0.34424495E-01
  287  0.33878785E-01
  288  0.33329874E-01
  289  0.32779664E-01
  290  0.32230407E-01
  291  0.31684410E-01
  292  0.31143282E-01
  293  0.30609204E-01
  294  0.30085495E-01
  295  0.29573342E-01
  296  0.29074753E-01
  297  0.28592465E-01
  298  0.28128479E-01
  299  0.27684655E-01
  300  0.27263327E-01
  301  0.26866365E-01
  302  0.26495606E-01
  303  0.26153008E-01
  304  0.25839971E-01
  305  0.25558826E-01
  306  0.25310665E-01
  307  0.25096640E-01
  308  0.24918577E-01
  309  0.24777591E-01
  310  0.24674376E-01
  311  0.24609810E-01
  312  0.24585003E-01
  313  0.24600195E-01
  314  0.24655804E-01
  315  0.24752166E-01
  316  0.24889184E-01
  317  0.25066789E-01
  318  0.25284702E-01
  319  0.25542453E-01
  320  0.25839170E-01
  321  0.26174005E-01
  322  0.26546357E-01
  323  0.26954448E-01
  324  0.27397165E-01
  325  0.27873052E-01
  326  0.28380189E-01
  327  0.28916726E-01
  328  0.29480726E-01
  329  0.30070074E-01
  330  0.30682450E-01
  331  0.31315278E-01
  332  0.31966411E-01
  333  0.32632645E-01
  334  0.33311792E-01
  335  0.34000896E-01
  336  0.34696821E-01
  337  0.35397027E-01
  338  0.36098570E-01
  339  0.36798220E-01
  340  0.37493177E-01
  341  0.38180325E-01
  342  0.38856834E-01
  343  0.39519832E-01
  344  0.40166210E-01
  345  0.40793154E-01
  346  0.41398179E-01
  347  0.41978654E-01
  348  0.42531852E-01
  349  0.43055102E-01
  350  0.43546550E-01
  351  0.44004139E-01
  352  0.44425182E-01
  353  0.44807877E-01
  354  0.45151606E-01
  355  0.45453366E-01
  356  0.45712896E-01
  357  0.45928881E-01
  358  0.46100121E-01
  359  0.46225525E-01
  360  0.46304900E-01
 ]; 
