spt = [ 
    1  0.34815759E-04
    2  0.34773526E-04
    3  0.34712437E-04
    4  0.34632754E-04
    5  0.34535053E-04
    6  0.34420085E-04
    7  0.34286633E-04
    8  0.34136137E-04
    9  0.33968103E-04
   10  0.33784072E-04
   11  0.33583616E-04
   12  0.33367014E-04
   13  0.33135188E-04
   14  0.32888431E-04
   15  0.32626402E-04
   16  0.32350305E-04
   17  0.32060791E-04
   18  0.31757223E-04
   19  0.31440853E-04
   20  0.31112133E-04
   21  0.30771487E-04
   22  0.30419009E-04
   23  0.30056190E-04
   24  0.29682516E-04
   25  0.29298568E-04
   26  0.28905521E-04
   27  0.28503538E-04
   28  0.28092230E-04
   29  0.27673668E-04
   30  0.27247239E-04
   31  0.26814090E-04
   32  0.26374493E-04
   33  0.25929105E-04
   34  0.25477249E-04
   35  0.25021562E-04
   36  0.24560881E-04
   37  0.24097253E-04
   38  0.23629838E-04
   39  0.23158607E-04
   40  0.22686012E-04
   41  0.22211232E-04
   42  0.21735252E-04
   43  0.21258375E-04
   44  0.20781463E-04
   45  0.20303483E-04
   46  0.19826901E-04
   47  0.19351024E-04
   48  0.18877201E-04
   49  0.18404617E-04
   50  0.17934997E-04
   51  0.17468083E-04
   52  0.17003422E-04
   53  0.16543296E-04
   54  0.16087179E-04
   55  0.15635056E-04
   56  0.15187595E-04
   57  0.14745035E-04
   58  0.14308289E-04
   59  0.13877928E-04
   60  0.13453115E-04
   61  0.13035247E-04
   62  0.12623671E-04
   63  0.12219156E-04
   64  0.11821786E-04
   65  0.11431434E-04
   66  0.11049132E-04
   67  0.10674912E-04
   68  0.10308572E-04
   69  0.99509780E-05
   70  0.96008916E-05
   71  0.92599557E-05
   72  0.89276273E-05
   73  0.86039008E-05
   74  0.82885363E-05
   75  0.79825768E-05
   76  0.76848701E-05
   77  0.73964738E-05
   78  0.71168442E-05
   79  0.68462364E-05
   80  0.65841696E-05
   81  0.63306998E-05
   82  0.60863158E-05
   83  0.58499995E-05
   84  0.56229460E-05
   85  0.54039592E-05
   86  0.51931775E-05
   87  0.49908849E-05
   88  0.47959088E-05
   89  0.46093069E-05
   90  0.44301401E-05
   91  0.42585625E-05
   92  0.40943391E-05
   93  0.39370534E-05
   94  0.37872119E-05
   95  0.36441725E-05
   96  0.35073640E-05
   97  0.33771507E-05
   98  0.32527682E-05
   99  0.31347040E-05
  100  0.30225217E-05
  101  0.29159396E-05
  102  0.28146462E-05
  103  0.27184938E-05
  104  0.26275475E-05
  105  0.25410286E-05
  106  0.24594883E-05
  107  0.23825019E-05
  108  0.23096177E-05
  109  0.22406937E-05
  110  0.21758729E-05
  111  0.21149326E-05
  112  0.20572948E-05
  113  0.20033656E-05
  114  0.19525812E-05
  115  0.19048659E-05
  116  0.18603794E-05
  117  0.18185370E-05
  118  0.17795097E-05
  119  0.17431088E-05
  120  0.17090046E-05
  121  0.16771326E-05
  122  0.16475605E-05
  123  0.16202409E-05
  124  0.15947692E-05
  125  0.15710240E-05
  126  0.15490861E-05
  127  0.15288325E-05
  128  0.15100300E-05
  129  0.14925798E-05
  130  0.14765390E-05
  131  0.14616772E-05
  132  0.14478162E-05
  133  0.14351547E-05
  134  0.14233811E-05
  135  0.14123588E-05
  136  0.14021279E-05
  137  0.13925417E-05
  138  0.13836739E-05
  139  0.13751769E-05
  140  0.13672277E-05
  141  0.13595142E-05
  142  0.13521607E-05
  143  0.13450782E-05
  144  0.13380854E-05
  145  0.13312442E-05
  146  0.13244145E-05
  147  0.13176046E-05
  148  0.13107951E-05
  149  0.13037914E-05
  150  0.12966511E-05
  151  0.12892016E-05
  152  0.12817277E-05
  153  0.12738578E-05
  154  0.12657528E-05
  155  0.12572904E-05
  156  0.12483724E-05
  157  0.12392554E-05
  158  0.12297540E-05
  159  0.12197952E-05
  160  0.12095471E-05
  161  0.11988116E-05
  162  0.11876059E-05
  163  0.11760702E-05
  164  0.11642131E-05
  165  0.11518866E-05
  166  0.11391802E-05
  167  0.11261279E-05
  168  0.11127061E-05
  169  0.10988831E-05
  170  0.10848632E-05
  171  0.10705170E-05
  172  0.10558666E-05
  173  0.10409343E-05
  174  0.10257982E-05
  175  0.10104472E-05
  176  0.99492524E-06
  177  0.97920122E-06
  178  0.96340784E-06
  179  0.94743837E-06
  180  0.93143029E-06
  181  0.91536253E-06
  182  0.89928108E-06
  183  0.88320729E-06
  184  0.86710799E-06
  185  0.85109627E-06
  186  0.83517818E-06
  187  0.81933274E-06
  188  0.80366817E-06
  189  0.78810075E-06
  190  0.77274865E-06
  191  0.75755838E-06
  192  0.74260095E-06
  193  0.72785804E-06
  194  0.71338860E-06
  195  0.69917417E-06
  196  0.68523377E-06
  197  0.67160119E-06
  198  0.65834814E-06
  199  0.64545685E-06
  200  0.63280044E-06
  201  0.62060053E-06
  202  0.60874106E-06
  203  0.59724584E-06
  204  0.58621066E-06
  205  0.57558157E-06
  206  0.56534998E-06
  207  0.55553653E-06
  208  0.54617556E-06
  209  0.53725387E-06
  210  0.52878823E-06
  211  0.52078639E-06
  212  0.51329636E-06
  213  0.50628967E-06
  214  0.49974801E-06
  215  0.49367924E-06
  216  0.48810159E-06
  217  0.48313922E-06
  218  0.47868025E-06
  219  0.47467245E-06
  220  0.47126224E-06
  221  0.46836479E-06
  222  0.46611351E-06
  223  0.46429531E-06
  224  0.46321534E-06
  225  0.46264984E-06
  226  0.46275431E-06
  227  0.46340844E-06
  228  0.46481881E-06
  229  0.46686731E-06
  230  0.46962717E-06
  231  0.47317855E-06
  232  0.47739104E-06
  233  0.48244760E-06
  234  0.48830810E-06
  235  0.49507094E-06
  236  0.50268039E-06
  237  0.51118832E-06
  238  0.52070067E-06
  239  0.53149773E-06
  240  0.54316166E-06
  241  0.55620148E-06
  242  0.57037113E-06
  243  0.58605104E-06
  244  0.60299493E-06
  245  0.62165805E-06
  246  0.64195922E-06
  247  0.66388839E-06
  248  0.68769441E-06
  249  0.71360887E-06
  250  0.74175159E-06
  251  0.77205431E-06
  252  0.80490719E-06
  253  0.84057814E-06
  254  0.87900264E-06
  255  0.92041211E-06
  256  0.96519682E-06
  257  0.10133795E-05
  258  0.10653270E-05
  259  0.11212179E-05
  260  0.11815059E-05
  261  0.12461393E-05
  262  0.13156226E-05
  263  0.13902441E-05
  264  0.14701367E-05
  265  0.15559312E-05
  266  0.16476141E-05
  267  0.17459098E-05
  268  0.18507417E-05
  269  0.19626461E-05
  270  0.20820980E-05
  271  0.22092065E-05
  272  0.23445102E-05
  273  0.24879810E-05
  274  0.26407017E-05
  275  0.28026686E-05
  276  0.29738235E-05
  277  0.31552788E-05
  278  0.33466411E-05
  279  0.35490148E-05
  280  0.37620714E-05
  281  0.39861566E-05
  282  0.42216593E-05
  283  0.44687936E-05
  284  0.47282538E-05
  285  0.49999849E-05
  286  0.52835599E-05
  287  0.55801497E-05
  288  0.58891469E-05
  289  0.62109434E-05
  290  0.65459335E-05
  291  0.68934960E-05
  292  0.72541266E-05
  293  0.76272790E-05
  294  0.80141845E-05
  295  0.84128415E-05
  296  0.88246779E-05
  297  0.92485434E-05
  298  0.96854401E-05
  299  0.10133133E-04
  300  0.10592551E-04
  301  0.11063579E-04
  302  0.11545554E-04
  303  0.12037429E-04
  304  0.12539980E-04
  305  0.13051423E-04
  306  0.13572359E-04
  307  0.14101278E-04
  308  0.14637551E-04
  309  0.15181441E-04
  310  0.15730588E-04
  311  0.16286822E-04
  312  0.16846932E-04
  313  0.17412378E-04
  314  0.17980647E-04
  315  0.18552113E-04
  316  0.19124695E-04
  317  0.19698207E-04
  318  0.20271711E-04
  319  0.20844316E-04
  320  0.21415790E-04
  321  0.21984948E-04
  322  0.22550907E-04
  323  0.23112438E-04
  324  0.23669045E-04
  325  0.24219682E-04
  326  0.24763764E-04
  327  0.25300102E-04
  328  0.25828862E-04
  329  0.26347638E-04
  330  0.26857317E-04
  331  0.27355361E-04
  332  0.27842720E-04
  333  0.28318038E-04
  334  0.28780112E-04
  335  0.29229217E-04
  336  0.29663823E-04
  337  0.30084175E-04
  338  0.30489346E-04
  339  0.30878848E-04
  340  0.31251897E-04
  341  0.31608190E-04
  342  0.31947900E-04
  343  0.32269556E-04
  344  0.32573702E-04
  345  0.32859272E-04
  346  0.33126347E-04
  347  0.33374901E-04
  348  0.33604643E-04
  349  0.33814675E-04
  350  0.34005738E-04
  351  0.34177279E-04
  352  0.34329369E-04
  353  0.34461365E-04
  354  0.34574088E-04
  355  0.34667268E-04
  356  0.34740715E-04
  357  0.34794248E-04
  358  0.34828685E-04
  359  0.34843517E-04
  360  0.34839173E-04
 ]; 
