stt = [ 
    1  0.45772791E-01
    2  0.45759585E-01
    3  0.45700319E-01
    4  0.45595255E-01
    5  0.45445565E-01
    6  0.45251377E-01
    7  0.45013372E-01
    8  0.44733435E-01
    9  0.44412345E-01
   10  0.44051386E-01
   11  0.43652665E-01
   12  0.43217860E-01
   13  0.42748719E-01
   14  0.42247575E-01
   15  0.41716695E-01
   16  0.41158244E-01
   17  0.40575106E-01
   18  0.39969441E-01
   19  0.39344296E-01
   20  0.38702019E-01
   21  0.38045842E-01
   22  0.37378442E-01
   23  0.36702748E-01
   24  0.36021527E-01
   25  0.35337981E-01
   26  0.34654856E-01
   27  0.33974897E-01
   28  0.33301253E-01
   29  0.32636754E-01
   30  0.31983688E-01
   31  0.31345304E-01
   32  0.30723831E-01
   33  0.30121874E-01
   34  0.29541710E-01
   35  0.28985554E-01
   36  0.28455826E-01
   37  0.27954105E-01
   38  0.27482586E-01
   39  0.27042683E-01
   40  0.26636217E-01
   41  0.26264265E-01
   42  0.25928112E-01
   43  0.25628911E-01
   44  0.25367260E-01
   45  0.25144242E-01
   46  0.24959868E-01
   47  0.24814822E-01
   48  0.24709105E-01
   49  0.24642743E-01
   50  0.24615524E-01
   51  0.24627088E-01
   52  0.24676820E-01
   53  0.24764173E-01
   54  0.24888227E-01
   55  0.25048016E-01
   56  0.25242589E-01
   57  0.25470480E-01
   58  0.25730507E-01
   59  0.26021097E-01
   60  0.26340516E-01
   61  0.26687413E-01
   62  0.27059844E-01
   63  0.27455922E-01
   64  0.27874094E-01
   65  0.28311791E-01
   66  0.28767586E-01
   67  0.29238926E-01
   68  0.29723998E-01
   69  0.30220477E-01
   70  0.30727135E-01
   71  0.31240806E-01
   72  0.31759948E-01
   73  0.32282326E-01
   74  0.32805912E-01
   75  0.33328678E-01
   76  0.33849023E-01
   77  0.34364361E-01
   78  0.34873307E-01
   79  0.35373896E-01
   80  0.35864342E-01
   81  0.36343031E-01
   82  0.36808494E-01
   83  0.37259080E-01
   84  0.37693426E-01
   85  0.38110226E-01
   86  0.38508013E-01
   87  0.38885985E-01
   88  0.39242703E-01
   89  0.39577551E-01
   90  0.39889503E-01
   91  0.40177539E-01
   92  0.40441245E-01
   93  0.40680178E-01
   94  0.40893689E-01
   95  0.41081201E-01
   96  0.41242726E-01
   97  0.41377440E-01
   98  0.41485839E-01
   99  0.41567709E-01
  100  0.41622829E-01
  101  0.41651834E-01
  102  0.41654091E-01
  103  0.41630596E-01
  104  0.41581284E-01
  105  0.41506544E-01
  106  0.41407257E-01
  107  0.41283444E-01
  108  0.41135658E-01
  109  0.40964574E-01
  110  0.40771239E-01
  111  0.40555745E-01
  112  0.40319309E-01
  113  0.40062126E-01
  114  0.39785601E-01
  115  0.39490413E-01
  116  0.39177086E-01
  117  0.38846828E-01
  118  0.38500421E-01
  119  0.38138751E-01
  120  0.37762713E-01
  121  0.37373286E-01
  122  0.36971506E-01
  123  0.36558148E-01
  124  0.36134284E-01
  125  0.35700634E-01
  126  0.35258409E-01
  127  0.34808341E-01
  128  0.34351207E-01
  129  0.33888649E-01
  130  0.33420753E-01
  131  0.32948773E-01
  132  0.32473508E-01
  133  0.31995989E-01
  134  0.31516906E-01
  135  0.31037090E-01
  136  0.30557310E-01
  137  0.30078538E-01
  138  0.29601559E-01
  139  0.29126793E-01
  140  0.28655196E-01
  141  0.28187523E-01
  142  0.27724558E-01
  143  0.27266644E-01
  144  0.26814589E-01
  145  0.26368868E-01
  146  0.25930295E-01
  147  0.25499368E-01
  148  0.25076408E-01
  149  0.24662122E-01
  150  0.24256991E-01
  151  0.23861226E-01
  152  0.23475669E-01
  153  0.23100307E-01
  154  0.22735832E-01
  155  0.22382325E-01
  156  0.22040380E-01
  157  0.21710187E-01
  158  0.21392012E-01
  159  0.21086026E-01
  160  0.20792656E-01
  161  0.20512031E-01
  162  0.20244366E-01
  163  0.19989805E-01
  164  0.19748503E-01
  165  0.19520793E-01
  166  0.19306559E-01
  167  0.19106010E-01
  168  0.18919278E-01
  169  0.18746467E-01
  170  0.18587654E-01
  171  0.18442830E-01
  172  0.18312054E-01
  173  0.18195577E-01
  174  0.18093148E-01
  175  0.18004993E-01
  176  0.17931107E-01
  177  0.17871559E-01
  178  0.17826278E-01
  179  0.17795321E-01
  180  0.17778656E-01
  181  0.17776338E-01
  182  0.17788257E-01
  183  0.17814526E-01
  184  0.17855089E-01
  185  0.17909998E-01
  186  0.17979188E-01
  187  0.18062500E-01
  188  0.18160203E-01
  189  0.18272020E-01
  190  0.18398004E-01
  191  0.18537948E-01
  192  0.18692056E-01
  193  0.18860046E-01
  194  0.19041995E-01
  195  0.19237788E-01
  196  0.19447213E-01
  197  0.19670237E-01
  198  0.19906852E-01
  199  0.20156685E-01
  200  0.20419650E-01
  201  0.20695833E-01
  202  0.20984702E-01
  203  0.21286352E-01
  204  0.21600153E-01
  205  0.21926289E-01
  206  0.22264194E-01
  207  0.22613795E-01
  208  0.22974595E-01
  209  0.23346553E-01
  210  0.23728868E-01
  211  0.24121545E-01
  212  0.24523992E-01
  213  0.24935892E-01
  214  0.25356608E-01
  215  0.25785886E-01
  216  0.26222982E-01
  217  0.26667576E-01
  218  0.27118981E-01
  219  0.27576745E-01
  220  0.28040012E-01
  221  0.28508328E-01
  222  0.28981009E-01
  223  0.29457562E-01
  224  0.29936954E-01
  225  0.30418511E-01
  226  0.30901661E-01
  227  0.31385541E-01
  228  0.31869367E-01
  229  0.32352120E-01
  230  0.32833353E-01
  231  0.33311889E-01
  232  0.33786982E-01
  233  0.34257781E-01
  234  0.34723178E-01
  235  0.35182592E-01
  236  0.35635002E-01
  237  0.36079243E-01
  238  0.36514718E-01
  239  0.36940038E-01
  240  0.37354693E-01
  241  0.37757408E-01
  242  0.38147692E-01
  243  0.38524084E-01
  244  0.38885754E-01
  245  0.39231818E-01
  246  0.39561369E-01
  247  0.39873738E-01
  248  0.40167641E-01
  249  0.40442329E-01
  250  0.40697303E-01
  251  0.40931061E-01
  252  0.41143358E-01
  253  0.41333407E-01
  254  0.41500431E-01
  255  0.41643631E-01
  256  0.41762594E-01
  257  0.41856565E-01
  258  0.41924991E-01
  259  0.41967645E-01
  260  0.41984055E-01
  261  0.41973688E-01
  262  0.41936487E-01
  263  0.41872293E-01
  264  0.41780893E-01
  265  0.41662410E-01
  266  0.41516848E-01
  267  0.41343778E-01
  268  0.41144196E-01
  269  0.40918216E-01
  270  0.40666219E-01
  271  0.40388666E-01
  272  0.40085968E-01
  273  0.39759092E-01
  274  0.39408933E-01
  275  0.39036054E-01
  276  0.38641211E-01
  277  0.38226318E-01
  278  0.37791967E-01
  279  0.37339877E-01
  280  0.36870874E-01
  281  0.36386188E-01
  282  0.35888556E-01
  283  0.35378605E-01
  284  0.34858167E-01
  285  0.34329407E-01
  286  0.33793945E-01
  287  0.33253688E-01
  288  0.32710690E-01
  289  0.32166664E-01
  290  0.31624146E-01
  291  0.31084711E-01
  292  0.30550757E-01
  293  0.30024685E-01
  294  0.29508302E-01
  295  0.29003957E-01
  296  0.28513493E-01
  297  0.28039122E-01
  298  0.27582999E-01
  299  0.27147261E-01
  300  0.26734049E-01
  301  0.26345065E-01
  302  0.25982061E-01
  303  0.25647126E-01
  304  0.25341922E-01
  305  0.25067864E-01
  306  0.24826739E-01
  307  0.24619760E-01
  308  0.24448179E-01
  309  0.24313204E-01
  310  0.24215918E-01
  311  0.24157086E-01
  312  0.24137193E-01
  313  0.24157150E-01
  314  0.24217028E-01
  315  0.24317177E-01
  316  0.24457615E-01
  317  0.24638113E-01
  318  0.24858389E-01
  319  0.25118047E-01
  320  0.25416100E-01
  321  0.25752096E-01
  322  0.26124790E-01
  323  0.26532890E-01
  324  0.26975196E-01
  325  0.27450118E-01
  326  0.27955877E-01
  327  0.28490655E-01
  328  0.29052433E-01
  329  0.29639129E-01
  330  0.30248404E-01
  331  0.30877819E-01
  332  0.31524986E-01
  333  0.32187168E-01
  334  0.32862004E-01
  335  0.33546284E-01
  336  0.34237508E-01
  337  0.34932435E-01
  338  0.35628654E-01
  339  0.36322739E-01
  340  0.37012178E-01
  341  0.37693508E-01
  342  0.38364299E-01
  343  0.39021757E-01
  344  0.39662339E-01
  345  0.40283956E-01
  346  0.40883388E-01
  347  0.41458361E-01
  348  0.42006433E-01
  349  0.42524707E-01
  350  0.43011464E-01
  351  0.43464273E-01
  352  0.43881230E-01
  353  0.44260308E-01
  354  0.44599932E-01
  355  0.44898961E-01
  356  0.45155492E-01
  357  0.45368977E-01
  358  0.45537807E-01
  359  0.45661744E-01
  360  0.45740239E-01
 ]; 
