spt = [ 
    1  0.34822751E-04
    2  0.34773635E-04
    3  0.34705645E-04
    4  0.34619065E-04
    5  0.34514287E-04
    6  0.34391378E-04
    7  0.34250457E-04
    8  0.34092827E-04
    9  0.33917251E-04
   10  0.33725457E-04
   11  0.33517234E-04
   12  0.33292919E-04
   13  0.33052882E-04
   14  0.32797805E-04
   15  0.32528031E-04
   16  0.32243828E-04
   17  0.31945772E-04
   18  0.31634856E-04
   19  0.31310217E-04
   20  0.30973613E-04
   21  0.30624626E-04
   22  0.30264287E-04
   23  0.29893445E-04
   24  0.29511055E-04
   25  0.29119410E-04
   26  0.28718569E-04
   27  0.28308830E-04
   28  0.27889677E-04
   29  0.27463677E-04
   30  0.27030201E-04
   31  0.26589692E-04
   32  0.26142960E-04
   33  0.25690266E-04
   34  0.25233125E-04
   35  0.24770558E-04
   36  0.24303643E-04
   37  0.23834024E-04
   38  0.23360686E-04
   39  0.22884966E-04
   40  0.22406513E-04
   41  0.21927126E-04
   42  0.21446134E-04
   43  0.20965548E-04
   44  0.20483829E-04
   45  0.20003006E-04
   46  0.19522844E-04
   47  0.19043637E-04
   48  0.18568031E-04
   49  0.18092924E-04
   50  0.17621058E-04
   51  0.17152397E-04
   52  0.16686983E-04
   53  0.16225960E-04
   54  0.15769047E-04
   55  0.15316660E-04
   56  0.14869594E-04
   57  0.14427807E-04
   58  0.13992158E-04
   59  0.13562923E-04
   60  0.13139515E-04
   61  0.12722878E-04
   62  0.12313130E-04
   63  0.11910718E-04
   64  0.11516245E-04
   65  0.11128851E-04
   66  0.10749888E-04
   67  0.10378941E-04
   68  0.10015790E-04
   69  0.96618332E-05
   70  0.93158069E-05
   71  0.89788982E-05
   72  0.86509472E-05
   73  0.83314926E-05
   74  0.80213922E-05
   75  0.77193126E-05
   76  0.74268532E-05
   77  0.71426048E-05
   78  0.68679810E-05
   79  0.66022926E-05
   80  0.63447792E-05
   81  0.60967991E-05
   82  0.58571150E-05
   83  0.56260214E-05
   84  0.54036327E-05
   85  0.51893712E-05
   86  0.49838227E-05
   87  0.47854346E-05
   88  0.45956535E-05
   89  0.44135163E-05
   90  0.42391607E-05
   91  0.40725117E-05
   92  0.39125557E-05
   93  0.37596176E-05
   94  0.36140013E-05
   95  0.34748675E-05
   96  0.33425652E-05
   97  0.32160601E-05
   98  0.30957519E-05
   99  0.29813912E-05
  100  0.28725335E-05
  101  0.27694189E-05
  102  0.26715627E-05
  103  0.25786637E-05
  104  0.24907315E-05
  105  0.24074432E-05
  106  0.23289958E-05
  107  0.22546008E-05
  108  0.21843657E-05
  109  0.21181581E-05
  110  0.20557550E-05
  111  0.19971612E-05
  112  0.19419933E-05
  113  0.18902838E-05
  114  0.18416180E-05
  115  0.17960108E-05
  116  0.17532587E-05
  117  0.17133146E-05
  118  0.16762153E-05
  119  0.16413650E-05
  120  0.16088753E-05
  121  0.15788301E-05
  122  0.15508202E-05
  123  0.15250946E-05
  124  0.15009699E-05
  125  0.14787277E-05
  126  0.14580474E-05
  127  0.14391329E-05
  128  0.14217527E-05
  129  0.14056413E-05
  130  0.13908576E-05
  131  0.13772785E-05
  132  0.13648333E-05
  133  0.13534221E-05
  134  0.13428851E-05
  135  0.13332244E-05
  136  0.13242856E-05
  137  0.13160147E-05
  138  0.13082713E-05
  139  0.13012335E-05
  140  0.12944710E-05
  141  0.12883208E-05
  142  0.12822967E-05
  143  0.12764033E-05
  144  0.12709294E-05
  145  0.12654658E-05
  146  0.12600709E-05
  147  0.12545762E-05
  148  0.12492206E-05
  149  0.12435951E-05
  150  0.12379586E-05
  151  0.12320869E-05
  152  0.12259942E-05
  153  0.12195757E-05
  154  0.12129967E-05
  155  0.12060286E-05
  156  0.11987182E-05
  157  0.11910849E-05
  158  0.11830258E-05
  159  0.11745901E-05
  160  0.11658158E-05
  161  0.11565929E-05
  162  0.11469723E-05
  163  0.11369112E-05
  164  0.11264648E-05
  165  0.11156470E-05
  166  0.11044278E-05
  167  0.10927993E-05
  168  0.10809036E-05
  169  0.10685383E-05
  170  0.10558932E-05
  171  0.10428982E-05
  172  0.10296466E-05
  173  0.10160832E-05
  174  0.10022360E-05
  175  0.98823318E-06
  176  0.97396389E-06
  177  0.95955022E-06
  178  0.94494550E-06
  179  0.93025096E-06
  180  0.91544274E-06
  181  0.90056363E-06
  182  0.88562814E-06
  183  0.87067332E-06
  184  0.85573555E-06
  185  0.84081842E-06
  186  0.82597052E-06
  187  0.81120885E-06
  188  0.79654802E-06
  189  0.78199133E-06
  190  0.76759295E-06
  191  0.75339744E-06
  192  0.73938793E-06
  193  0.72558515E-06
  194  0.71203175E-06
  195  0.69872550E-06
  196  0.68566948E-06
  197  0.67299783E-06
  198  0.66057936E-06
  199  0.64849388E-06
  200  0.63670007E-06
  201  0.62537237E-06
  202  0.61427471E-06
  203  0.60363612E-06
  204  0.59335679E-06
  205  0.58349030E-06
  206  0.57406152E-06
  207  0.56501165E-06
  208  0.55641726E-06
  209  0.54826569E-06
  210  0.54058381E-06
  211  0.53333133E-06
  212  0.52659874E-06
  213  0.52027002E-06
  214  0.51452469E-06
  215  0.50919164E-06
  216  0.50444862E-06
  217  0.50018832E-06
  218  0.49636282E-06
  219  0.49315037E-06
  220  0.49047969E-06
  221  0.48829435E-06
  222  0.48675457E-06
  223  0.48582262E-06
  224  0.48543257E-06
  225  0.48565028E-06
  226  0.48658603E-06
  227  0.48808317E-06
  228  0.49023384E-06
  229  0.49311615E-06
  230  0.49665107E-06
  231  0.50098635E-06
  232  0.50608782E-06
  233  0.51195838E-06
  234  0.51871240E-06
  235  0.52635050E-06
  236  0.53487184E-06
  237  0.54431479E-06
  238  0.55491512E-06
  239  0.56651925E-06
  240  0.57921136E-06
  241  0.59316909E-06
  242  0.60844485E-06
  243  0.62506285E-06
  244  0.64334972E-06
  245  0.66290067E-06
  246  0.68423407E-06
  247  0.70738275E-06
  248  0.73247463E-06
  249  0.75959770E-06
  250  0.78880839E-06
  251  0.82055709E-06
  252  0.85465490E-06
  253  0.89157112E-06
  254  0.93137976E-06
  255  0.97421980E-06
  256  0.10202849E-05
  257  0.10699995E-05
  258  0.11233691E-05
  259  0.11810042E-05
  260  0.12427438E-05
  261  0.13089588E-05
  262  0.13800530E-05
  263  0.14562720E-05
  264  0.15380444E-05
  265  0.16255990E-05
  266  0.17190232E-05
  267  0.18190506E-05
  268  0.19256913E-05
  269  0.20393725E-05
  270  0.21607125E-05
  271  0.22896616E-05
  272  0.24269107E-05
  273  0.25723832E-05
  274  0.27269357E-05
  275  0.28910249E-05
  276  0.30641174E-05
  277  0.32475302E-05
  278  0.34409657E-05
  279  0.36448039E-05
  280  0.38599624E-05
  281  0.40863588E-05
  282  0.43237856E-05
  283  0.45728798E-05
  284  0.48344673E-05
  285  0.51076204E-05
  286  0.53934705E-05
  287  0.56923191E-05
  288  0.60027478E-05
  289  0.63267667E-05
  290  0.66633161E-05
  291  0.70130172E-05
  292  0.73751662E-05
  293  0.77503064E-05
  294  0.81385288E-05
  295  0.85396587E-05
  296  0.89531168E-05
  297  0.93783265E-05
  298  0.98159253E-05
  299  0.10266169E-04
  300  0.10727246E-04
  301  0.11199687E-04
  302  0.11682539E-04
  303  0.12176183E-04
  304  0.12679335E-04
  305  0.13192366E-04
  306  0.13714069E-04
  307  0.14244200E-04
  308  0.14781564E-04
  309  0.15326090E-04
  310  0.15877036E-04
  311  0.16433441E-04
  312  0.16994562E-04
  313  0.17559945E-04
  314  0.18128838E-04
  315  0.18700004E-04
  316  0.19272928E-04
  317  0.19846164E-04
  318  0.20420552E-04
  319  0.20993130E-04
  320  0.21564420E-04
  321  0.22133205E-04
  322  0.22698803E-04
  323  0.23259696E-04
  324  0.23815590E-04
  325  0.24365278E-04
  326  0.24908684E-04
  327  0.25444173E-04
  328  0.25970921E-04
  329  0.26488566E-04
  330  0.26995602E-04
  331  0.27493043E-04
  332  0.27978220E-04
  333  0.28451754E-04
  334  0.28911332E-04
  335  0.29358187E-04
  336  0.29790493E-04
  337  0.30207853E-04
  338  0.30610583E-04
  339  0.30996656E-04
  340  0.31366246E-04
  341  0.31719203E-04
  342  0.32055290E-04
  343  0.32373307E-04
  344  0.32673375E-04
  345  0.32954966E-04
  346  0.33217701E-04
  347  0.33462067E-04
  348  0.33686654E-04
  349  0.33892426E-04
  350  0.34078392E-04
  351  0.34244640E-04
  352  0.34391382E-04
  353  0.34518209E-04
  354  0.34624933E-04
  355  0.34712313E-04
  356  0.34779874E-04
  357  0.34827684E-04
  358  0.34855573E-04
  359  0.34863937E-04
  360  0.34853147E-04
 ]; 
