stt = [ 
    1  0.46634760E-01
    2  0.46620652E-01
    3  0.46559937E-01
    4  0.46452451E-01
    5  0.46299309E-01
    6  0.46100743E-01
    7  0.45857478E-01
    8  0.45571283E-01
    9  0.45243055E-01
   10  0.44874437E-01
   11  0.44467129E-01
   12  0.44022638E-01
   13  0.43543428E-01
   14  0.43031577E-01
   15  0.42489033E-01
   16  0.41918673E-01
   17  0.41322887E-01
   18  0.40704224E-01
   19  0.40065590E-01
   20  0.39409515E-01
   21  0.38739312E-01
   22  0.38057376E-01
   23  0.37367210E-01
   24  0.36671337E-01
   25  0.35973240E-01
   26  0.35275511E-01
   27  0.34581061E-01
   28  0.33893097E-01
   29  0.33214282E-01
   30  0.32547485E-01
   31  0.31895444E-01
   32  0.31260896E-01
   33  0.30646142E-01
   34  0.30053789E-01
   35  0.29486172E-01
   36  0.28945433E-01
   37  0.28433556E-01
   38  0.27952258E-01
   39  0.27503613E-01
   40  0.27088875E-01
   41  0.26709665E-01
   42  0.26367439E-01
   43  0.26062470E-01
   44  0.25796343E-01
   45  0.25569623E-01
   46  0.25382560E-01
   47  0.25235783E-01
   48  0.25129296E-01
   49  0.25063043E-01
   50  0.25037069E-01
   51  0.25050705E-01
   52  0.25103563E-01
   53  0.25194746E-01
   54  0.25323866E-01
   55  0.25489453E-01
   56  0.25690597E-01
   57  0.25926104E-01
   58  0.26194330E-01
   59  0.26493676E-01
   60  0.26823053E-01
   61  0.27180111E-01
   62  0.27563820E-01
   63  0.27971437E-01
   64  0.28401377E-01
   65  0.28851660E-01
   66  0.29320002E-01
   67  0.29804887E-01
   68  0.30303674E-01
   69  0.30813809E-01
   70  0.31333998E-01
   71  0.31861562E-01
   72  0.32394338E-01
   73  0.32930706E-01
   74  0.33467676E-01
   75  0.34003910E-01
   76  0.34536824E-01
   77  0.35065029E-01
   78  0.35586216E-01
   79  0.36098409E-01
   80  0.36600050E-01
   81  0.37089273E-01
   82  0.37564524E-01
   83  0.38024154E-01
   84  0.38466707E-01
   85  0.38890935E-01
   86  0.39295297E-01
   87  0.39678525E-01
   88  0.40039551E-01
   89  0.40377863E-01
   90  0.40692221E-01
   91  0.40981699E-01
   92  0.41245762E-01
   93  0.41483656E-01
   94  0.41694921E-01
   95  0.41878693E-01
   96  0.42035852E-01
   97  0.42165298E-01
   98  0.42265896E-01
   99  0.42339735E-01
  100  0.42385630E-01
  101  0.42403672E-01
  102  0.42394385E-01
  103  0.42357773E-01
  104  0.42294476E-01
  105  0.42204738E-01
  106  0.42088851E-01
  107  0.41947633E-01
  108  0.41781545E-01
  109  0.41591294E-01
  110  0.41377522E-01
  111  0.41141033E-01
  112  0.40882491E-01
  113  0.40603008E-01
  114  0.40302984E-01
  115  0.39983571E-01
  116  0.39645497E-01
  117  0.39290130E-01
  118  0.38917802E-01
  119  0.38530245E-01
  120  0.38127579E-01
  121  0.37711464E-01
  122  0.37282377E-01
  123  0.36841977E-01
  124  0.36390495E-01
  125  0.35929427E-01
  126  0.35459779E-01
  127  0.34982227E-01
  128  0.34497943E-01
  129  0.34008052E-01
  130  0.33513140E-01
  131  0.33014644E-01
  132  0.32513086E-01
  133  0.32009553E-01
  134  0.31504702E-01
  135  0.30999677E-01
  136  0.30495269E-01
  137  0.29992636E-01
  138  0.29491711E-01
  139  0.28993983E-01
  140  0.28500179E-01
  141  0.28010705E-01
  142  0.27526407E-01
  143  0.27048098E-01
  144  0.26576225E-01
  145  0.26111424E-01
  146  0.25654543E-01
  147  0.25205860E-01
  148  0.24765968E-01
  149  0.24335496E-01
  150  0.23914844E-01
  151  0.23504211E-01
  152  0.23104521E-01
  153  0.22715734E-01
  154  0.22338474E-01
  155  0.21973129E-01
  156  0.21619659E-01
  157  0.21278631E-01
  158  0.20950275E-01
  159  0.20634832E-01
  160  0.20332471E-01
  161  0.20043513E-01
  162  0.19768016E-01
  163  0.19506121E-01
  164  0.19258125E-01
  165  0.19023979E-01
  166  0.18803924E-01
  167  0.18598018E-01
  168  0.18406339E-01
  169  0.18228952E-01
  170  0.18065870E-01
  171  0.17917300E-01
  172  0.17783113E-01
  173  0.17663477E-01
  174  0.17558154E-01
  175  0.17467687E-01
  176  0.17391672E-01
  177  0.17330125E-01
  178  0.17283274E-01
  179  0.17250931E-01
  180  0.17233219E-01
  181  0.17230155E-01
  182  0.17241590E-01
  183  0.17267721E-01
  184  0.17308274E-01
  185  0.17363554E-01
  186  0.17433263E-01
  187  0.17517576E-01
  188  0.17616458E-01
  189  0.17729618E-01
  190  0.17857539E-01
  191  0.17999763E-01
  192  0.18156389E-01
  193  0.18327301E-01
  194  0.18512530E-01
  195  0.18711925E-01
  196  0.18925637E-01
  197  0.19153373E-01
  198  0.19394834E-01
  199  0.19650312E-01
  200  0.19919528E-01
  201  0.20202264E-01
  202  0.20498283E-01
  203  0.20807678E-01
  204  0.21129901E-01
  205  0.21464922E-01
  206  0.21812590E-01
  207  0.22172546E-01
  208  0.22544309E-01
  209  0.22927720E-01
  210  0.23322560E-01
  211  0.23728147E-01
  212  0.24144497E-01
  213  0.24570854E-01
  214  0.25006942E-01
  215  0.25452120E-01
  216  0.25906025E-01
  217  0.26368113E-01
  218  0.26837749E-01
  219  0.27314464E-01
  220  0.27797500E-01
  221  0.28286191E-01
  222  0.28779970E-01
  223  0.29278103E-01
  224  0.29779818E-01
  225  0.30284544E-01
  226  0.30791184E-01
  227  0.31299222E-01
  228  0.31807523E-01
  229  0.32315657E-01
  230  0.32822292E-01
  231  0.33326976E-01
  232  0.33828504E-01
  233  0.34325790E-01
  234  0.34818046E-01
  235  0.35304617E-01
  236  0.35784334E-01
  237  0.36256079E-01
  238  0.36718663E-01
  239  0.37171524E-01
  240  0.37613500E-01
  241  0.38043220E-01
  242  0.38460266E-01
  243  0.38863167E-01
  244  0.39251279E-01
  245  0.39623421E-01
  246  0.39978530E-01
  247  0.40315814E-01
  248  0.40634256E-01
  249  0.40932812E-01
  250  0.41210707E-01
  251  0.41467063E-01
  252  0.41701030E-01
  253  0.41911930E-01
  254  0.42098671E-01
  255  0.42261027E-01
  256  0.42397790E-01
  257  0.42508978E-01
  258  0.42593230E-01
  259  0.42650823E-01
  260  0.42681232E-01
  261  0.42683620E-01
  262  0.42658087E-01
  263  0.42604279E-01
  264  0.42522248E-01
  265  0.42411774E-01
  266  0.42272963E-01
  267  0.42106107E-01
  268  0.41911114E-01
  269  0.41688096E-01
  270  0.41438460E-01
  271  0.41161675E-01
  272  0.40859148E-01
  273  0.40531076E-01
  274  0.40178727E-01
  275  0.39802868E-01
  276  0.39403819E-01
  277  0.38983665E-01
  278  0.38543563E-01
  279  0.38084298E-01
  280  0.37607498E-01
  281  0.37114728E-01
  282  0.36607604E-01
  283  0.36087885E-01
  284  0.35557505E-01
  285  0.35017665E-01
  286  0.34470692E-01
  287  0.33918776E-01
  288  0.33363458E-01
  289  0.32807250E-01
  290  0.32252308E-01
  291  0.31700395E-01
  292  0.31153820E-01
  293  0.30615050E-01
  294  0.30085955E-01
  295  0.29568886E-01
  296  0.29066272E-01
  297  0.28580010E-01
  298  0.28112408E-01
  299  0.27665429E-01
  300  0.27241301E-01
  301  0.26841993E-01
  302  0.26469385E-01
  303  0.26125411E-01
  304  0.25811704E-01
  305  0.25529925E-01
  306  0.25281915E-01
  307  0.25068512E-01
  308  0.24891658E-01
  309  0.24752334E-01
  310  0.24651121E-01
  311  0.24589419E-01
  312  0.24567744E-01
  313  0.24586566E-01
  314  0.24646405E-01
  315  0.24747431E-01
  316  0.24889687E-01
  317  0.25072958E-01
  318  0.25296804E-01
  319  0.25560973E-01
  320  0.25864445E-01
  321  0.26206797E-01
  322  0.26586579E-01
  323  0.27002525E-01
  324  0.27453581E-01
  325  0.27937859E-01
  326  0.28453698E-01
  327  0.28999249E-01
  328  0.29572502E-01
  329  0.30170865E-01
  330  0.30792642E-01
  331  0.31434909E-01
  332  0.32095302E-01
  333  0.32771356E-01
  334  0.33459730E-01
  335  0.34158211E-01
  336  0.34863617E-01
  337  0.35573032E-01
  338  0.36283523E-01
  339  0.36991976E-01
  340  0.37695616E-01
  341  0.38391024E-01
  342  0.39075717E-01
  343  0.39746445E-01
  344  0.40400479E-01
  345  0.41034691E-01
  346  0.41646671E-01
  347  0.42233527E-01
  348  0.42792689E-01
  349  0.43321803E-01
  350  0.43818522E-01
  351  0.44280384E-01
  352  0.44705793E-01
  353  0.45092542E-01
  354  0.45439158E-01
  355  0.45743987E-01
  356  0.46005726E-01
  357  0.46222951E-01
  358  0.46395432E-01
  359  0.46521697E-01
  360  0.46601556E-01
 ]; 
