spt = [ 
    1  0.34472945E-04
    2  0.34441400E-04
    3  0.34391596E-04
    4  0.34323803E-04
    5  0.34238394E-04
    6  0.34135439E-04
    7  0.34015451E-04
    8  0.33878892E-04
    9  0.33725621E-04
   10  0.33556276E-04
   11  0.33370889E-04
   12  0.33170134E-04
   13  0.32954475E-04
   14  0.32724045E-04
   15  0.32479260E-04
   16  0.32220320E-04
   17  0.31948413E-04
   18  0.31663370E-04
   19  0.31365467E-04
   20  0.31054828E-04
   21  0.30733056E-04
   22  0.30400033E-04
   23  0.30056062E-04
   24  0.29701627E-04
   25  0.29336927E-04
   26  0.28963408E-04
   27  0.28580207E-04
   28  0.28189055E-04
   29  0.27789492E-04
   30  0.27382188E-04
   31  0.26967695E-04
   32  0.26546539E-04
   33  0.26119347E-04
   34  0.25685982E-04
   35  0.25247991E-04
   36  0.24805035E-04
   37  0.24357709E-04
   38  0.23906487E-04
   39  0.23451717E-04
   40  0.22994282E-04
   41  0.22534452E-04
   42  0.22072305E-04
   43  0.21608881E-04
   44  0.21144129E-04
   45  0.20678866E-04
   46  0.20213158E-04
   47  0.19747786E-04
   48  0.19283538E-04
   49  0.18819772E-04
   50  0.18357972E-04
   51  0.17897943E-04
   52  0.17440587E-04
   53  0.16985532E-04
   54  0.16534010E-04
   55  0.16085929E-04
   56  0.15641495E-04
   57  0.15202117E-04
   58  0.14767112E-04
   59  0.14336848E-04
   60  0.13912319E-04
   61  0.13493644E-04
   62  0.13080135E-04
   63  0.12673417E-04
   64  0.12273646E-04
   65  0.11880479E-04
   66  0.11494380E-04
   67  0.11115771E-04
   68  0.10744606E-04
   69  0.10381389E-04
   70  0.10026210E-04
   71  0.96787971E-05
   72  0.93392928E-05
   73  0.90093326E-05
   74  0.86872733E-05
   75  0.83736086E-05
   76  0.80682530E-05
   77  0.77722279E-05
   78  0.74847599E-05
   79  0.72058356E-05
   80  0.69358998E-05
   81  0.66748139E-05
   82  0.64222841E-05
   83  0.61782598E-05
   84  0.59426070E-05
   85  0.57159959E-05
   86  0.54976604E-05
   87  0.52873411E-05
   88  0.50853887E-05
   89  0.48911561E-05
   90  0.47049562E-05
   91  0.45262482E-05
   92  0.43553828E-05
   93  0.41916846E-05
   94  0.40353411E-05
   95  0.38858993E-05
   96  0.37434661E-05
   97  0.36076669E-05
   98  0.34779177E-05
   99  0.33548513E-05
  100  0.32377150E-05
  101  0.31263855E-05
  102  0.30208150E-05
  103  0.29203429E-05
  104  0.28252280E-05
  105  0.27354238E-05
  106  0.26504545E-05
  107  0.25701790E-05
  108  0.24943913E-05
  109  0.24227149E-05
  110  0.23553789E-05
  111  0.22917716E-05
  112  0.22322188E-05
  113  0.21761139E-05
  114  0.21233175E-05
  115  0.20739080E-05
  116  0.20278783E-05
  117  0.19847230E-05
  118  0.19441341E-05
  119  0.19063501E-05
  120  0.18713092E-05
  121  0.18385157E-05
  122  0.18080019E-05
  123  0.17795578E-05
  124  0.17533482E-05
  125  0.17286231E-05
  126  0.17058693E-05
  127  0.16846643E-05
  128  0.16650747E-05
  129  0.16471139E-05
  130  0.16299952E-05
  131  0.16143998E-05
  132  0.15998149E-05
  133  0.15860603E-05
  134  0.15733297E-05
  135  0.15613082E-05
  136  0.15499498E-05
  137  0.15392910E-05
  138  0.15289966E-05
  139  0.15192926E-05
  140  0.15099318E-05
  141  0.15006153E-05
  142  0.14916593E-05
  143  0.14828433E-05
  144  0.14739345E-05
  145  0.14651965E-05
  146  0.14562481E-05
  147  0.14472306E-05
  148  0.14379527E-05
  149  0.14285199E-05
  150  0.14187183E-05
  151  0.14087533E-05
  152  0.13983708E-05
  153  0.13875987E-05
  154  0.13765372E-05
  155  0.13649133E-05
  156  0.13529429E-05
  157  0.13404664E-05
  158  0.13274694E-05
  159  0.13142038E-05
  160  0.13002636E-05
  161  0.12859662E-05
  162  0.12711951E-05
  163  0.12559942E-05
  164  0.12402679E-05
  165  0.12241876E-05
  166  0.12076646E-05
  167  0.11907513E-05
  168  0.11734124E-05
  169  0.11557776E-05
  170  0.11378188E-05
  171  0.11195488E-05
  172  0.11010159E-05
  173  0.10822097E-05
  174  0.10631524E-05
  175  0.10439205E-05
  176  0.10245782E-05
  177  0.10050778E-05
  178  0.98547048E-06
  179  0.96585723E-06
  180  0.94617127E-06
  181  0.92645575E-06
  182  0.90677366E-06
  183  0.88716729E-06
  184  0.86763202E-06
  185  0.84820022E-06
  186  0.82895002E-06
  187  0.80981403E-06
  188  0.79089341E-06
  189  0.77216919E-06
  190  0.75365818E-06
  191  0.73547528E-06
  192  0.71751555E-06
  193  0.69991313E-06
  194  0.68251597E-06
  195  0.66555913E-06
  196  0.64885825E-06
  197  0.63260927E-06
  198  0.61673580E-06
  199  0.60123784E-06
  200  0.58609766E-06
  201  0.57143041E-06
  202  0.55717271E-06
  203  0.54336084E-06
  204  0.52997461E-06
  205  0.51702409E-06
  206  0.50457146E-06
  207  0.49259364E-06
  208  0.48107398E-06
  209  0.47000381E-06
  210  0.45942656E-06
  211  0.44935283E-06
  212  0.43982752E-06
  213  0.43072268E-06
  214  0.42214288E-06
  215  0.41412292E-06
  216  0.40657471E-06
  217  0.39953923E-06
  218  0.39305152E-06
  219  0.38708671E-06
  220  0.38166687E-06
  221  0.37682247E-06
  222  0.37236762E-06
  223  0.36867652E-06
  224  0.36549838E-06
  225  0.36289077E-06
  226  0.36092277E-06
  227  0.35952789E-06
  228  0.35872142E-06
  229  0.35857681E-06
  230  0.35920672E-06
  231  0.36045500E-06
  232  0.36239226E-06
  233  0.36520012E-06
  234  0.36867550E-06
  235  0.37302354E-06
  236  0.37826092E-06
  237  0.38425310E-06
  238  0.39143970E-06
  239  0.39947275E-06
  240  0.40857671E-06
  241  0.41887992E-06
  242  0.43036454E-06
  243  0.44318116E-06
  244  0.45733253E-06
  245  0.47299639E-06
  246  0.49028830E-06
  247  0.50915827E-06
  248  0.52987150E-06
  249  0.55264468E-06
  250  0.57744927E-06
  251  0.60447280E-06
  252  0.63406736E-06
  253  0.66594691E-06
  254  0.70078642E-06
  255  0.73862776E-06
  256  0.77967019E-06
  257  0.82387936E-06
  258  0.87196764E-06
  259  0.92395220E-06
  260  0.98000430E-06
  261  0.10405496E-05
  262  0.11057714E-05
  263  0.11761864E-05
  264  0.12518842E-05
  265  0.13329471E-05
  266  0.14203412E-05
  267  0.15137152E-05
  268  0.16139227E-05
  269  0.17211025E-05
  270  0.18356925E-05
  271  0.19579513E-05
  272  0.20882721E-05
  273  0.22269742E-05
  274  0.23743714E-05
  275  0.25314162E-05
  276  0.26977166E-05
  277  0.28740053E-05
  278  0.30601125E-05
  279  0.32572107E-05
  280  0.34651441E-05
  281  0.36840493E-05
  282  0.39144957E-05
  283  0.41567100E-05
  284  0.44110907E-05
  285  0.46777232E-05
  286  0.49564105E-05
  287  0.52478367E-05
  288  0.55520895E-05
  289  0.58693718E-05
  290  0.61992196E-05
  291  0.65421841E-05
  292  0.68978534E-05
  293  0.72676844E-05
  294  0.76492124E-05
  295  0.80442487E-05
  296  0.84515441E-05
  297  0.88713341E-05
  298  0.93037715E-05
  299  0.97475140E-05
  300  0.10203573E-04
  301  0.10671053E-04
  302  0.11149017E-04
  303  0.11638473E-04
  304  0.12137137E-04
  305  0.12645222E-04
  306  0.13162115E-04
  307  0.13688458E-04
  308  0.14222172E-04
  309  0.14762943E-04
  310  0.15310172E-04
  311  0.15863143E-04
  312  0.16421076E-04
  313  0.16983831E-04
  314  0.17548968E-04
  315  0.18117413E-04
  316  0.18687831E-04
  317  0.19259924E-04
  318  0.19831565E-04
  319  0.20402114E-04
  320  0.20971662E-04
  321  0.21539587E-04
  322  0.22103068E-04
  323  0.22662878E-04
  324  0.23218046E-04
  325  0.23766770E-04
  326  0.24309755E-04
  327  0.24844394E-04
  328  0.25372363E-04
  329  0.25890169E-04
  330  0.26398711E-04
  331  0.26896863E-04
  332  0.27383330E-04
  333  0.27857663E-04
  334  0.28319970E-04
  335  0.28768975E-04
  336  0.29204375E-04
  337  0.29625258E-04
  338  0.30030720E-04
  339  0.30420446E-04
  340  0.30795472E-04
  341  0.31153209E-04
  342  0.31494423E-04
  343  0.31818159E-04
  344  0.32124746E-04
  345  0.32413005E-04
  346  0.32683398E-04
  347  0.32935226E-04
  348  0.33168777E-04
  349  0.33383483E-04
  350  0.33579163E-04
  351  0.33755885E-04
  352  0.33913671E-04
  353  0.34051667E-04
  354  0.34171106E-04
  355  0.34271077E-04
  356  0.34352128E-04
  357  0.34413802E-04
  358  0.34456811E-04
  359  0.34480985E-04
  360  0.34486031E-04
 ]; 
