stt = [ 
    1  0.45198247E-01
    2  0.45185044E-01
    3  0.45126311E-01
    4  0.45022458E-01
    5  0.44874404E-01
    6  0.44682208E-01
    7  0.44447217E-01
    8  0.44170365E-01
    9  0.43852821E-01
   10  0.43496393E-01
   11  0.43102283E-01
   12  0.42672679E-01
   13  0.42208880E-01
   14  0.41713782E-01
   15  0.41189149E-01
   16  0.40637251E-01
   17  0.40060956E-01
   18  0.39462321E-01
   19  0.38844448E-01
   20  0.38209725E-01
   21  0.37561025E-01
   22  0.36901336E-01
   23  0.36233474E-01
   24  0.35560142E-01
   25  0.34884308E-01
   26  0.34208816E-01
   27  0.33536617E-01
   28  0.32870490E-01
   29  0.32213092E-01
   30  0.31567272E-01
   31  0.30935636E-01
   32  0.30320672E-01
   33  0.29724870E-01
   34  0.29150626E-01
   35  0.28599882E-01
   36  0.28075129E-01
   37  0.27577993E-01
   38  0.27110618E-01
   39  0.26674498E-01
   40  0.26271064E-01
   41  0.25901560E-01
   42  0.25567355E-01
   43  0.25269585E-01
   44  0.25008935E-01
   45  0.24786098E-01
   46  0.24601439E-01
   47  0.24455516E-01
   48  0.24348337E-01
   49  0.24279833E-01
   50  0.24249867E-01
   51  0.24258114E-01
   52  0.24304071E-01
   53  0.24387078E-01
   54  0.24506290E-01
   55  0.24660684E-01
   56  0.24849331E-01
   57  0.25070867E-01
   58  0.25323963E-01
   59  0.25607338E-01
   60  0.25919491E-01
   61  0.26258385E-01
   62  0.26622422E-01
   63  0.27010048E-01
   64  0.27419228E-01
   65  0.27847968E-01
   66  0.28294673E-01
   67  0.28756842E-01
   68  0.29232696E-01
   69  0.29720549E-01
   70  0.30217677E-01
   71  0.30722270E-01
   72  0.31232251E-01
   73  0.31745832E-01
   74  0.32261092E-01
   75  0.32775342E-01
   76  0.33287752E-01
   77  0.33795357E-01
   78  0.34297083E-01
   79  0.34790855E-01
   80  0.35275098E-01
   81  0.35748113E-01
   82  0.36208425E-01
   83  0.36654364E-01
   84  0.37084676E-01
   85  0.37498225E-01
   86  0.37893523E-01
   87  0.38269319E-01
   88  0.38625147E-01
   89  0.38959473E-01
   90  0.39272081E-01
   91  0.39561562E-01
   92  0.39827496E-01
   93  0.40069316E-01
   94  0.40286195E-01
   95  0.40478673E-01
   96  0.40645834E-01
   97  0.40786628E-01
   98  0.40902402E-01
   99  0.40992413E-01
  100  0.41056417E-01
  101  0.41095234E-01
  102  0.41108072E-01
  103  0.41095883E-01
  104  0.41058671E-01
  105  0.40997043E-01
  106  0.40911097E-01
  107  0.40801406E-01
  108  0.40668860E-01
  109  0.40513411E-01
  110  0.40336087E-01
  111  0.40137284E-01
  112  0.39918087E-01
  113  0.39678704E-01
  114  0.39420355E-01
  115  0.39143585E-01
  116  0.38849335E-01
  117  0.38538333E-01
  118  0.38211528E-01
  119  0.37869673E-01
  120  0.37513528E-01
  121  0.37144221E-01
  122  0.36762413E-01
  123  0.36369402E-01
  124  0.35965662E-01
  125  0.35552237E-01
  126  0.35130061E-01
  127  0.34700047E-01
  128  0.34262974E-01
  129  0.33819757E-01
  130  0.33371426E-01
  131  0.32918565E-01
  132  0.32462258E-01
  133  0.32003336E-01
  134  0.31542242E-01
  135  0.31080419E-01
  136  0.30618023E-01
  137  0.30156156E-01
  138  0.29695621E-01
  139  0.29237155E-01
  140  0.28781069E-01
  141  0.28328564E-01
  142  0.27880052E-01
  143  0.27436242E-01
  144  0.26997717E-01
  145  0.26565222E-01
  146  0.26138980E-01
  147  0.25719898E-01
  148  0.25308488E-01
  149  0.24905181E-01
  150  0.24510223E-01
  151  0.24124617E-01
  152  0.23748282E-01
  153  0.23381718E-01
  154  0.23025742E-01
  155  0.22680134E-01
  156  0.22345657E-01
  157  0.22022361E-01
  158  0.21710759E-01
  159  0.21411028E-01
  160  0.21123368E-01
  161  0.20848103E-01
  162  0.20585433E-01
  163  0.20335594E-01
  164  0.20098668E-01
  165  0.19874951E-01
  166  0.19664265E-01
  167  0.19467290E-01
  168  0.19283647E-01
  169  0.19113680E-01
  170  0.18957477E-01
  171  0.18814983E-01
  172  0.18686652E-01
  173  0.18571975E-01
  174  0.18471427E-01
  175  0.18384855E-01
  176  0.18312450E-01
  177  0.18254152E-01
  178  0.18209826E-01
  179  0.18179895E-01
  180  0.18163968E-01
  181  0.18162211E-01
  182  0.18174697E-01
  183  0.18201200E-01
  184  0.18241951E-01
  185  0.18296849E-01
  186  0.18365804E-01
  187  0.18448861E-01
  188  0.18546015E-01
  189  0.18657051E-01
  190  0.18782163E-01
  191  0.18920939E-01
  192  0.19073877E-01
  193  0.19240264E-01
  194  0.19420363E-01
  195  0.19613996E-01
  196  0.19821171E-01
  197  0.20041702E-01
  198  0.20275285E-01
  199  0.20521834E-01
  200  0.20781279E-01
  201  0.21053478E-01
  202  0.21337973E-01
  203  0.21634882E-01
  204  0.21943640E-01
  205  0.22264130E-01
  206  0.22596221E-01
  207  0.22939295E-01
  208  0.23293229E-01
  209  0.23657648E-01
  210  0.24032153E-01
  211  0.24416368E-01
  212  0.24809856E-01
  213  0.25212254E-01
  214  0.25622955E-01
  215  0.26041584E-01
  216  0.26467625E-01
  217  0.26900476E-01
  218  0.27339738E-01
  219  0.27784530E-01
  220  0.28234661E-01
  221  0.28689109E-01
  222  0.29147400E-01
  223  0.29608862E-01
  224  0.30072708E-01
  225  0.30538514E-01
  226  0.31005155E-01
  227  0.31472094E-01
  228  0.31938460E-01
  229  0.32403510E-01
  230  0.32866664E-01
  231  0.33326693E-01
  232  0.33782896E-01
  233  0.34234386E-01
  234  0.34680717E-01
  235  0.35120431E-01
  236  0.35552617E-01
  237  0.35976939E-01
  238  0.36392037E-01
  239  0.36797315E-01
  240  0.37191704E-01
  241  0.37574258E-01
  242  0.37944082E-01
  243  0.38300414E-01
  244  0.38641915E-01
  245  0.38968328E-01
  246  0.39278422E-01
  247  0.39571442E-01
  248  0.39846364E-01
  249  0.40102508E-01
  250  0.40338788E-01
  251  0.40555142E-01
  252  0.40750246E-01
  253  0.40923502E-01
  254  0.41074056E-01
  255  0.41201845E-01
  256  0.41305616E-01
  257  0.41385327E-01
  258  0.41440174E-01
  259  0.41469902E-01
  260  0.41473929E-01
  261  0.41452471E-01
  262  0.41404635E-01
  263  0.41330751E-01
  264  0.41230060E-01
  265  0.41103397E-01
  266  0.40950391E-01
  267  0.40771298E-01
  268  0.40566210E-01
  269  0.40335108E-01
  270  0.40079158E-01
  271  0.39798163E-01
  272  0.39493464E-01
  273  0.39165094E-01
  274  0.38813982E-01
  275  0.38441297E-01
  276  0.38047418E-01
  277  0.37634101E-01
  278  0.37202094E-01
  279  0.36752757E-01
  280  0.36287468E-01
  281  0.35807483E-01
  282  0.35314359E-01
  283  0.34809921E-01
  284  0.34295529E-01
  285  0.33773251E-01
  286  0.33244617E-01
  287  0.32711457E-01
  288  0.32175843E-01
  289  0.31639930E-01
  290  0.31105412E-01
  291  0.30574493E-01
  292  0.30049119E-01
  293  0.29531473E-01
  294  0.29024065E-01
  295  0.28528091E-01
  296  0.28046370E-01
  297  0.27580878E-01
  298  0.27133394E-01
  299  0.26706208E-01
  300  0.26301075E-01
  301  0.25919927E-01
  302  0.25564887E-01
  303  0.25237499E-01
  304  0.24939371E-01
  305  0.24672026E-01
  306  0.24437202E-01
  307  0.24236256E-01
  308  0.24070054E-01
  309  0.23940183E-01
  310  0.23847340E-01
  311  0.23792308E-01
  312  0.23775943E-01
  313  0.23798818E-01
  314  0.23860859E-01
  315  0.23962716E-01
  316  0.24104310E-01
  317  0.24285385E-01
  318  0.24505613E-01
  319  0.24764692E-01
  320  0.25061835E-01
  321  0.25396042E-01
  322  0.25766429E-01
  323  0.26171772E-01
  324  0.26610617E-01
  325  0.27081745E-01
  326  0.27583130E-01
  327  0.28113052E-01
  328  0.28669506E-01
  329  0.29250599E-01
  330  0.29853869E-01
  331  0.30477045E-01
  332  0.31117389E-01
  333  0.31772669E-01
  334  0.32440171E-01
  335  0.33117089E-01
  336  0.33800583E-01
  337  0.34487989E-01
  338  0.35176188E-01
  339  0.35862431E-01
  340  0.36543969E-01
  341  0.37217528E-01
  342  0.37880406E-01
  343  0.38530149E-01
  344  0.39163209E-01
  345  0.39777312E-01
  346  0.40369652E-01
  347  0.40937845E-01
  348  0.41479200E-01
  349  0.41991275E-01
  350  0.42471994E-01
  351  0.42919185E-01
  352  0.43330848E-01
  353  0.43705236E-01
  354  0.44040840E-01
  355  0.44335872E-01
  356  0.44589259E-01
  357  0.44799909E-01
  358  0.44966556E-01
  359  0.45088924E-01
  360  0.45166276E-01
 ]; 
