spt = [ 
    1  0.34621222E-04
    2  0.34588345E-04
    3  0.34536934E-04
    4  0.34467146E-04
    5  0.34380140E-04
    6  0.34275006E-04
    7  0.34152461E-04
    8  0.34013330E-04
    9  0.33856802E-04
   10  0.33684431E-04
   11  0.33496268E-04
   12  0.33292428E-04
   13  0.33072814E-04
   14  0.32838787E-04
   15  0.32590069E-04
   16  0.32327531E-04
   17  0.32051019E-04
   18  0.31761097E-04
   19  0.31458843E-04
   20  0.31144100E-04
   21  0.30817435E-04
   22  0.30478688E-04
   23  0.30129850E-04
   24  0.29770290E-04
   25  0.29400628E-04
   26  0.29020808E-04
   27  0.28632367E-04
   28  0.28235505E-04
   29  0.27829383E-04
   30  0.27416510E-04
   31  0.26995709E-04
   32  0.26569038E-04
   33  0.26135835E-04
   34  0.25696516E-04
   35  0.25251569E-04
   36  0.24802419E-04
   37  0.24348703E-04
   38  0.23891012E-04
   39  0.23429951E-04
   40  0.22966064E-04
   41  0.22499407E-04
   42  0.22031471E-04
   43  0.21561362E-04
   44  0.21090760E-04
   45  0.20618994E-04
   46  0.20147803E-04
   47  0.19676569E-04
   48  0.19206429E-04
   49  0.18737148E-04
   50  0.18269589E-04
   51  0.17804286E-04
   52  0.17341139E-04
   53  0.16881530E-04
   54  0.16424990E-04
   55  0.15972239E-04
   56  0.15523792E-04
   57  0.15079374E-04
   58  0.14640107E-04
   59  0.14206451E-04
   60  0.13777565E-04
   61  0.13355315E-04
   62  0.12939173E-04
   63  0.12529654E-04
   64  0.12126853E-04
   65  0.11730894E-04
   66  0.11342382E-04
   67  0.10961902E-04
   68  0.10589005E-04
   69  0.10224033E-04
   70  0.98673772E-05
   71  0.95188607E-05
   72  0.91791580E-05
   73  0.88475817E-05
   74  0.85246957E-05
   75  0.82109746E-05
   76  0.79061383E-05
   77  0.76098104E-05
   78  0.73228944E-05
   79  0.70447177E-05
   80  0.67751580E-05
   81  0.65147251E-05
   82  0.62631834E-05
   83  0.60204416E-05
   84  0.57861826E-05
   85  0.55604396E-05
   86  0.53437061E-05
   87  0.51348893E-05
   88  0.49345795E-05
   89  0.47420340E-05
   90  0.45578290E-05
   91  0.43810146E-05
   92  0.42120432E-05
   93  0.40505593E-05
   94  0.38962103E-05
   95  0.37489015E-05
   96  0.36084748E-05
   97  0.34748309E-05
   98  0.33473636E-05
   99  0.32261789E-05
  100  0.31115346E-05
  101  0.30025210E-05
  102  0.28987081E-05
  103  0.28009747E-05
  104  0.27081198E-05
  105  0.26204216E-05
  106  0.25374811E-05
  107  0.24594149E-05
  108  0.23857806E-05
  109  0.23161999E-05
  110  0.22506847E-05
  111  0.21896108E-05
  112  0.21319697E-05
  113  0.20777964E-05
  114  0.20272848E-05
  115  0.19799904E-05
  116  0.19358633E-05
  117  0.18945422E-05
  118  0.18559903E-05
  119  0.18203905E-05
  120  0.17870149E-05
  121  0.17561943E-05
  122  0.17274735E-05
  123  0.17009611E-05
  124  0.16762547E-05
  125  0.16537938E-05
  126  0.16327674E-05
  127  0.16136745E-05
  128  0.15957131E-05
  129  0.15794302E-05
  130  0.15642560E-05
  131  0.15504135E-05
  132  0.15375082E-05
  133  0.15257425E-05
  134  0.15147427E-05
  135  0.15044941E-05
  136  0.14950605E-05
  137  0.14861110E-05
  138  0.14776263E-05
  139  0.14695056E-05
  140  0.14620111E-05
  141  0.14545393E-05
  142  0.14473229E-05
  143  0.14402980E-05
  144  0.14331852E-05
  145  0.14261177E-05
  146  0.14190344E-05
  147  0.14116994E-05
  148  0.14041347E-05
  149  0.13964091E-05
  150  0.13884667E-05
  151  0.13801418E-05
  152  0.13715539E-05
  153  0.13624420E-05
  154  0.13530523E-05
  155  0.13431995E-05
  156  0.13327962E-05
  157  0.13219985E-05
  158  0.13107484E-05
  159  0.12990204E-05
  160  0.12867373E-05
  161  0.12740625E-05
  162  0.12608328E-05
  163  0.12471337E-05
  164  0.12329244E-05
  165  0.12183402E-05
  166  0.12033022E-05
  167  0.11878142E-05
  168  0.11718409E-05
  169  0.11556107E-05
  170  0.11390073E-05
  171  0.11220571E-05
  172  0.11047809E-05
  173  0.10873246E-05
  174  0.10695428E-05
  175  0.10515619E-05
  176  0.10333686E-05
  177  0.10150535E-05
  178  0.99661997E-06
  179  0.97806162E-06
  180  0.95942312E-06
  181  0.94081139E-06
  182  0.92215311E-06
  183  0.90354723E-06
  184  0.88496193E-06
  185  0.86650169E-06
  186  0.84814786E-06
  187  0.82987822E-06
  188  0.81183538E-06
  189  0.79393897E-06
  190  0.77630699E-06
  191  0.75882156E-06
  192  0.74167843E-06
  193  0.72476763E-06
  194  0.70811831E-06
  195  0.69182562E-06
  196  0.67588371E-06
  197  0.66018862E-06
  198  0.64491115E-06
  199  0.63001789E-06
  200  0.61550742E-06
  201  0.60138268E-06
  202  0.58765806E-06
  203  0.57437933E-06
  204  0.56147411E-06
  205  0.54909958E-06
  206  0.53708732E-06
  207  0.52554265E-06
  208  0.51446898E-06
  209  0.50390912E-06
  210  0.49374586E-06
  211  0.48409112E-06
  212  0.47489189E-06
  213  0.46624817E-06
  214  0.45800277E-06
  215  0.45035318E-06
  216  0.44321695E-06
  217  0.43660125E-06
  218  0.43042937E-06
  219  0.42483094E-06
  220  0.41978333E-06
  221  0.41533360E-06
  222  0.41134035E-06
  223  0.40799031E-06
  224  0.40514129E-06
  225  0.40297431E-06
  226  0.40125633E-06
  227  0.40025009E-06
  228  0.39993230E-06
  229  0.40019023E-06
  230  0.40119346E-06
  231  0.40291147E-06
  232  0.40527846E-06
  233  0.40841758E-06
  234  0.41235805E-06
  235  0.41710069E-06
  236  0.42266146E-06
  237  0.42923574E-06
  238  0.43666873E-06
  239  0.44518890E-06
  240  0.45475807E-06
  241  0.46545753E-06
  242  0.47732681E-06
  243  0.49044132E-06
  244  0.50498909E-06
  245  0.52110607E-06
  246  0.53862522E-06
  247  0.55797335E-06
  248  0.57897029E-06
  249  0.60204997E-06
  250  0.62704282E-06
  251  0.65436785E-06
  252  0.68395798E-06
  253  0.71621952E-06
  254  0.75121358E-06
  255  0.78923745E-06
  256  0.83023878E-06
  257  0.87473188E-06
  258  0.92289008E-06
  259  0.97476948E-06
  260  0.10307321E-05
  261  0.10913321E-05
  262  0.11563308E-05
  263  0.12265454E-05
  264  0.13019077E-05
  265  0.13829523E-05
  266  0.14698549E-05
  267  0.15629606E-05
  268  0.16629203E-05
  269  0.17698388E-05
  270  0.18839519E-05
  271  0.20056398E-05
  272  0.21357844E-05
  273  0.22739800E-05
  274  0.24210576E-05
  275  0.25770905E-05
  276  0.27429724E-05
  277  0.29184014E-05
  278  0.31043085E-05
  279  0.33011017E-05
  280  0.35082328E-05
  281  0.37264056E-05
  282  0.39564925E-05
  283  0.41981698E-05
  284  0.44519097E-05
  285  0.47177555E-05
  286  0.49960395E-05
  287  0.52874766E-05
  288  0.55909723E-05
  289  0.59076920E-05
  290  0.62378085E-05
  291  0.65808313E-05
  292  0.69365447E-05
  293  0.73057281E-05
  294  0.76872711E-05
  295  0.80825248E-05
  296  0.84903349E-05
  297  0.89102023E-05
  298  0.93427143E-05
  299  0.97875536E-05
  300  0.10244137E-04
  301  0.10711814E-04
  302  0.11191254E-04
  303  0.11680801E-04
  304  0.12181022E-04
  305  0.12690745E-04
  306  0.13208926E-04
  307  0.13736254E-04
  308  0.14271051E-04
  309  0.14813826E-04
  310  0.15362770E-04
  311  0.15917851E-04
  312  0.16478092E-04
  313  0.17042072E-04
  314  0.17610275E-04
  315  0.18180603E-04
  316  0.18753992E-04
  317  0.19327903E-04
  318  0.19902434E-04
  319  0.20475911E-04
  320  0.21047927E-04
  321  0.21618323E-04
  322  0.22185573E-04
  323  0.22747858E-04
  324  0.23306024E-04
  325  0.23858718E-04
  326  0.24404359E-04
  327  0.24942667E-04
  328  0.25472453E-04
  329  0.25994308E-04
  330  0.26505937E-04
  331  0.27006658E-04
  332  0.27496235E-04
  333  0.27973771E-04
  334  0.28438993E-04
  335  0.28890589E-04
  336  0.29328339E-04
  337  0.29752575E-04
  338  0.30160683E-04
  339  0.30553521E-04
  340  0.30930038E-04
  341  0.31290518E-04
  342  0.31633637E-04
  343  0.31959742E-04
  344  0.32267857E-04
  345  0.32558615E-04
  346  0.32829790E-04
  347  0.33083506E-04
  348  0.33318131E-04
  349  0.33533917E-04
  350  0.33730528E-04
  351  0.33907821E-04
  352  0.34065884E-04
  353  0.34204484E-04
  354  0.34324348E-04
  355  0.34424120E-04
  356  0.34504770E-04
  357  0.34566416E-04
  358  0.34608205E-04
  359  0.34631477E-04
  360  0.34635959E-04
 ]; 
