spt = [ 
    1  0.34696644E-04
    2  0.34659006E-04
    3  0.34603050E-04
    4  0.34528573E-04
    5  0.34436445E-04
    6  0.34325985E-04
    7  0.34198474E-04
    8  0.34053388E-04
    9  0.33891782E-04
   10  0.33713604E-04
   11  0.33519198E-04
   12  0.33308963E-04
   13  0.33082910E-04
   14  0.32842920E-04
   15  0.32587406E-04
   16  0.32317956E-04
   17  0.32034783E-04
   18  0.31737731E-04
   19  0.31428553E-04
   20  0.31106967E-04
   21  0.30773099E-04
   22  0.30427507E-04
   23  0.30071304E-04
   24  0.29705034E-04
   25  0.29327975E-04
   26  0.28941415E-04
   27  0.28545895E-04
   28  0.28142123E-04
   29  0.27730250E-04
   30  0.27310256E-04
   31  0.26884010E-04
   32  0.26450178E-04
   33  0.26011190E-04
   34  0.25566373E-04
   35  0.25116651E-04
   36  0.24661607E-04
   37  0.24202836E-04
   38  0.23740826E-04
   39  0.23275847E-04
   40  0.22807464E-04
   41  0.22337519E-04
   42  0.21865708E-04
   43  0.21393051E-04
   44  0.20919624E-04
   45  0.20445692E-04
   46  0.19972418E-04
   47  0.19499626E-04
   48  0.19027178E-04
   49  0.18558012E-04
   50  0.18090044E-04
   51  0.17624625E-04
   52  0.17162032E-04
   53  0.16703274E-04
   54  0.16247013E-04
   55  0.15795744E-04
   56  0.15348403E-04
   57  0.14906180E-04
   58  0.14469241E-04
   59  0.14037984E-04
   60  0.13611664E-04
   61  0.13192592E-04
   62  0.12779483E-04
   63  0.12373536E-04
   64  0.11973812E-04
   65  0.11582219E-04
   66  0.11197586E-04
   67  0.10821052E-04
   68  0.10451881E-04
   69  0.10091102E-04
   70  0.97387747E-05
   71  0.93949648E-05
   72  0.90592766E-05
   73  0.87320286E-05
   74  0.84139383E-05
   75  0.81042845E-05
   76  0.78036201E-05
   77  0.75122730E-05
   78  0.72292150E-05
   79  0.69551634E-05
   80  0.66895877E-05
   81  0.64332121E-05
   82  0.61855426E-05
   83  0.59467643E-05
   84  0.57165307E-05
   85  0.54941752E-05
   86  0.52805512E-05
   87  0.50754311E-05
   88  0.48782472E-05
   89  0.46888722E-05
   90  0.45071097E-05
   91  0.43334098E-05
   92  0.41670614E-05
   93  0.40076679E-05
   94  0.38561384E-05
   95  0.37107375E-05
   96  0.35721080E-05
   97  0.34403643E-05
   98  0.33151064E-05
   99  0.31956290E-05
  100  0.30820331E-05
  101  0.29743098E-05
  102  0.28719103E-05
  103  0.27751219E-05
  104  0.26831806E-05
  105  0.25961986E-05
  106  0.25141371E-05
  107  0.24365047E-05
  108  0.23634527E-05
  109  0.22944828E-05
  110  0.22295051E-05
  111  0.21684234E-05
  112  0.21109295E-05
  113  0.20567827E-05
  114  0.20064920E-05
  115  0.19591487E-05
  116  0.19147826E-05
  117  0.18733547E-05
  118  0.18348998E-05
  119  0.17986325E-05
  120  0.17652297E-05
  121  0.17341572E-05
  122  0.17050463E-05
  123  0.16782171E-05
  124  0.16532081E-05
  125  0.16302369E-05
  126  0.16088946E-05
  127  0.15892031E-05
  128  0.15709186E-05
  129  0.15541466E-05
  130  0.15387481E-05
  131  0.15244066E-05
  132  0.15109995E-05
  133  0.14989100E-05
  134  0.14875698E-05
  135  0.14771171E-05
  136  0.14673220E-05
  137  0.14582226E-05
  138  0.14494898E-05
  139  0.14413724E-05
  140  0.14335689E-05
  141  0.14259502E-05
  142  0.14188126E-05
  143  0.14117294E-05
  144  0.14046964E-05
  145  0.13977102E-05
  146  0.13907289E-05
  147  0.13835527E-05
  148  0.13763591E-05
  149  0.13689116E-05
  150  0.13612495E-05
  151  0.13532808E-05
  152  0.13450967E-05
  153  0.13366015E-05
  154  0.13276715E-05
  155  0.13182982E-05
  156  0.13086470E-05
  157  0.12984316E-05
  158  0.12878807E-05
  159  0.12768556E-05
  160  0.12653244E-05
  161  0.12533400E-05
  162  0.12409665E-05
  163  0.12280871E-05
  164  0.12147950E-05
  165  0.12010007E-05
  166  0.11868500E-05
  167  0.11722875E-05
  168  0.11572910E-05
  169  0.11419695E-05
  170  0.11263049E-05
  171  0.11103342E-05
  172  0.10939805E-05
  173  0.10773759E-05
  174  0.10605737E-05
  175  0.10434948E-05
  176  0.10262581E-05
  177  0.10087937E-05
  178  0.99126748E-06
  179  0.97363704E-06
  180  0.95584062E-06
  181  0.93808308E-06
  182  0.92027460E-06
  183  0.90246181E-06
  184  0.88470415E-06
  185  0.86702272E-06
  186  0.84942508E-06
  187  0.83191117E-06
  188  0.81461286E-06
  189  0.79740363E-06
  190  0.78046685E-06
  191  0.76365211E-06
  192  0.74713563E-06
  193  0.73087136E-06
  194  0.71487273E-06
  195  0.69918553E-06
  196  0.68378330E-06
  197  0.66872155E-06
  198  0.65399627E-06
  199  0.63959726E-06
  200  0.62563311E-06
  201  0.61205657E-06
  202  0.59884707E-06
  203  0.58603632E-06
  204  0.57363468E-06
  205  0.56174429E-06
  206  0.55022008E-06
  207  0.53917955E-06
  208  0.52855648E-06
  209  0.51846030E-06
  210  0.50880612E-06
  211  0.49960312E-06
  212  0.49089971E-06
  213  0.48271102E-06
  214  0.47501572E-06
  215  0.46783862E-06
  216  0.46110335E-06
  217  0.45499783E-06
  218  0.44934234E-06
  219  0.44424820E-06
  220  0.43978037E-06
  221  0.43573363E-06
  222  0.43225086E-06
  223  0.42943535E-06
  224  0.42719600E-06
  225  0.42555968E-06
  226  0.42447795E-06
  227  0.42402607E-06
  228  0.42427089E-06
  229  0.42515131E-06
  230  0.42670541E-06
  231  0.42900720E-06
  232  0.43203724E-06
  233  0.43587062E-06
  234  0.44047417E-06
  235  0.44585323E-06
  236  0.45221213E-06
  237  0.45946143E-06
  238  0.46765246E-06
  239  0.47698353E-06
  240  0.48731715E-06
  241  0.49888718E-06
  242  0.51167120E-06
  243  0.52571522E-06
  244  0.54114685E-06
  245  0.55818265E-06
  246  0.57672474E-06
  247  0.59691155E-06
  248  0.61921440E-06
  249  0.64313684E-06
  250  0.66937503E-06
  251  0.69788467E-06
  252  0.72875991E-06
  253  0.76231845E-06
  254  0.79872626E-06
  255  0.83795089E-06
  256  0.88055299E-06
  257  0.92659161E-06
  258  0.97613849E-06
  259  0.10297632E-05
  260  0.10875341E-05
  261  0.11496892E-05
  262  0.12166250E-05
  263  0.12884044E-05
  264  0.13657334E-05
  265  0.14487034E-05
  266  0.15376986E-05
  267  0.16330337E-05
  268  0.17347842E-05
  269  0.18438955E-05
  270  0.19599629E-05
  271  0.20842033E-05
  272  0.22161798E-05
  273  0.23567588E-05
  274  0.25062122E-05
  275  0.26651228E-05
  276  0.28330626E-05
  277  0.30108476E-05
  278  0.31993750E-05
  279  0.33977344E-05
  280  0.36074357E-05
  281  0.38282533E-05
  282  0.40603231E-05
  283  0.43044897E-05
  284  0.45606348E-05
  285  0.48286465E-05
  286  0.51091770E-05
  287  0.54023503E-05
  288  0.57083626E-05
  289  0.60270499E-05
  290  0.63588782E-05
  291  0.67035389E-05
  292  0.70613496E-05
  293  0.74317754E-05
  294  0.78154135E-05
  295  0.82120296E-05
  296  0.86210011E-05
  297  0.90427275E-05
  298  0.94767938E-05
  299  0.99227700E-05
  300  0.10380187E-04
  301  0.10848684E-04
  302  0.11328816E-04
  303  0.11820037E-04
  304  0.12320419E-04
  305  0.12830360E-04
  306  0.13349569E-04
  307  0.13877503E-04
  308  0.14412604E-04
  309  0.14955988E-04
  310  0.15504633E-04
  311  0.16060236E-04
  312  0.16620410E-04
  313  0.17185052E-04
  314  0.17752400E-04
  315  0.18323661E-04
  316  0.18896833E-04
  317  0.19470808E-04
  318  0.20044612E-04
  319  0.20617979E-04
  320  0.21189386E-04
  321  0.21759468E-04
  322  0.22326152E-04
  323  0.22888704E-04
  324  0.23446582E-04
  325  0.23998495E-04
  326  0.24543493E-04
  327  0.25080923E-04
  328  0.25610550E-04
  329  0.26131149E-04
  330  0.26641923E-04
  331  0.27142214E-04
  332  0.27631102E-04
  333  0.28108521E-04
  334  0.28572786E-04
  335  0.29023711E-04
  336  0.29460645E-04
  337  0.29883207E-04
  338  0.30290346E-04
  339  0.30682571E-04
  340  0.31057647E-04
  341  0.31416846E-04
  342  0.31758864E-04
  343  0.32083364E-04
  344  0.32390184E-04
  345  0.32678861E-04
  346  0.32949400E-04
  347  0.33200504E-04
  348  0.33433360E-04
  349  0.33647113E-04
  350  0.33841519E-04
  351  0.34016437E-04
  352  0.34171804E-04
  353  0.34307930E-04
  354  0.34424338E-04
  355  0.34521701E-04
  356  0.34599045E-04
  357  0.34656958E-04
  358  0.34695480E-04
  359  0.34714831E-04
  360  0.34715049E-04
 ]; 
