stt = [ 
    1  0.47096353E-01
    2  0.47082320E-01
    3  0.47020867E-01
    4  0.46912465E-01
    5  0.46757583E-01
    6  0.46557266E-01
    7  0.46312049E-01
    8  0.46023186E-01
    9  0.45692232E-01
   10  0.45320306E-01
   11  0.44909410E-01
   12  0.44461183E-01
   13  0.43977961E-01
   14  0.43461442E-01
   15  0.42914271E-01
   16  0.42338829E-01
   17  0.41737568E-01
   18  0.41113101E-01
   19  0.40468451E-01
   20  0.39806448E-01
   21  0.39129734E-01
   22  0.38441226E-01
   23  0.37744086E-01
   24  0.37041370E-01
   25  0.36335688E-01
   26  0.35630532E-01
   27  0.34928527E-01
   28  0.34232680E-01
   29  0.33545978E-01
   30  0.32871071E-01
   31  0.32210913E-01
   32  0.31568035E-01
   33  0.30944902E-01
   34  0.30344080E-01
   35  0.29767841E-01
   36  0.29218478E-01
   37  0.28697822E-01
   38  0.28208045E-01
   39  0.27750691E-01
   40  0.27327400E-01
   41  0.26939539E-01
   42  0.26588425E-01
   43  0.26274864E-01
   44  0.26000177E-01
   45  0.25764853E-01
   46  0.25569383E-01
   47  0.25414096E-01
   48  0.25299286E-01
   49  0.25224796E-01
   50  0.25190514E-01
   51  0.25196193E-01
   52  0.25240975E-01
   53  0.25324669E-01
   54  0.25445834E-01
   55  0.25603902E-01
   56  0.25797691E-01
   57  0.26025822E-01
   58  0.26287001E-01
   59  0.26579894E-01
   60  0.26902186E-01
   61  0.27252840E-01
   62  0.27629927E-01
   63  0.28031314E-01
   64  0.28455405E-01
   65  0.28899968E-01
   66  0.29362716E-01
   67  0.29841948E-01
   68  0.30334996E-01
   69  0.30840663E-01
   70  0.31355605E-01
   71  0.31878658E-01
   72  0.32406803E-01
   73  0.32938275E-01
   74  0.33471253E-01
   75  0.34003232E-01
   76  0.34532238E-01
   77  0.35056673E-01
   78  0.35574108E-01
   79  0.36082722E-01
   80  0.36580868E-01
   81  0.37066873E-01
   82  0.37538894E-01
   83  0.37995327E-01
   84  0.38434647E-01
   85  0.38856052E-01
   86  0.39257236E-01
   87  0.39637495E-01
   88  0.39996076E-01
   89  0.40331386E-01
   90  0.40642701E-01
   91  0.40929876E-01
   92  0.41190993E-01
   93  0.41425634E-01
   94  0.41634418E-01
   95  0.41815426E-01
   96  0.41969307E-01
   97  0.42095970E-01
   98  0.42194359E-01
   99  0.42264901E-01
  100  0.42307816E-01
  101  0.42322997E-01
  102  0.42310726E-01
  103  0.42271014E-01
  104  0.42204514E-01
  105  0.42111449E-01
  106  0.41992743E-01
  107  0.41848119E-01
  108  0.41678764E-01
  109  0.41485265E-01
  110  0.41268200E-01
  111  0.41028209E-01
  112  0.40766086E-01
  113  0.40483102E-01
  114  0.40179629E-01
  115  0.39856806E-01
  116  0.39515514E-01
  117  0.39156459E-01
  118  0.38780984E-01
  119  0.38389593E-01
  120  0.37983499E-01
  121  0.37563857E-01
  122  0.37131544E-01
  123  0.36687613E-01
  124  0.36232851E-01
  125  0.35768583E-01
  126  0.35295561E-01
  127  0.34814890E-01
  128  0.34327582E-01
  129  0.33834416E-01
  130  0.33336680E-01
  131  0.32835130E-01
  132  0.32330643E-01
  133  0.31824268E-01
  134  0.31316850E-01
  135  0.30809315E-01
  136  0.30302403E-01
  137  0.29796965E-01
  138  0.29293859E-01
  139  0.28793948E-01
  140  0.28297897E-01
  141  0.27806276E-01
  142  0.27320106E-01
  143  0.26839819E-01
  144  0.26366150E-01
  145  0.25899779E-01
  146  0.25441026E-01
  147  0.24990812E-01
  148  0.24549574E-01
  149  0.24117425E-01
  150  0.23695285E-01
  151  0.23283679E-01
  152  0.22882624E-01
  153  0.22492757E-01
  154  0.22114445E-01
  155  0.21747923E-01
  156  0.21393385E-01
  157  0.21051537E-01
  158  0.20722223E-01
  159  0.20405974E-01
  160  0.20102762E-01
  161  0.19813018E-01
  162  0.19536704E-01
  163  0.19274082E-01
  164  0.19025402E-01
  165  0.18790588E-01
  166  0.18569902E-01
  167  0.18363323E-01
  168  0.18171022E-01
  169  0.17992890E-01
  170  0.17829150E-01
  171  0.17680006E-01
  172  0.17545244E-01
  173  0.17424954E-01
  174  0.17319160E-01
  175  0.17227910E-01
  176  0.17151223E-01
  177  0.17089071E-01
  178  0.17041437E-01
  179  0.17008496E-01
  180  0.16990066E-01
  181  0.16986273E-01
  182  0.16997069E-01
  183  0.17022425E-01
  184  0.17062377E-01
  185  0.17116737E-01
  186  0.17185807E-01
  187  0.17269304E-01
  188  0.17367363E-01
  189  0.17479807E-01
  190  0.17606936E-01
  191  0.17748320E-01
  192  0.17904056E-01
  193  0.18074291E-01
  194  0.18258749E-01
  195  0.18457364E-01
  196  0.18670082E-01
  197  0.18897122E-01
  198  0.19137843E-01
  199  0.19392543E-01
  200  0.19660968E-01
  201  0.19942921E-01
  202  0.20238334E-01
  203  0.20546960E-01
  204  0.20868694E-01
  205  0.21203196E-01
  206  0.21550190E-01
  207  0.21909580E-01
  208  0.22280969E-01
  209  0.22664029E-01
  210  0.23058543E-01
  211  0.23463978E-01
  212  0.23880115E-01
  213  0.24306379E-01
  214  0.24742464E-01
  215  0.25187830E-01
  216  0.25641896E-01
  217  0.26104353E-01
  218  0.26574420E-01
  219  0.27051622E-01
  220  0.27535282E-01
  221  0.28024897E-01
  222  0.28519688E-01
  223  0.29018864E-01
  224  0.29521769E-01
  225  0.30027702E-01
  226  0.30535927E-01
  227  0.31045584E-01
  228  0.31555526E-01
  229  0.32065663E-01
  230  0.32574460E-01
  231  0.33081099E-01
  232  0.33585008E-01
  233  0.34084897E-01
  234  0.34580044E-01
  235  0.35069365E-01
  236  0.35551716E-01
  237  0.36026590E-01
  238  0.36492411E-01
  239  0.36948543E-01
  240  0.37394013E-01
  241  0.37827540E-01
  242  0.38248159E-01
  243  0.38654778E-01
  244  0.39046839E-01
  245  0.39422948E-01
  246  0.39782263E-01
  247  0.40123604E-01
  248  0.40446296E-01
  249  0.40749218E-01
  250  0.41031592E-01
  251  0.41292377E-01
  252  0.41530855E-01
  253  0.41746303E-01
  254  0.41937750E-01
  255  0.42104695E-01
  256  0.42246152E-01
  257  0.42361982E-01
  258  0.42451255E-01
  259  0.42513467E-01
  260  0.42548422E-01
  261  0.42556003E-01
  262  0.42535216E-01
  263  0.42486165E-01
  264  0.42408805E-01
  265  0.42303182E-01
  266  0.42169422E-01
  267  0.42006921E-01
  268  0.41817162E-01
  269  0.41599575E-01
  270  0.41354664E-01
  271  0.41082967E-01
  272  0.40785193E-01
  273  0.40462133E-01
  274  0.40115103E-01
  275  0.39744083E-01
  276  0.39350457E-01
  277  0.38935632E-01
  278  0.38500391E-01
  279  0.38046643E-01
  280  0.37575319E-01
  281  0.37087981E-01
  282  0.36586564E-01
  283  0.36072478E-01
  284  0.35547517E-01
  285  0.35013523E-01
  286  0.34472380E-01
  287  0.33926409E-01
  288  0.33377174E-01
  289  0.32827221E-01
  290  0.32278147E-01
  291  0.31732664E-01
  292  0.31192509E-01
  293  0.30660100E-01
  294  0.30137785E-01
  295  0.29627714E-01
  296  0.29131640E-01
  297  0.28652420E-01
  298  0.28191715E-01
  299  0.27751938E-01
  300  0.27335005E-01
  301  0.26942875E-01
  302  0.26577648E-01
  303  0.26240991E-01
  304  0.25934797E-01
  305  0.25660614E-01
  306  0.25420053E-01
  307  0.25214573E-01
  308  0.25045464E-01
  309  0.24913652E-01
  310  0.24820393E-01
  311  0.24766568E-01
  312  0.24752731E-01
  313  0.24779605E-01
  314  0.24847366E-01
  315  0.24956251E-01
  316  0.25106428E-01
  317  0.25297677E-01
  318  0.25529576E-01
  319  0.25801776E-01
  320  0.26113193E-01
  321  0.26463285E-01
  322  0.26850918E-01
  323  0.27274979E-01
  324  0.27733807E-01
  325  0.28225586E-01
  326  0.28749231E-01
  327  0.29302528E-01
  328  0.29883165E-01
  329  0.30489244E-01
  330  0.31118359E-01
  331  0.31767990E-01
  332  0.32435693E-01
  333  0.33118717E-01
  334  0.33814266E-01
  335  0.34519508E-01
  336  0.35231657E-01
  337  0.35947807E-01
  338  0.36664482E-01
  339  0.37379239E-01
  340  0.38089052E-01
  341  0.38790483E-01
  342  0.39480824E-01
  343  0.40157277E-01
  344  0.40816315E-01
  345  0.41455720E-01
  346  0.42072538E-01
  347  0.42663820E-01
  348  0.43227181E-01
  349  0.43760363E-01
  350  0.44260412E-01
  351  0.44726070E-01
  352  0.45154355E-01
  353  0.45544125E-01
  354  0.45893040E-01
  355  0.46200197E-01
  356  0.46463545E-01
  357  0.46682552E-01
  358  0.46855908E-01
  359  0.46983056E-01
  360  0.47063343E-01
 ]; 
