stt = [ 
    1  0.46135534E-01
    2  0.46121761E-01
    3  0.46061985E-01
    4  0.45956030E-01
    5  0.45804840E-01
    6  0.45608960E-01
    7  0.45369025E-01
    8  0.45086384E-01
    9  0.44762239E-01
   10  0.44398353E-01
   11  0.43996081E-01
   12  0.43557275E-01
   13  0.43084234E-01
   14  0.42578712E-01
   15  0.42043205E-01
   16  0.41480020E-01
   17  0.40891644E-01
   18  0.40280826E-01
   19  0.39650269E-01
   20  0.39002437E-01
   21  0.38340386E-01
   22  0.37667368E-01
   23  0.36985613E-01
   24  0.36298729E-01
   25  0.35609316E-01
   26  0.34920122E-01
   27  0.34234513E-01
   28  0.33555143E-01
   29  0.32884903E-01
   30  0.32226499E-01
   31  0.31582687E-01
   32  0.30955939E-01
   33  0.30349093E-01
   34  0.29764205E-01
   35  0.29203566E-01
   36  0.28669486E-01
   37  0.28163999E-01
   38  0.27688811E-01
   39  0.27245745E-01
   40  0.26836205E-01
   41  0.26461789E-01
   42  0.26123481E-01
   43  0.25822498E-01
   44  0.25559645E-01
   45  0.25335554E-01
   46  0.25150754E-01
   47  0.25005613E-01
   48  0.24900157E-01
   49  0.24834748E-01
   50  0.24808548E-01
   51  0.24821786E-01
   52  0.24873581E-01
   53  0.24963548E-01
   54  0.25090557E-01
   55  0.25253760E-01
   56  0.25451956E-01
   57  0.25683964E-01
   58  0.25948150E-01
   59  0.26243480E-01
   60  0.26568096E-01
   61  0.26920287E-01
   62  0.27298326E-01
   63  0.27700584E-01
   64  0.28124377E-01
   65  0.28568249E-01
   66  0.29030524E-01
   67  0.29508429E-01
   68  0.30000616E-01
   69  0.30503746E-01
   70  0.31016966E-01
   71  0.31537436E-01
   72  0.32063451E-01
   73  0.32592557E-01
   74  0.33122499E-01
   75  0.33652138E-01
   76  0.34178525E-01
   77  0.34699939E-01
   78  0.35214864E-01
   79  0.35721079E-01
   80  0.36217052E-01
   81  0.36701076E-01
   82  0.37171267E-01
   83  0.37626289E-01
   84  0.38064789E-01
   85  0.38484968E-01
   86  0.38886148E-01
   87  0.39267175E-01
   88  0.39626665E-01
   89  0.39962888E-01
   90  0.40276188E-01
   91  0.40565420E-01
   92  0.40829670E-01
   93  0.41068096E-01
   94  0.41280944E-01
   95  0.41467581E-01
   96  0.41627258E-01
   97  0.41760050E-01
   98  0.41865718E-01
   99  0.41944303E-01
  100  0.41995797E-01
  101  0.42020123E-01
  102  0.42017888E-01
  103  0.41989170E-01
  104  0.41934017E-01
  105  0.41853283E-01
  106  0.41747075E-01
  107  0.41616034E-01
  108  0.41460987E-01
  109  0.41282117E-01
  110  0.41080210E-01
  111  0.40856056E-01
  112  0.40610500E-01
  113  0.40344305E-01
  114  0.40057998E-01
  115  0.39752897E-01
  116  0.39429583E-01
  117  0.39088774E-01
  118  0.38732059E-01
  119  0.38359754E-01
  120  0.37972696E-01
  121  0.37572347E-01
  122  0.37159581E-01
  123  0.36735043E-01
  124  0.36300145E-01
  125  0.35855290E-01
  126  0.35401843E-01
  127  0.34940809E-01
  128  0.34472812E-01
  129  0.33998922E-01
  130  0.33520345E-01
  131  0.33037525E-01
  132  0.32551806E-01
  133  0.32063771E-01
  134  0.31574368E-01
  135  0.31084411E-01
  136  0.30594736E-01
  137  0.30106241E-01
  138  0.29619673E-01
  139  0.29135840E-01
  140  0.28655384E-01
  141  0.28178962E-01
  142  0.27707309E-01
  143  0.27241284E-01
  144  0.26781300E-01
  145  0.26328087E-01
  146  0.25882160E-01
  147  0.25444109E-01
  148  0.25014395E-01
  149  0.24593603E-01
  150  0.24182111E-01
  151  0.23780594E-01
  152  0.23389129E-01
  153  0.23008462E-01
  154  0.22638833E-01
  155  0.22280555E-01
  156  0.21933939E-01
  157  0.21599328E-01
  158  0.21276910E-01
  159  0.20967105E-01
  160  0.20669991E-01
  161  0.20385986E-01
  162  0.20114943E-01
  163  0.19857336E-01
  164  0.19613262E-01
  165  0.19382766E-01
  166  0.19166112E-01
  167  0.18963253E-01
  168  0.18774403E-01
  169  0.18599568E-01
  170  0.18438855E-01
  171  0.18292325E-01
  172  0.18160036E-01
  173  0.18042030E-01
  174  0.17938368E-01
  175  0.17848989E-01
  176  0.17774049E-01
  177  0.17713502E-01
  178  0.17667240E-01
  179  0.17635455E-01
  180  0.17618215E-01
  181  0.17615244E-01
  182  0.17626781E-01
  183  0.17652720E-01
  184  0.17693121E-01
  185  0.17747868E-01
  186  0.17816978E-01
  187  0.17900404E-01
  188  0.17998228E-01
  189  0.18110376E-01
  190  0.18236792E-01
  191  0.18377282E-01
  192  0.18532231E-01
  193  0.18700980E-01
  194  0.18884083E-01
  195  0.19080888E-01
  196  0.19291747E-01
  197  0.19516271E-01
  198  0.19754551E-01
  199  0.20006360E-01
  200  0.20271506E-01
  201  0.20549836E-01
  202  0.20841300E-01
  203  0.21145524E-01
  204  0.21462493E-01
  205  0.21791883E-01
  206  0.22133417E-01
  207  0.22486735E-01
  208  0.22851694E-01
  209  0.23227772E-01
  210  0.23614764E-01
  211  0.24012432E-01
  212  0.24420129E-01
  213  0.24837377E-01
  214  0.25264058E-01
  215  0.25699403E-01
  216  0.26142942E-01
  217  0.26594307E-01
  218  0.27052784E-01
  219  0.27517879E-01
  220  0.27988836E-01
  221  0.28465297E-01
  222  0.28946303E-01
  223  0.29431392E-01
  224  0.29919704E-01
  225  0.30410528E-01
  226  0.30903000E-01
  227  0.31396631E-01
  228  0.31890269E-01
  229  0.32383427E-01
  230  0.32874964E-01
  231  0.33364125E-01
  232  0.33850018E-01
  233  0.34331720E-01
  234  0.34808267E-01
  235  0.35278786E-01
  236  0.35742510E-01
  237  0.36198236E-01
  238  0.36644813E-01
  239  0.37081685E-01
  240  0.37507780E-01
  241  0.37922103E-01
  242  0.38323388E-01
  243  0.38711090E-01
  244  0.39083868E-01
  245  0.39441038E-01
  246  0.39781801E-01
  247  0.40104758E-01
  248  0.40409043E-01
  249  0.40694103E-01
  250  0.40958922E-01
  251  0.41202646E-01
  252  0.41424200E-01
  253  0.41623421E-01
  254  0.41799165E-01
  255  0.41950747E-01
  256  0.42077504E-01
  257  0.42178877E-01
  258  0.42254549E-01
  259  0.42303961E-01
  260  0.42326514E-01
  261  0.42322047E-01
  262  0.42290010E-01
  263  0.42230655E-01
  264  0.42143565E-01
  265  0.42028651E-01
  266  0.41886173E-01
  267  0.41716062E-01
  268  0.41518800E-01
  269  0.41294031E-01
  270  0.41042902E-01
  271  0.40766068E-01
  272  0.40463619E-01
  273  0.40136032E-01
  274  0.39785404E-01
  275  0.39410859E-01
  276  0.39014634E-01
  277  0.38597275E-01
  278  0.38160183E-01
  279  0.37704661E-01
  280  0.37232034E-01
  281  0.36743917E-01
  282  0.36241971E-01
  283  0.35727557E-01
  284  0.35202332E-01
  285  0.34668431E-01
  286  0.34127735E-01
  287  0.33581935E-01
  288  0.33033144E-01
  289  0.32483257E-01
  290  0.31934787E-01
  291  0.31389702E-01
  292  0.30849624E-01
  293  0.30317156E-01
  294  0.29794777E-01
  295  0.29283930E-01
  296  0.28787429E-01
  297  0.28307317E-01
  298  0.27845560E-01
  299  0.27404197E-01
  300  0.26985262E-01
  301  0.26591094E-01
  302  0.26222963E-01
  303  0.25883419E-01
  304  0.25573399E-01
  305  0.25295202E-01
  306  0.25050061E-01
  307  0.24839414E-01
  308  0.24664713E-01
  309  0.24526833E-01
  310  0.24426959E-01
  311  0.24365844E-01
  312  0.24344429E-01
  313  0.24362911E-01
  314  0.24421891E-01
  315  0.24521414E-01
  316  0.24661645E-01
  317  0.24842389E-01
  318  0.25063278E-01
  319  0.25324015E-01
  320  0.25623698E-01
  321  0.25961556E-01
  322  0.26336292E-01
  323  0.26746986E-01
  324  0.27192120E-01
  325  0.27670220E-01
  326  0.28179549E-01
  327  0.28718026E-01
  328  0.29283989E-01
  329  0.29875014E-01
  330  0.30488852E-01
  331  0.31123081E-01
  332  0.31775143E-01
  333  0.32442506E-01
  334  0.33122499E-01
  335  0.33812083E-01
  336  0.34508720E-01
  337  0.35209257E-01
  338  0.35910793E-01
  339  0.36610652E-01
  340  0.37305355E-01
  341  0.37992373E-01
  342  0.38668472E-01
  343  0.39331015E-01
  344  0.39976843E-01
  345  0.40603288E-01
  346  0.41207653E-01
  347  0.41787289E-01
  348  0.42339653E-01
  349  0.42862177E-01
  350  0.43352790E-01
  351  0.43809228E-01
  352  0.44229351E-01
  353  0.44611447E-01
  354  0.44953953E-01
  355  0.45255110E-01
  356  0.45513790E-01
  357  0.45728572E-01
  358  0.45898903E-01
  359  0.46023671E-01
  360  0.46102751E-01
 ]; 
