stt = [ 
    1  0.45413304E-01
    2  0.45399953E-01
    3  0.45341287E-01
    4  0.45237407E-01
    5  0.45088746E-01
    6  0.44896152E-01
    7  0.44660363E-01
    8  0.44382751E-01
    9  0.44064190E-01
   10  0.43706678E-01
   11  0.43311056E-01
   12  0.42880088E-01
   13  0.42414878E-01
   14  0.41918095E-01
   15  0.41391551E-01
   16  0.40837742E-01
   17  0.40259399E-01
   18  0.39658908E-01
   19  0.39038811E-01
   20  0.38401969E-01
   21  0.37750985E-01
   22  0.37089046E-01
   23  0.36418714E-01
   24  0.35742924E-01
   25  0.35064798E-01
   26  0.34387048E-01
   27  0.33712413E-01
   28  0.33043921E-01
   29  0.32384183E-01
   30  0.31736024E-01
   31  0.31102197E-01
   32  0.30485131E-01
   33  0.29887259E-01
   34  0.29310880E-01
   35  0.28758435E-01
   36  0.28231660E-01
   37  0.27732894E-01
   38  0.27263813E-01
   39  0.26826214E-01
   40  0.26421368E-01
   41  0.26050784E-01
   42  0.25715582E-01
   43  0.25416808E-01
   44  0.25155345E-01
   45  0.24931779E-01
   46  0.24746669E-01
   47  0.24600310E-01
   48  0.24492925E-01
   49  0.24424344E-01
   50  0.24394449E-01
   51  0.24403069E-01
   52  0.24449356E-01
   53  0.24532670E-01
   54  0.24652809E-01
   55  0.24807947E-01
   56  0.24997577E-01
   57  0.25220221E-01
   58  0.25474507E-01
   59  0.25759123E-01
   60  0.26072666E-01
   61  0.26412809E-01
   62  0.26778756E-01
   63  0.27167886E-01
   64  0.27578650E-01
   65  0.28009569E-01
   66  0.28457845E-01
   67  0.28922141E-01
   68  0.29399849E-01
   69  0.29889351E-01
   70  0.30388359E-01
   71  0.30894630E-01
   72  0.31406567E-01
   73  0.31922068E-01
   74  0.32438789E-01
   75  0.32954972E-01
   76  0.33469003E-01
   77  0.33978093E-01
   78  0.34480963E-01
   79  0.34975935E-01
   80  0.35461169E-01
   81  0.35935368E-01
   82  0.36396131E-01
   83  0.36842559E-01
   84  0.37273433E-01
   85  0.37687197E-01
   86  0.38082480E-01
   87  0.38458079E-01
   88  0.38813181E-01
   89  0.39147314E-01
   90  0.39458595E-01
   91  0.39746899E-01
   92  0.40011596E-01
   93  0.40251650E-01
   94  0.40466540E-01
   95  0.40657170E-01
   96  0.40821079E-01
   97  0.40959917E-01
   98  0.41072667E-01
   99  0.41159187E-01
  100  0.41219771E-01
  101  0.41254707E-01
  102  0.41263655E-01
  103  0.41247301E-01
  104  0.41205682E-01
  105  0.41139167E-01
  106  0.41048266E-01
  107  0.40933527E-01
  108  0.40795490E-01
  109  0.40634587E-01
  110  0.40451393E-01
  111  0.40246844E-01
  112  0.40021583E-01
  113  0.39776307E-01
  114  0.39511569E-01
  115  0.39228328E-01
  116  0.38927466E-01
  117  0.38609736E-01
  118  0.38276274E-01
  119  0.37927479E-01
  120  0.37564717E-01
  121  0.37188549E-01
  122  0.36800142E-01
  123  0.36400136E-01
  124  0.35989586E-01
  125  0.35569414E-01
  126  0.35140548E-01
  127  0.34703743E-01
  128  0.34259997E-01
  129  0.33810344E-01
  130  0.33355441E-01
  131  0.32896329E-01
  132  0.32433700E-01
  133  0.31968765E-01
  134  0.31501718E-01
  135  0.31034146E-01
  136  0.30565813E-01
  137  0.30098615E-01
  138  0.29632673E-01
  139  0.29168887E-01
  140  0.28707929E-01
  141  0.28250510E-01
  142  0.27797328E-01
  143  0.27348988E-01
  144  0.26906276E-01
  145  0.26469467E-01
  146  0.26039474E-01
  147  0.25616569E-01
  148  0.25201565E-01
  149  0.24794741E-01
  150  0.24396719E-01
  151  0.24007903E-01
  152  0.23628769E-01
  153  0.23259619E-01
  154  0.22900831E-01
  155  0.22553001E-01
  156  0.22216173E-01
  157  0.21890935E-01
  158  0.21577289E-01
  159  0.21275660E-01
  160  0.20986374E-01
  161  0.20709569E-01
  162  0.20445393E-01
  163  0.20194065E-01
  164  0.19955954E-01
  165  0.19730983E-01
  166  0.19519316E-01
  167  0.19321309E-01
  168  0.19136799E-01
  169  0.18966068E-01
  170  0.18809061E-01
  171  0.18666018E-01
  172  0.18536804E-01
  173  0.18421602E-01
  174  0.18320512E-01
  175  0.18233439E-01
  176  0.18160678E-01
  177  0.18101901E-01
  178  0.18057277E-01
  179  0.18026868E-01
  180  0.18010702E-01
  181  0.18008722E-01
  182  0.18020891E-01
  183  0.18047454E-01
  184  0.18087972E-01
  185  0.18142711E-01
  186  0.18211629E-01
  187  0.18294638E-01
  188  0.18391792E-01
  189  0.18502967E-01
  190  0.18628102E-01
  191  0.18767087E-01
  192  0.18920161E-01
  193  0.19087028E-01
  194  0.19267419E-01
  195  0.19461639E-01
  196  0.19669246E-01
  197  0.19890264E-01
  198  0.20124571E-01
  199  0.20371985E-01
  200  0.20632291E-01
  201  0.20905513E-01
  202  0.21191219E-01
  203  0.21489279E-01
  204  0.21799417E-01
  205  0.22121463E-01
  206  0.22455197E-01
  207  0.22799969E-01
  208  0.23155967E-01
  209  0.23522500E-01
  210  0.23899294E-01
  211  0.24285929E-01
  212  0.24682123E-01
  213  0.25087265E-01
  214  0.25500990E-01
  215  0.25922868E-01
  216  0.26352270E-01
  217  0.26788846E-01
  218  0.27231690E-01
  219  0.27680632E-01
  220  0.28134704E-01
  221  0.28593488E-01
  222  0.29056441E-01
  223  0.29522521E-01
  224  0.29991411E-01
  225  0.30462313E-01
  226  0.30934151E-01
  227  0.31406689E-01
  228  0.31878714E-01
  229  0.32349523E-01
  230  0.32818511E-01
  231  0.33284549E-01
  232  0.33746850E-01
  233  0.34204867E-01
  234  0.34657497E-01
  235  0.35103709E-01
  236  0.35542648E-01
  237  0.35973899E-01
  238  0.36395669E-01
  239  0.36807675E-01
  240  0.37208840E-01
  241  0.37598401E-01
  242  0.37975036E-01
  243  0.38338140E-01
  244  0.38686823E-01
  245  0.39019994E-01
  246  0.39336722E-01
  247  0.39636344E-01
  248  0.39918099E-01
  249  0.40180754E-01
  250  0.40423851E-01
  251  0.40646214E-01
  252  0.40847380E-01
  253  0.41026752E-01
  254  0.41183509E-01
  255  0.41316573E-01
  256  0.41426063E-01
  257  0.41511018E-01
  258  0.41571189E-01
  259  0.41605640E-01
  260  0.41614424E-01
  261  0.41597176E-01
  262  0.41553870E-01
  263  0.41483611E-01
  264  0.41386977E-01
  265  0.41263800E-01
  266  0.41113842E-01
  267  0.40937975E-01
  268  0.40734988E-01
  269  0.40507000E-01
  270  0.40253256E-01
  271  0.39974604E-01
  272  0.39671108E-01
  273  0.39344437E-01
  274  0.38994808E-01
  275  0.38622856E-01
  276  0.38230330E-01
  277  0.37816998E-01
  278  0.37385687E-01
  279  0.36936298E-01
  280  0.36470659E-01
  281  0.35990708E-01
  282  0.35497386E-01
  283  0.34992173E-01
  284  0.34477167E-01
  285  0.33953782E-01
  286  0.33424158E-01
  287  0.32889832E-01
  288  0.32353055E-01
  289  0.31815946E-01
  290  0.31279940E-01
  291  0.30747334E-01
  292  0.30220306E-01
  293  0.29701268E-01
  294  0.29191915E-01
  295  0.28694415E-01
  296  0.28211286E-01
  297  0.27744064E-01
  298  0.27294790E-01
  299  0.26866101E-01
  300  0.26459360E-01
  301  0.26076766E-01
  302  0.25720134E-01
  303  0.25391294E-01
  304  0.25091769E-01
  305  0.24823233E-01
  306  0.24587167E-01
  307  0.24385160E-01
  308  0.24218211E-01
  309  0.24087282E-01
  310  0.23993811E-01
  311  0.23938159E-01
  312  0.23921356E-01
  313  0.23943739E-01
  314  0.24005828E-01
  315  0.24107534E-01
  316  0.24249284E-01
  317  0.24430577E-01
  318  0.24651315E-01
  319  0.24910757E-01
  320  0.25208533E-01
  321  0.25543543E-01
  322  0.25914816E-01
  323  0.26321130E-01
  324  0.26761372E-01
  325  0.27233727E-01
  326  0.27736520E-01
  327  0.28268147E-01
  328  0.28826376E-01
  329  0.29409047E-01
  330  0.30014079E-01
  331  0.30639224E-01
  332  0.31281747E-01
  333  0.31939089E-01
  334  0.32608703E-01
  335  0.33287819E-01
  336  0.33973798E-01
  337  0.34663286E-01
  338  0.35353914E-01
  339  0.36042523E-01
  340  0.36726464E-01
  341  0.37402507E-01
  342  0.38067587E-01
  343  0.38719419E-01
  344  0.39354898E-01
  345  0.39971266E-01
  346  0.40565807E-01
  347  0.41135967E-01
  348  0.41679353E-01
  349  0.42193346E-01
  350  0.42675760E-01
  351  0.43124713E-01
  352  0.43537885E-01
  353  0.43913864E-01
  354  0.44250730E-01
  355  0.44547036E-01
  356  0.44801340E-01
  357  0.45012865E-01
  358  0.45180343E-01
  359  0.45303125E-01
  360  0.45380794E-01
 ]; 
