stt = [ 
    1  0.44601873E-01
    2  0.44588681E-01
    3  0.44530500E-01
    4  0.44427924E-01
    5  0.44281337E-01
    6  0.44091642E-01
    7  0.43859527E-01
    8  0.43586183E-01
    9  0.43272838E-01
   10  0.42921010E-01
   11  0.42532235E-01
   12  0.42108066E-01
   13  0.41650947E-01
   14  0.41162744E-01
   15  0.40645294E-01
   16  0.40101532E-01
   17  0.39533462E-01
   18  0.38943857E-01
   19  0.38335204E-01
   20  0.37710406E-01
   21  0.37071932E-01
   22  0.36422905E-01
   23  0.35765905E-01
   24  0.35103764E-01
   25  0.34439474E-01
   26  0.33775948E-01
   27  0.33116017E-01
   28  0.32462224E-01
   29  0.31817392E-01
   30  0.31184407E-01
   31  0.30565435E-01
   32  0.29963329E-01
   33  0.29380422E-01
   34  0.28819155E-01
   35  0.28281335E-01
   36  0.27769385E-01
   37  0.27284976E-01
   38  0.26830144E-01
   39  0.26406305E-01
   40  0.26014877E-01
   41  0.25657337E-01
   42  0.25334882E-01
   43  0.25048131E-01
   44  0.24798451E-01
   45  0.24586031E-01
   46  0.24411410E-01
   47  0.24275081E-01
   48  0.24176857E-01
   49  0.24117099E-01
   50  0.24095081E-01
   51  0.24110874E-01
   52  0.24163833E-01
   53  0.24253318E-01
   54  0.24378320E-01
   55  0.24538049E-01
   56  0.24731338E-01
   57  0.24956850E-01
   58  0.25213702E-01
   59  0.25499806E-01
   60  0.25814146E-01
   61  0.26154956E-01
   62  0.26520127E-01
   63  0.26908716E-01
   64  0.27317965E-01
   65  0.27746797E-01
   66  0.28192414E-01
   67  0.28653566E-01
   68  0.29127963E-01
   69  0.29613500E-01
   70  0.30108413E-01
   71  0.30610370E-01
   72  0.31117518E-01
   73  0.31628035E-01
   74  0.32139696E-01
   75  0.32650404E-01
   76  0.33158708E-01
   77  0.33662636E-01
   78  0.34160096E-01
   79  0.34649909E-01
   80  0.35129845E-01
   81  0.35598651E-01
   82  0.36054794E-01
   83  0.36496788E-01
   84  0.36923036E-01
   85  0.37332628E-01
   86  0.37724182E-01
   87  0.38096588E-01
   88  0.38449053E-01
   89  0.38780089E-01
   90  0.39089855E-01
   91  0.39376076E-01
   92  0.39639398E-01
   93  0.39879113E-01
   94  0.40094458E-01
   95  0.40284690E-01
   96  0.40449932E-01
   97  0.40590085E-01
   98  0.40705029E-01
   99  0.40794432E-01
  100  0.40858351E-01
  101  0.40896915E-01
  102  0.40910278E-01
  103  0.40898830E-01
  104  0.40862653E-01
  105  0.40802129E-01
  106  0.40717661E-01
  107  0.40609710E-01
  108  0.40478934E-01
  109  0.40326033E-01
  110  0.40151294E-01
  111  0.39955329E-01
  112  0.39739203E-01
  113  0.39503001E-01
  114  0.39248228E-01
  115  0.38975105E-01
  116  0.38684696E-01
  117  0.38377579E-01
  118  0.38054813E-01
  119  0.37717056E-01
  120  0.37365526E-01
  121  0.37000798E-01
  122  0.36623701E-01
  123  0.36235344E-01
  124  0.35836406E-01
  125  0.35428021E-01
  126  0.35010688E-01
  127  0.34585603E-01
  128  0.34153529E-01
  129  0.33715554E-01
  130  0.33272073E-01
  131  0.32824408E-01
  132  0.32373153E-01
  133  0.31919152E-01
  134  0.31463262E-01
  135  0.31006230E-01
  136  0.30548843E-01
  137  0.30091943E-01
  138  0.29636294E-01
  139  0.29182572E-01
  140  0.28731359E-01
  141  0.28283384E-01
  142  0.27839459E-01
  143  0.27400170E-01
  144  0.26966009E-01
  145  0.26537757E-01
  146  0.26115786E-01
  147  0.25700862E-01
  148  0.25293486E-01
  149  0.24893973E-01
  150  0.24502955E-01
  151  0.24120850E-01
  152  0.23748161E-01
  153  0.23385165E-01
  154  0.23032404E-01
  155  0.22690181E-01
  156  0.22358792E-01
  157  0.22038542E-01
  158  0.21729907E-01
  159  0.21432912E-01
  160  0.21147951E-01
  161  0.20875325E-01
  162  0.20615075E-01
  163  0.20367589E-01
  164  0.20133048E-01
  165  0.19911353E-01
  166  0.19702991E-01
  167  0.19507773E-01
  168  0.19326251E-01
  169  0.19158039E-01
  170  0.19003619E-01
  171  0.18862927E-01
  172  0.18735914E-01
  173  0.18622871E-01
  174  0.18523755E-01
  175  0.18438637E-01
  176  0.18367428E-01
  177  0.18310318E-01
  178  0.18267250E-01
  179  0.18238179E-01
  180  0.18223314E-01
  181  0.18222377E-01
  182  0.18235672E-01
  183  0.18263072E-01
  184  0.18304413E-01
  185  0.18359918E-01
  186  0.18429454E-01
  187  0.18512901E-01
  188  0.18610317E-01
  189  0.18721722E-01
  190  0.18846853E-01
  191  0.18985819E-01
  192  0.19138569E-01
  193  0.19304996E-01
  194  0.19484809E-01
  195  0.19678188E-01
  196  0.19884830E-01
  197  0.20104600E-01
  198  0.20337496E-01
  199  0.20583255E-01
  200  0.20841749E-01
  201  0.21112727E-01
  202  0.21396009E-01
  203  0.21691516E-01
  204  0.21998700E-01
  205  0.22317611E-01
  206  0.22647666E-01
  207  0.22988832E-01
  208  0.23340631E-01
  209  0.23702739E-01
  210  0.24074696E-01
  211  0.24456138E-01
  212  0.24846908E-01
  213  0.25246190E-01
  214  0.25653880E-01
  215  0.26069241E-01
  216  0.26491690E-01
  217  0.26920928E-01
  218  0.27356267E-01
  219  0.27797278E-01
  220  0.28243197E-01
  221  0.28693257E-01
  222  0.29147498E-01
  223  0.29604282E-01
  224  0.30063616E-01
  225  0.30524630E-01
  226  0.30986294E-01
  227  0.31448252E-01
  228  0.31909630E-01
  229  0.32369599E-01
  230  0.32827411E-01
  231  0.33282131E-01
  232  0.33733189E-01
  233  0.34179233E-01
  234  0.34620121E-01
  235  0.35054211E-01
  236  0.35481218E-01
  237  0.35900034E-01
  238  0.36309917E-01
  239  0.36709566E-01
  240  0.37098847E-01
  241  0.37476182E-01
  242  0.37840795E-01
  243  0.38192045E-01
  244  0.38528770E-01
  245  0.38850177E-01
  246  0.39155524E-01
  247  0.39443996E-01
  248  0.39714616E-01
  249  0.39966453E-01
  250  0.40199108E-01
  251  0.40411297E-01
  252  0.40602900E-01
  253  0.40772632E-01
  254  0.40920436E-01
  255  0.41044917E-01
  256  0.41146159E-01
  257  0.41223489E-01
  258  0.41276246E-01
  259  0.41304071E-01
  260  0.41306634E-01
  261  0.41283701E-01
  262  0.41235030E-01
  263  0.41160263E-01
  264  0.41059323E-01
  265  0.40932447E-01
  266  0.40779281E-01
  267  0.40600311E-01
  268  0.40395793E-01
  269  0.40165879E-01
  270  0.39911222E-01
  271  0.39631765E-01
  272  0.39328724E-01
  273  0.39001934E-01
  274  0.38652960E-01
  275  0.38282525E-01
  276  0.37891012E-01
  277  0.37480056E-01
  278  0.37050828E-01
  279  0.36604285E-01
  280  0.36141712E-01
  281  0.35664532E-01
  282  0.35174310E-01
  283  0.34672551E-01
  284  0.34161136E-01
  285  0.33641599E-01
  286  0.33115432E-01
  287  0.32585103E-01
  288  0.32051995E-01
  289  0.31518161E-01
  290  0.30985815E-01
  291  0.30456534E-01
  292  0.29932849E-01
  293  0.29416597E-01
  294  0.28909771E-01
  295  0.28414994E-01
  296  0.27933303E-01
  297  0.27467761E-01
  298  0.27019868E-01
  299  0.26591631E-01
  300  0.26185226E-01
  301  0.25802394E-01
  302  0.25444943E-01
  303  0.25114793E-01
  304  0.24813445E-01
  305  0.24542557E-01
  306  0.24303583E-01
  307  0.24097735E-01
  308  0.23926457E-01
  309  0.23790987E-01
  310  0.23691786E-01
  311  0.23630090E-01
  312  0.23606563E-01
  313  0.23621753E-01
  314  0.23676017E-01
  315  0.23769356E-01
  316  0.23901911E-01
  317  0.24073649E-01
  318  0.24284236E-01
  319  0.24533255E-01
  320  0.24819858E-01
  321  0.25143472E-01
  322  0.25502935E-01
  323  0.25896875E-01
  324  0.26324512E-01
  325  0.26783712E-01
  326  0.27273597E-01
  327  0.27791617E-01
  328  0.28336249E-01
  329  0.28905090E-01
  330  0.29496327E-01
  331  0.30107290E-01
  332  0.30735716E-01
  333  0.31379055E-01
  334  0.32034740E-01
  335  0.32699954E-01
  336  0.33371780E-01
  337  0.34047794E-01
  338  0.34724861E-01
  339  0.35400245E-01
  340  0.36071211E-01
  341  0.36734436E-01
  342  0.37387554E-01
  343  0.38027301E-01
  344  0.38651101E-01
  345  0.39256450E-01
  346  0.39840423E-01
  347  0.40400464E-01
  348  0.40934198E-01
  349  0.41439082E-01
  350  0.41913312E-01
  351  0.42354342E-01
  352  0.42760324E-01
  353  0.43129865E-01
  354  0.43460626E-01
  355  0.43751791E-01
  356  0.44001527E-01
  357  0.44209361E-01
  358  0.44373814E-01
  359  0.44494376E-01
  360  0.44570349E-01
 ]; 
