stt = [ 
    1  0.46544589E-01
    2  0.46531543E-01
    3  0.46471789E-01
    4  0.46365894E-01
    5  0.46214107E-01
    6  0.46017166E-01
    7  0.45776449E-01
    8  0.45492575E-01
    9  0.45166813E-01
   10  0.44801291E-01
   11  0.44396948E-01
   12  0.43955792E-01
   13  0.43480098E-01
   14  0.42971734E-01
   15  0.42433057E-01
   16  0.41866537E-01
   17  0.41274663E-01
   18  0.40659994E-01
   19  0.40025264E-01
   20  0.39373174E-01
   21  0.38707014E-01
   22  0.38029123E-01
   23  0.37342686E-01
   24  0.36650643E-01
   25  0.35955887E-01
   26  0.35261497E-01
   27  0.34570295E-01
   28  0.33885319E-01
   29  0.33209145E-01
   30  0.32544788E-01
   31  0.31894837E-01
   32  0.31261921E-01
   33  0.30648688E-01
   34  0.30057205E-01
   35  0.29490132E-01
   36  0.28949425E-01
   37  0.28437130E-01
   38  0.27955126E-01
   39  0.27505280E-01
   40  0.27088877E-01
   41  0.26707381E-01
   42  0.26362199E-01
   43  0.26054259E-01
   44  0.25784260E-01
   45  0.25553158E-01
   46  0.25361406E-01
   47  0.25209201E-01
   48  0.25096882E-01
   49  0.25024306E-01
   50  0.24991449E-01
   51  0.24997806E-01
   52  0.25042739E-01
   53  0.25125895E-01
   54  0.25246225E-01
   55  0.25402805E-01
   56  0.25594449E-01
   57  0.25820032E-01
   58  0.26078116E-01
   59  0.26367271E-01
   60  0.26685731E-01
   61  0.27032010E-01
   62  0.27404247E-01
   63  0.27800612E-01
   64  0.28219169E-01
   65  0.28657913E-01
   66  0.29114395E-01
   67  0.29587451E-01
   68  0.30074256E-01
   69  0.30572757E-01
   70  0.31081133E-01
   71  0.31597275E-01
   72  0.32118607E-01
   73  0.32643199E-01
   74  0.33169124E-01
   75  0.33694535E-01
   76  0.34216769E-01
   77  0.34734491E-01
   78  0.35245556E-01
   79  0.35748187E-01
   80  0.36240511E-01
   81  0.36720861E-01
   82  0.37187554E-01
   83  0.37639208E-01
   84  0.38074315E-01
   85  0.38491111E-01
   86  0.38888767E-01
   87  0.39266475E-01
   88  0.39621994E-01
   89  0.39955296E-01
   90  0.40265102E-01
   91  0.40550813E-01
   92  0.40811710E-01
   93  0.41047059E-01
   94  0.41255999E-01
   95  0.41438662E-01
   96  0.41594759E-01
   97  0.41723516E-01
   98  0.41825518E-01
   99  0.41900203E-01
  100  0.41947443E-01
  101  0.41967817E-01
  102  0.41961368E-01
  103  0.41928504E-01
  104  0.41868694E-01
  105  0.41783668E-01
  106  0.41672889E-01
  107  0.41537069E-01
  108  0.41377191E-01
  109  0.41193541E-01
  110  0.40986605E-01
  111  0.40757541E-01
  112  0.40506858E-01
  113  0.40235821E-01
  114  0.39944224E-01
  115  0.39633885E-01
  116  0.39305136E-01
  117  0.38959410E-01
  118  0.38597014E-01
  119  0.38219657E-01
  120  0.37827317E-01
  121  0.37421767E-01
  122  0.37003491E-01
  123  0.36573995E-01
  124  0.36133494E-01
  125  0.35683710E-01
  126  0.35225254E-01
  127  0.34759056E-01
  128  0.34286249E-01
  129  0.33807635E-01
  130  0.33324018E-01
  131  0.32836672E-01
  132  0.32346517E-01
  133  0.31853899E-01
  134  0.31360231E-01
  135  0.30866202E-01
  136  0.30372676E-01
  137  0.29880252E-01
  138  0.29390084E-01
  139  0.28902497E-01
  140  0.28418707E-01
  141  0.27939107E-01
  142  0.27464379E-01
  143  0.26995422E-01
  144  0.26532754E-01
  145  0.26076894E-01
  146  0.25628524E-01
  147  0.25188047E-01
  148  0.24756273E-01
  149  0.24333514E-01
  150  0.23920257E-01
  151  0.23516962E-01
  152  0.23124089E-01
  153  0.22742126E-01
  154  0.22371067E-01
  155  0.22011688E-01
  156  0.21664070E-01
  157  0.21328563E-01
  158  0.21005441E-01
  159  0.20694956E-01
  160  0.20397291E-01
  161  0.20112779E-01
  162  0.19841395E-01
  163  0.19583452E-01
  164  0.19339269E-01
  165  0.19108528E-01
  166  0.18891690E-01
  167  0.18688902E-01
  168  0.18499952E-01
  169  0.18325051E-01
  170  0.18164570E-01
  171  0.18018128E-01
  172  0.17885981E-01
  173  0.17768113E-01
  174  0.17664695E-01
  175  0.17575601E-01
  176  0.17500872E-01
  177  0.17440517E-01
  178  0.17394656E-01
  179  0.17363166E-01
  180  0.17346144E-01
  181  0.17343527E-01
  182  0.17355399E-01
  183  0.17381631E-01
  184  0.17422268E-01
  185  0.17477352E-01
  186  0.17546818E-01
  187  0.17630743E-01
  188  0.17728886E-01
  189  0.17841434E-01
  190  0.17968195E-01
  191  0.18109381E-01
  192  0.18264648E-01
  193  0.18434076E-01
  194  0.18617565E-01
  195  0.18815018E-01
  196  0.19026559E-01
  197  0.19251801E-01
  198  0.19490745E-01
  199  0.19743284E-01
  200  0.20009471E-01
  201  0.20288836E-01
  202  0.20581273E-01
  203  0.20886611E-01
  204  0.21204861E-01
  205  0.21535385E-01
  206  0.21878332E-01
  207  0.22233106E-01
  208  0.22599656E-01
  209  0.22977540E-01
  210  0.23366353E-01
  211  0.23765771E-01
  212  0.24175450E-01
  213  0.24594842E-01
  214  0.25023790E-01
  215  0.25461430E-01
  216  0.25907638E-01
  217  0.26361572E-01
  218  0.26822917E-01
  219  0.27290795E-01
  220  0.27764849E-01
  221  0.28244326E-01
  222  0.28728612E-01
  223  0.29216982E-01
  224  0.29708672E-01
  225  0.30202981E-01
  226  0.30699413E-01
  227  0.31196648E-01
  228  0.31694304E-01
  229  0.32191299E-01
  230  0.32686815E-01
  231  0.33180047E-01
  232  0.33670135E-01
  233  0.34155954E-01
  234  0.34636974E-01
  235  0.35111900E-01
  236  0.35580073E-01
  237  0.36039948E-01
  238  0.36491074E-01
  239  0.36932446E-01
  240  0.37363078E-01
  241  0.37781734E-01
  242  0.38187649E-01
  243  0.38579665E-01
  244  0.38957108E-01
  245  0.39318476E-01
  246  0.39663479E-01
  247  0.39990898E-01
  248  0.40299412E-01
  249  0.40588684E-01
  250  0.40857684E-01
  251  0.41105341E-01
  252  0.41331470E-01
  253  0.41534286E-01
  254  0.41713856E-01
  255  0.41869316E-01
  256  0.41999776E-01
  257  0.42105097E-01
  258  0.42184394E-01
  259  0.42236887E-01
  260  0.42263255E-01
  261  0.42261884E-01
  262  0.42233214E-01
  263  0.42177107E-01
  264  0.42092979E-01
  265  0.41981284E-01
  266  0.41841742E-01
  267  0.41674647E-01
  268  0.41480210E-01
  269  0.41258715E-01
  270  0.41010492E-01
  271  0.40736444E-01
  272  0.40437080E-01
  273  0.40112995E-01
  274  0.39763976E-01
  275  0.39392654E-01
  276  0.38999338E-01
  277  0.38585421E-01
  278  0.38151190E-01
  279  0.37698634E-01
  280  0.37229404E-01
  281  0.36744650E-01
  282  0.36246005E-01
  283  0.35734810E-01
  284  0.35213280E-01
  285  0.34683038E-01
  286  0.34146018E-01
  287  0.33604097E-01
  288  0.33058982E-01
  289  0.32513432E-01
  290  0.31969100E-01
  291  0.31428024E-01
  292  0.30892640E-01
  293  0.30365041E-01
  294  0.29846981E-01
  295  0.29341452E-01
  296  0.28850041E-01
  297  0.28374972E-01
  298  0.27918473E-01
  299  0.27482443E-01
  300  0.27069310E-01
  301  0.26680702E-01
  302  0.26318477E-01
  303  0.25984788E-01
  304  0.25680890E-01
  305  0.25408989E-01
  306  0.25170127E-01
  307  0.24965663E-01
  308  0.24797535E-01
  309  0.24666030E-01
  310  0.24572894E-01
  311  0.24518473E-01
  312  0.24503689E-01
  313  0.24528941E-01
  314  0.24594724E-01
  315  0.24701180E-01
  316  0.24848340E-01
  317  0.25035977E-01
  318  0.25263993E-01
  319  0.25531489E-01
  320  0.25838185E-01
  321  0.26182892E-01
  322  0.26564611E-01
  323  0.26982203E-01
  324  0.27434256E-01
  325  0.27919278E-01
  326  0.28435169E-01
  327  0.28980630E-01
  328  0.29553099E-01
  329  0.30150732E-01
  330  0.30771114E-01
  331  0.31411916E-01
  332  0.32070406E-01
  333  0.32744016E-01
  334  0.33430215E-01
  335  0.34126058E-01
  336  0.34828521E-01
  337  0.35534967E-01
  338  0.36242325E-01
  339  0.36947735E-01
  340  0.37647929E-01
  341  0.38340058E-01
  342  0.39021339E-01
  343  0.39688911E-01
  344  0.40339440E-01
  345  0.40970471E-01
  346  0.41579302E-01
  347  0.42162977E-01
  348  0.42719346E-01
  349  0.43245703E-01
  350  0.43739840E-01
  351  0.44199325E-01
  352  0.44622656E-01
  353  0.45007635E-01
  354  0.45352682E-01
  355  0.45656037E-01
  356  0.45916863E-01
  357  0.46133637E-01
  358  0.46305388E-01
  359  0.46431325E-01
  360  0.46511196E-01
 ]; 
