stt = [ 
    1  0.45232799E-01
    2  0.45220412E-01
    3  0.45162890E-01
    4  0.45060664E-01
    5  0.44913948E-01
    6  0.44723634E-01
    7  0.44490941E-01
    8  0.44216417E-01
    9  0.43901611E-01
   10  0.43547891E-01
   11  0.43157034E-01
   12  0.42730693E-01
   13  0.42270675E-01
   14  0.41779444E-01
   15  0.41258868E-01
   16  0.40711597E-01
   17  0.40139906E-01
   18  0.39546352E-01
   19  0.38933743E-01
   20  0.38304497E-01
   21  0.37661754E-01
   22  0.37008058E-01
   23  0.36346599E-01
   24  0.35679888E-01
   25  0.35010703E-01
   26  0.34342580E-01
   27  0.33677839E-01
   28  0.33019196E-01
   29  0.32369725E-01
   30  0.31732071E-01
   31  0.31108730E-01
   32  0.30502407E-01
   33  0.29915337E-01
   34  0.29349942E-01
   35  0.28808422E-01
   36  0.28292852E-01
   37  0.27805291E-01
   38  0.27347423E-01
   39  0.26920799E-01
   40  0.26527073E-01
   41  0.26167547E-01
   42  0.25843214E-01
   43  0.25555242E-01
   44  0.25304535E-01
   45  0.25091683E-01
   46  0.24916882E-01
   47  0.24780836E-01
   48  0.24683364E-01
   49  0.24624566E-01
   50  0.24604343E-01
   51  0.24621902E-01
   52  0.24677267E-01
   53  0.24769384E-01
   54  0.24897484E-01
   55  0.25060754E-01
   56  0.25257997E-01
   57  0.25487853E-01
   58  0.25748968E-01
   59  0.26039876E-01
   60  0.26359776E-01
   61  0.26705772E-01
   62  0.27076658E-01
   63  0.27470957E-01
   64  0.27886422E-01
   65  0.28321017E-01
   66  0.28773215E-01
   67  0.29240444E-01
   68  0.29721132E-01
   69  0.30212743E-01
   70  0.30713813E-01
   71  0.31221814E-01
   72  0.31735059E-01
   73  0.32250997E-01
   74  0.32768071E-01
   75  0.33283904E-01
   76  0.33797368E-01
   77  0.34305703E-01
   78  0.34807358E-01
   79  0.35300691E-01
   80  0.35783742E-01
   81  0.36255304E-01
   82  0.36713541E-01
   83  0.37156858E-01
   84  0.37584018E-01
   85  0.37993632E-01
   86  0.38384628E-01
   87  0.38756073E-01
   88  0.39106235E-01
   89  0.39434884E-01
   90  0.39740283E-01
   91  0.40022701E-01
   92  0.40281184E-01
   93  0.40514708E-01
   94  0.40723074E-01
   95  0.40905636E-01
   96  0.41062627E-01
   97  0.41193359E-01
   98  0.41298218E-01
   99  0.41376818E-01
  100  0.41429076E-01
  101  0.41455105E-01
  102  0.41455440E-01
  103  0.41429937E-01
  104  0.41379120E-01
  105  0.41303132E-01
  106  0.41202825E-01
  107  0.41078180E-01
  108  0.40930264E-01
  109  0.40759534E-01
  110  0.40566228E-01
  111  0.40351737E-01
  112  0.40116124E-01
  113  0.39860636E-01
  114  0.39585546E-01
  115  0.39292421E-01
  116  0.38981464E-01
  117  0.38653545E-01
  118  0.38309854E-01
  119  0.37951130E-01
  120  0.37578497E-01
  121  0.37192632E-01
  122  0.36794368E-01
  123  0.36384974E-01
  124  0.35965014E-01
  125  0.35535753E-01
  126  0.35097800E-01
  127  0.34652356E-01
  128  0.34200151E-01
  129  0.33742178E-01
  130  0.33279341E-01
  131  0.32812402E-01
  132  0.32342549E-01
  133  0.31870253E-01
  134  0.31396482E-01
  135  0.30922074E-01
  136  0.30447802E-01
  137  0.29974440E-01
  138  0.29503163E-01
  139  0.29033944E-01
  140  0.28568117E-01
  141  0.28105915E-01
  142  0.27648501E-01
  143  0.27196284E-01
  144  0.26749630E-01
  145  0.26309568E-01
  146  0.25876410E-01
  147  0.25450805E-01
  148  0.25033209E-01
  149  0.24624258E-01
  150  0.24224363E-01
  151  0.23833808E-01
  152  0.23453107E-01
  153  0.23082744E-01
  154  0.22723103E-01
  155  0.22374419E-01
  156  0.22037005E-01
  157  0.21711353E-01
  158  0.21397477E-01
  159  0.21095766E-01
  160  0.20806579E-01
  161  0.20529898E-01
  162  0.20265983E-01
  163  0.20015147E-01
  164  0.19777562E-01
  165  0.19553076E-01
  166  0.19342229E-01
  167  0.19144740E-01
  168  0.18961001E-01
  169  0.18791096E-01
  170  0.18634796E-01
  171  0.18492553E-01
  172  0.18364260E-01
  173  0.18249793E-01
  174  0.18149504E-01
  175  0.18063232E-01
  176  0.17991059E-01
  177  0.17933054E-01
  178  0.17889151E-01
  179  0.17859377E-01
  180  0.17843820E-01
  181  0.17842410E-01
  182  0.17855134E-01
  183  0.17881982E-01
  184  0.17922990E-01
  185  0.17978165E-01
  186  0.18047499E-01
  187  0.18130824E-01
  188  0.18228199E-01
  189  0.18339474E-01
  190  0.18464936E-01
  191  0.18604316E-01
  192  0.18757483E-01
  193  0.18924434E-01
  194  0.19105198E-01
  195  0.19299420E-01
  196  0.19507391E-01
  197  0.19728618E-01
  198  0.19963315E-01
  199  0.20211063E-01
  200  0.20471863E-01
  201  0.20745572E-01
  202  0.21031881E-01
  203  0.21330578E-01
  204  0.21641655E-01
  205  0.21964664E-01
  206  0.22299349E-01
  207  0.22645446E-01
  208  0.23002736E-01
  209  0.23370882E-01
  210  0.23749346E-01
  211  0.24137983E-01
  212  0.24536269E-01
  213  0.24943806E-01
  214  0.25360297E-01
  215  0.25784843E-01
  216  0.26217232E-01
  217  0.26657084E-01
  218  0.27103633E-01
  219  0.27556324E-01
  220  0.28014524E-01
  221  0.28477713E-01
  222  0.28945135E-01
  223  0.29416241E-01
  224  0.29890442E-01
  225  0.30366488E-01
  226  0.30844282E-01
  227  0.31322673E-01
  228  0.31801142E-01
  229  0.32278478E-01
  230  0.32754339E-01
  231  0.33227410E-01
  232  0.33697054E-01
  233  0.34162693E-01
  234  0.34623113E-01
  235  0.35077181E-01
  236  0.35524428E-01
  237  0.35963893E-01
  238  0.36394387E-01
  239  0.36815118E-01
  240  0.37225153E-01
  241  0.37623554E-01
  242  0.38009562E-01
  243  0.38381778E-01
  244  0.38739607E-01
  245  0.39082102E-01
  246  0.39408483E-01
  247  0.39717644E-01
  248  0.40008735E-01
  249  0.40280819E-01
  250  0.40533185E-01
  251  0.40765226E-01
  252  0.40975712E-01
  253  0.41164067E-01
  254  0.41330229E-01
  255  0.41472379E-01
  256  0.41590929E-01
  257  0.41684601E-01
  258  0.41753288E-01
  259  0.41796397E-01
  260  0.41813556E-01
  261  0.41804556E-01
  262  0.41768782E-01
  263  0.41706491E-01
  264  0.41617200E-01
  265  0.41501217E-01
  266  0.41358214E-01
  267  0.41188791E-01
  268  0.40992882E-01
  269  0.40770497E-01
  270  0.40522426E-01
  271  0.40249158E-01
  272  0.39951205E-01
  273  0.39629266E-01
  274  0.39283928E-01
  275  0.38916290E-01
  276  0.38527351E-01
  277  0.38117707E-01
  278  0.37689328E-01
  279  0.37242532E-01
  280  0.36779460E-01
  281  0.36301285E-01
  282  0.35809483E-01
  283  0.35305448E-01
  284  0.34791127E-01
  285  0.34268133E-01
  286  0.33738639E-01
  287  0.33203833E-01
  288  0.32666031E-01
  289  0.32127425E-01
  290  0.31589698E-01
  291  0.31055409E-01
  292  0.30526154E-01
  293  0.30003974E-01
  294  0.29491127E-01
  295  0.28990185E-01
  296  0.28502384E-01
  297  0.28030496E-01
  298  0.27576627E-01
  299  0.27142417E-01
  300  0.26729880E-01
  301  0.26341053E-01
  302  0.25977926E-01
  303  0.25642151E-01
  304  0.25335401E-01
  305  0.25059167E-01
  306  0.24815530E-01
  307  0.24605127E-01
  308  0.24429597E-01
  309  0.24289835E-01
  310  0.24187129E-01
  311  0.24122199E-01
  312  0.24095824E-01
  313  0.24108315E-01
  314  0.24160383E-01
  315  0.24252035E-01
  316  0.24383312E-01
  317  0.24554132E-01
  318  0.24764234E-01
  319  0.25012892E-01
  320  0.25299814E-01
  321  0.25624113E-01
  322  0.25984524E-01
  323  0.26380016E-01
  324  0.26809368E-01
  325  0.27270893E-01
  326  0.27763043E-01
  327  0.28283877E-01
  328  0.28831668E-01
  329  0.29404055E-01
  330  0.29998934E-01
  331  0.30613963E-01
  332  0.31246591E-01
  333  0.31894356E-01
  334  0.32554556E-01
  335  0.33224288E-01
  336  0.33901360E-01
  337  0.34582254E-01
  338  0.35264760E-01
  339  0.35945222E-01
  340  0.36621228E-01
  341  0.37289880E-01
  342  0.37948225E-01
  343  0.38593244E-01
  344  0.39222319E-01
  345  0.39832696E-01
  346  0.40421590E-01
  347  0.40986702E-01
  348  0.41525114E-01
  349  0.42034693E-01
  350  0.42513076E-01
  351  0.42958453E-01
  352  0.43368388E-01
  353  0.43741312E-01
  354  0.44076007E-01
  355  0.44370126E-01
  356  0.44622790E-01
  357  0.44832975E-01
  358  0.44999752E-01
  359  0.45122266E-01
  360  0.45200020E-01
 ]; 
