stt = [ 
    1  0.46518084E-01
    2  0.46504270E-01
    3  0.46444073E-01
    4  0.46337791E-01
    5  0.46185452E-01
    6  0.45988407E-01
    7  0.45747247E-01
    8  0.45462724E-01
    9  0.45137156E-01
   10  0.44771206E-01
   11  0.44366736E-01
   12  0.43925855E-01
   13  0.43450449E-01
   14  0.42942330E-01
   15  0.42404387E-01
   16  0.41838534E-01
   17  0.41247468E-01
   18  0.40634144E-01
   19  0.40001001E-01
   20  0.39350633E-01
   21  0.38686313E-01
   22  0.38010869E-01
   23  0.37327066E-01
   24  0.36638215E-01
   25  0.35946812E-01
   26  0.35256382E-01
   27  0.34569368E-01
   28  0.33888858E-01
   29  0.33217832E-01
   30  0.32558784E-01
   31  0.31914722E-01
   32  0.31288050E-01
   33  0.30681331E-01
   34  0.30097354E-01
   35  0.29537747E-01
   36  0.29004877E-01
   37  0.28500978E-01
   38  0.28027700E-01
   39  0.27586918E-01
   40  0.27179919E-01
   41  0.26808251E-01
   42  0.26473142E-01
   43  0.26175572E-01
   44  0.25916394E-01
   45  0.25696237E-01
   46  0.25515616E-01
   47  0.25374789E-01
   48  0.25274036E-01
   49  0.25213180E-01
   50  0.25192009E-01
   51  0.25210252E-01
   52  0.25267467E-01
   53  0.25362501E-01
   54  0.25494795E-01
   55  0.25663553E-01
   56  0.25867192E-01
   57  0.26104689E-01
   58  0.26374685E-01
   59  0.26675433E-01
   60  0.27005510E-01
   61  0.27363051E-01
   62  0.27746502E-01
   63  0.28153570E-01
   64  0.28582592E-01
   65  0.29031843E-01
   66  0.29498532E-01
   67  0.29980963E-01
   68  0.30477526E-01
   69  0.30985072E-01
   70  0.31501744E-01
   71  0.32025933E-01
   72  0.32554992E-01
   73  0.33086807E-01
   74  0.33619467E-01
   75  0.34151144E-01
   76  0.34679286E-01
   77  0.35202187E-01
   78  0.35717867E-01
   79  0.36224607E-01
   80  0.36720347E-01
   81  0.37203550E-01
   82  0.37672464E-01
   83  0.38125824E-01
   84  0.38561847E-01
   85  0.38979288E-01
   86  0.39376646E-01
   87  0.39752837E-01
   88  0.40107116E-01
   89  0.40438138E-01
   90  0.40745012E-01
   91  0.41027151E-01
   92  0.41283589E-01
   93  0.41513812E-01
   94  0.41717105E-01
   95  0.41892983E-01
   96  0.42042211E-01
   97  0.42163219E-01
   98  0.42256828E-01
   99  0.42322069E-01
  100  0.42359509E-01
  101  0.42369615E-01
  102  0.42351812E-01
  103  0.42306852E-01
  104  0.42235278E-01
  105  0.42137194E-01
  106  0.42012762E-01
  107  0.41863102E-01
  108  0.41688532E-01
  109  0.41489966E-01
  110  0.41267611E-01
  111  0.41022703E-01
  112  0.40755719E-01
  113  0.40467784E-01
  114  0.40159401E-01
  115  0.39831739E-01
  116  0.39485391E-01
  117  0.39121810E-01
  118  0.38741764E-01
  119  0.38345922E-01
  120  0.37935603E-01
  121  0.37511591E-01
  122  0.37075114E-01
  123  0.36627173E-01
  124  0.36168497E-01
  125  0.35700336E-01
  126  0.35223797E-01
  127  0.34739576E-01
  128  0.34248840E-01
  129  0.33752583E-01
  130  0.33251751E-01
  131  0.32747287E-01
  132  0.32239988E-01
  133  0.31731196E-01
  134  0.31221319E-01
  135  0.30711465E-01
  136  0.30202497E-01
  137  0.29695068E-01
  138  0.29190436E-01
  139  0.28688585E-01
  140  0.28191177E-01
  141  0.27698379E-01
  142  0.27210934E-01
  143  0.26729681E-01
  144  0.26255291E-01
  145  0.25788184E-01
  146  0.25328953E-01
  147  0.24878394E-01
  148  0.24436731E-01
  149  0.24004607E-01
  150  0.23582540E-01
  151  0.23170890E-01
  152  0.22770083E-01
  153  0.22380678E-01
  154  0.22002731E-01
  155  0.21636702E-01
  156  0.21282960E-01
  157  0.20941783E-01
  158  0.20613205E-01
  159  0.20297766E-01
  160  0.19995494E-01
  161  0.19706672E-01
  162  0.19431371E-01
  163  0.19169869E-01
  164  0.18922238E-01
  165  0.18688504E-01
  166  0.18468805E-01
  167  0.18263355E-01
  168  0.18072261E-01
  169  0.17895538E-01
  170  0.17732957E-01
  171  0.17584836E-01
  172  0.17451223E-01
  173  0.17332148E-01
  174  0.17227430E-01
  175  0.17137380E-01
  176  0.17061828E-01
  177  0.17000830E-01
  178  0.16954383E-01
  179  0.16922440E-01
  180  0.16905136E-01
  181  0.16902369E-01
  182  0.16914159E-01
  183  0.16940491E-01
  184  0.16981455E-01
  185  0.17036812E-01
  186  0.17106818E-01
  187  0.17191231E-01
  188  0.17290145E-01
  189  0.17403610E-01
  190  0.17531462E-01
  191  0.17673805E-01
  192  0.17830560E-01
  193  0.18001506E-01
  194  0.18186800E-01
  195  0.18386377E-01
  196  0.18599937E-01
  197  0.18827723E-01
  198  0.19069349E-01
  199  0.19324863E-01
  200  0.19594157E-01
  201  0.19876998E-01
  202  0.20173296E-01
  203  0.20482840E-01
  204  0.20805568E-01
  205  0.21140974E-01
  206  0.21489091E-01
  207  0.21849561E-01
  208  0.22221986E-01
  209  0.22606257E-01
  210  0.23001900E-01
  211  0.23408655E-01
  212  0.23826094E-01
  213  0.24253717E-01
  214  0.24691273E-01
  215  0.25138084E-01
  216  0.25593828E-01
  217  0.26057897E-01
  218  0.26529644E-01
  219  0.27008623E-01
  220  0.27494149E-01
  221  0.27985632E-01
  222  0.28482489E-01
  223  0.28983677E-01
  224  0.29489020E-01
  225  0.29997237E-01
  226  0.30507879E-01
  227  0.31019822E-01
  228  0.31532615E-01
  229  0.32045048E-01
  230  0.32556575E-01
  231  0.33066116E-01
  232  0.33572670E-01
  233  0.34075625E-01
  234  0.34573618E-01
  235  0.35066064E-01
  236  0.35551488E-01
  237  0.36029458E-01
  238  0.36498718E-01
  239  0.36958035E-01
  240  0.37406862E-01
  241  0.37843540E-01
  242  0.38267680E-01
  243  0.38677894E-01
  244  0.39073400E-01
  245  0.39453071E-01
  246  0.39815728E-01
  247  0.40160891E-01
  248  0.40487096E-01
  249  0.40793564E-01
  250  0.41079734E-01
  251  0.41344188E-01
  252  0.41586343E-01
  253  0.41805368E-01
  254  0.42000510E-01
  255  0.42171221E-01
  256  0.42316519E-01
  257  0.42435803E-01
  258  0.42528745E-01
  259  0.42594563E-01
  260  0.42633146E-01
  261  0.42644087E-01
  262  0.42626798E-01
  263  0.42581171E-01
  264  0.42507447E-01
  265  0.42405181E-01
  266  0.42274587E-01
  267  0.42115416E-01
  268  0.41928627E-01
  269  0.41713793E-01
  270  0.41472059E-01
  271  0.41203156E-01
  272  0.40908061E-01
  273  0.40587489E-01
  274  0.40242855E-01
  275  0.39873879E-01
  276  0.39482750E-01
  277  0.39069451E-01
  278  0.38636088E-01
  279  0.38183395E-01
  280  0.37713222E-01
  281  0.37226878E-01
  282  0.36726043E-01
  283  0.36212273E-01
  284  0.35687298E-01
  285  0.35153035E-01
  286  0.34611382E-01
  287  0.34064181E-01
  288  0.33513647E-01
  289  0.32962080E-01
  290  0.32410752E-01
  291  0.31862538E-01
  292  0.31319555E-01
  293  0.30783540E-01
  294  0.30257240E-01
  295  0.29742587E-01
  296  0.29241731E-01
  297  0.28757045E-01
  298  0.28290465E-01
  299  0.27844422E-01
  300  0.27420605E-01
  301  0.27020998E-01
  302  0.26647894E-01
  303  0.26302824E-01
  304  0.25987767E-01
  305  0.25704151E-01
  306  0.25453655E-01
  307  0.25237696E-01
  308  0.25057498E-01
  309  0.24914425E-01
  310  0.24809476E-01
  311  0.24743369E-01
  312  0.24716901E-01
  313  0.24730600E-01
  314  0.24784928E-01
  315  0.24880160E-01
  316  0.25016392E-01
  317  0.25193136E-01
  318  0.25410352E-01
  319  0.25667554E-01
  320  0.25963997E-01
  321  0.26298866E-01
  322  0.26671132E-01
  323  0.27079588E-01
  324  0.27522789E-01
  325  0.27999209E-01
  326  0.28507156E-01
  327  0.29044639E-01
  328  0.29609801E-01
  329  0.30200453E-01
  330  0.30814167E-01
  331  0.31448826E-01
  332  0.32101493E-01
  333  0.32769591E-01
  334  0.33450741E-01
  335  0.34141731E-01
  336  0.34839936E-01
  337  0.35542317E-01
  338  0.36245890E-01
  339  0.36948025E-01
  340  0.37645057E-01
  341  0.38334653E-01
  342  0.39013438E-01
  343  0.39678615E-01
  344  0.40327258E-01
  345  0.40956702E-01
  346  0.41563813E-01
  347  0.42146210E-01
  348  0.42701289E-01
  349  0.43226510E-01
  350  0.43719787E-01
  351  0.44178389E-01
  352  0.44600822E-01
  353  0.44985324E-01
  354  0.45329634E-01
  355  0.45632426E-01
  356  0.45892544E-01
  357  0.46108693E-01
  358  0.46280041E-01
  359  0.46405740E-01
  360  0.46485066E-01
 ]; 
