spt = [ 
    1  0.34650489E-04
    2  0.34614281E-04
    3  0.34559693E-04
    4  0.34486999E-04
    5  0.34396300E-04
    6  0.34288103E-04
    7  0.34162222E-04
    8  0.34019853E-04
    9  0.33860484E-04
   10  0.33684948E-04
   11  0.33493307E-04
   12  0.33285742E-04
   13  0.33063527E-04
   14  0.32826098E-04
   15  0.32574084E-04
   16  0.32308344E-04
   17  0.32028773E-04
   18  0.31736046E-04
   19  0.31430813E-04
   20  0.31112828E-04
   21  0.30782794E-04
   22  0.30441732E-04
   23  0.30090137E-04
   24  0.29727105E-04
   25  0.29355231E-04
   26  0.28972829E-04
   27  0.28581291E-04
   28  0.28181705E-04
   29  0.27774080E-04
   30  0.27358346E-04
   31  0.26935391E-04
   32  0.26506350E-04
   33  0.26070858E-04
   34  0.25629392E-04
   35  0.25183201E-04
   36  0.24732606E-04
   37  0.24276951E-04
   38  0.23817780E-04
   39  0.23355728E-04
   40  0.22890203E-04
   41  0.22422215E-04
   42  0.21953099E-04
   43  0.21482581E-04
   44  0.21011027E-04
   45  0.20538626E-04
   46  0.20066698E-04
   47  0.19594654E-04
   48  0.19124271E-04
   49  0.18654968E-04
   50  0.18187440E-04
   51  0.17722543E-04
   52  0.17259315E-04
   53  0.16799773E-04
   54  0.16343760E-04
   55  0.15891770E-04
   56  0.15443096E-04
   57  0.14999948E-04
   58  0.14560648E-04
   59  0.14128335E-04
   60  0.13701019E-04
   61  0.13279875E-04
   62  0.12865137E-04
   63  0.12456206E-04
   64  0.12054767E-04
   65  0.11660170E-04
   66  0.11273541E-04
   67  0.10893648E-04
   68  0.10522340E-04
   69  0.10158993E-04
   70  0.98037881E-05
   71  0.94563602E-05
   72  0.91182328E-05
   73  0.87884355E-05
   74  0.84673475E-05
   75  0.81554545E-05
   76  0.78516414E-05
   77  0.75572989E-05
   78  0.72711432E-05
   79  0.69942657E-05
   80  0.67264045E-05
   81  0.64676346E-05
   82  0.62171553E-05
   83  0.59757726E-05
   84  0.57428729E-05
   85  0.55187993E-05
   86  0.53030990E-05
   87  0.50953358E-05
   88  0.48959801E-05
   89  0.47046146E-05
   90  0.45216898E-05
   91  0.43461541E-05
   92  0.41778171E-05
   93  0.40172690E-05
   94  0.38640396E-05
   95  0.37173756E-05
   96  0.35776366E-05
   97  0.34446214E-05
   98  0.33181739E-05
   99  0.31973366E-05
  100  0.30833719E-05
  101  0.29746807E-05
  102  0.28716213E-05
  103  0.27741073E-05
  104  0.26817859E-05
  105  0.25947431E-05
  106  0.25117715E-05
  107  0.24340904E-05
  108  0.23605223E-05
  109  0.22912916E-05
  110  0.22264417E-05
  111  0.21650233E-05
  112  0.21076162E-05
  113  0.20535990E-05
  114  0.20030420E-05
  115  0.19557526E-05
  116  0.19116410E-05
  117  0.18703801E-05
  118  0.18319894E-05
  119  0.17961835E-05
  120  0.17628472E-05
  121  0.17320125E-05
  122  0.17031920E-05
  123  0.16767173E-05
  124  0.16519117E-05
  125  0.16293162E-05
  126  0.16083702E-05
  127  0.15890837E-05
  128  0.15711944E-05
  129  0.15547914E-05
  130  0.15395434E-05
  131  0.15255127E-05
  132  0.15126988E-05
  133  0.15008243E-05
  134  0.14898569E-05
  135  0.14795688E-05
  136  0.14700960E-05
  137  0.14612622E-05
  138  0.14527874E-05
  139  0.14448412E-05
  140  0.14372097E-05
  141  0.14299537E-05
  142  0.14228841E-05
  143  0.14157945E-05
  144  0.14088315E-05
  145  0.14020600E-05
  146  0.13952191E-05
  147  0.13881073E-05
  148  0.13808132E-05
  149  0.13734011E-05
  150  0.13657215E-05
  151  0.13578289E-05
  152  0.13494204E-05
  153  0.13407625E-05
  154  0.13317087E-05
  155  0.13221642E-05
  156  0.13122915E-05
  157  0.13018366E-05
  158  0.12911280E-05
  159  0.12797399E-05
  160  0.12680400E-05
  161  0.12557625E-05
  162  0.12431425E-05
  163  0.12298589E-05
  164  0.12163006E-05
  165  0.12022059E-05
  166  0.11876567E-05
  167  0.11726695E-05
  168  0.11574126E-05
  169  0.11416601E-05
  170  0.11256376E-05
  171  0.11092288E-05
  172  0.10926476E-05
  173  0.10756718E-05
  174  0.10584223E-05
  175  0.10410760E-05
  176  0.10233871E-05
  177  0.10057095E-05
  178  0.98779310E-06
  179  0.96980534E-06
  180  0.95175977E-06
  181  0.93367333E-06
  182  0.91559082E-06
  183  0.89748204E-06
  184  0.87946114E-06
  185  0.86150237E-06
  186  0.84368628E-06
  187  0.82595756E-06
  188  0.80841744E-06
  189  0.79100494E-06
  190  0.77381287E-06
  191  0.75684193E-06
  192  0.74017913E-06
  193  0.72369130E-06
  194  0.70753947E-06
  195  0.69169340E-06
  196  0.67611330E-06
  197  0.66091428E-06
  198  0.64608616E-06
  199  0.63159644E-06
  200  0.61748881E-06
  201  0.60371076E-06
  202  0.59042992E-06
  203  0.57753800E-06
  204  0.56503080E-06
  205  0.55300757E-06
  206  0.54135614E-06
  207  0.53018800E-06
  208  0.51944886E-06
  209  0.50921801E-06
  210  0.49944236E-06
  211  0.49008770E-06
  212  0.48128248E-06
  213  0.47299679E-06
  214  0.46508177E-06
  215  0.45772603E-06
  216  0.45090084E-06
  217  0.44460140E-06
  218  0.43881704E-06
  219  0.43358182E-06
  220  0.42880438E-06
  221  0.42460601E-06
  222  0.42100305E-06
  223  0.41801891E-06
  224  0.41551604E-06
  225  0.41356708E-06
  226  0.41234227E-06
  227  0.41167840E-06
  228  0.41167760E-06
  229  0.41231485E-06
  230  0.41376509E-06
  231  0.41577260E-06
  232  0.41850581E-06
  233  0.42203700E-06
  234  0.42636378E-06
  235  0.43160273E-06
  236  0.43763413E-06
  237  0.44449664E-06
  238  0.45247518E-06
  239  0.46142162E-06
  240  0.47151417E-06
  241  0.48265179E-06
  242  0.49513216E-06
  243  0.50880249E-06
  244  0.52396229E-06
  245  0.54054561E-06
  246  0.55870061E-06
  247  0.57868675E-06
  248  0.60027236E-06
  249  0.62403143E-06
  250  0.64980702E-06
  251  0.67783748E-06
  252  0.70831834E-06
  253  0.74136284E-06
  254  0.77722268E-06
  255  0.81610654E-06
  256  0.85798587E-06
  257  0.90332935E-06
  258  0.95240989E-06
  259  0.10055218E-05
  260  0.10626193E-05
  261  0.11242270E-05
  262  0.11904397E-05
  263  0.12616080E-05
  264  0.13383516E-05
  265  0.14205822E-05
  266  0.15087682E-05
  267  0.16034613E-05
  268  0.17045987E-05
  269  0.18129109E-05
  270  0.19282609E-05
  271  0.20518594E-05
  272  0.21830672E-05
  273  0.23230157E-05
  274  0.24719018E-05
  275  0.26295377E-05
  276  0.27969331E-05
  277  0.29741643E-05
  278  0.31614961E-05
  279  0.33598033E-05
  280  0.35690707E-05
  281  0.37891855E-05
  282  0.40210080E-05
  283  0.42647680E-05
  284  0.45199195E-05
  285  0.47878552E-05
  286  0.50681324E-05
  287  0.53607159E-05
  288  0.56665408E-05
  289  0.59854074E-05
  290  0.63169705E-05
  291  0.66617195E-05
  292  0.70192327E-05
  293  0.73898013E-05
  294  0.77738005E-05
  295  0.81701883E-05
  296  0.85794472E-05
  297  0.90010217E-05
  298  0.94355601E-05
  299  0.98814353E-05
  300  0.10339506E-04
  301  0.10809063E-04
  302  0.11289493E-04
  303  0.11780333E-04
  304  0.12281293E-04
  305  0.12792386E-04
  306  0.13312050E-04
  307  0.13839748E-04
  308  0.14376031E-04
  309  0.14919102E-04
  310  0.15469450E-04
  311  0.16024815E-04
  312  0.16585866E-04
  313  0.17150873E-04
  314  0.17718636E-04
  315  0.18290062E-04
  316  0.18863329E-04
  317  0.19437199E-04
  318  0.20011617E-04
  319  0.20585132E-04
  320  0.21157888E-04
  321  0.21726948E-04
  322  0.22293840E-04
  323  0.22856637E-04
  324  0.23413819E-04
  325  0.23965373E-04
  326  0.24510811E-04
  327  0.25047964E-04
  328  0.25577148E-04
  329  0.26097137E-04
  330  0.26607961E-04
  331  0.27107208E-04
  332  0.27595648E-04
  333  0.28071890E-04
  334  0.28535493E-04
  335  0.28986153E-04
  336  0.29422099E-04
  337  0.29843608E-04
  338  0.30250339E-04
  339  0.30641339E-04
  340  0.31016014E-04
  341  0.31374439E-04
  342  0.31714902E-04
  343  0.32038759E-04
  344  0.32344546E-04
  345  0.32632794E-04
  346  0.32902324E-04
  347  0.33152850E-04
  348  0.33385284E-04
  349  0.33598226E-04
  350  0.33792152E-04
  351  0.33966669E-04
  352  0.34121942E-04
  353  0.34257926E-04
  354  0.34374461E-04
  355  0.34471701E-04
  356  0.34549343E-04
  357  0.34607736E-04
  358  0.34647088E-04
  359  0.34666959E-04
  360  0.34668239E-04
 ]; 
