spt = [ 
    1  0.34408989E-04
    2  0.34373083E-04
    3  0.34318877E-04
    4  0.34247019E-04
    5  0.34157430E-04
    6  0.34050292E-04
    7  0.33926455E-04
    8  0.33785844E-04
    9  0.33628534E-04
   10  0.33455621E-04
   11  0.33266468E-04
   12  0.33061995E-04
   13  0.32842734E-04
   14  0.32608819E-04
   15  0.32360233E-04
   16  0.32098145E-04
   17  0.31822910E-04
   18  0.31534455E-04
   19  0.31233587E-04
   20  0.30920484E-04
   21  0.30595555E-04
   22  0.30259873E-04
   23  0.29912888E-04
   24  0.29555931E-04
   25  0.29188870E-04
   26  0.28812570E-04
   27  0.28427537E-04
   28  0.28034201E-04
   29  0.27632257E-04
   30  0.27223601E-04
   31  0.26807249E-04
   32  0.26384976E-04
   33  0.25956355E-04
   34  0.25522151E-04
   35  0.25083158E-04
   36  0.24638966E-04
   37  0.24191570E-04
   38  0.23739389E-04
   39  0.23284150E-04
   40  0.22826718E-04
   41  0.22366756E-04
   42  0.21905125E-04
   43  0.21441760E-04
   44  0.20977990E-04
   45  0.20513449E-04
   46  0.20048406E-04
   47  0.19585037E-04
   48  0.19121544E-04
   49  0.18659362E-04
   50  0.18199195E-04
   51  0.17741067E-04
   52  0.17285789E-04
   53  0.16833397E-04
   54  0.16383814E-04
   55  0.15938254E-04
   56  0.15497000E-04
   57  0.15060275E-04
   58  0.14627562E-04
   59  0.14201152E-04
   60  0.13779359E-04
   61  0.13363856E-04
   62  0.12954019E-04
   63  0.12550399E-04
   64  0.12153740E-04
   65  0.11763807E-04
   66  0.11382015E-04
   67  0.11006366E-04
   68  0.10639107E-04
   69  0.10279256E-04
   70  0.99273720E-05
   71  0.95833166E-05
   72  0.92477940E-05
   73  0.89203659E-05
   74  0.86017135E-05
   75  0.82912893E-05
   76  0.79896017E-05
   77  0.76962406E-05
   78  0.74121713E-05
   79  0.71364720E-05
   80  0.68689751E-05
   81  0.66105863E-05
   82  0.63607345E-05
   83  0.61193446E-05
   84  0.58860924E-05
   85  0.56614158E-05
   86  0.54452303E-05
   87  0.52368955E-05
   88  0.50367098E-05
   89  0.48444344E-05
   90  0.46601963E-05
   91  0.44828203E-05
   92  0.43133095E-05
   93  0.41507947E-05
   94  0.39956617E-05
   95  0.38472926E-05
   96  0.37055634E-05
   97  0.35704886E-05
   98  0.34417985E-05
   99  0.33189026E-05
  100  0.32019386E-05
  101  0.30910071E-05
  102  0.29855969E-05
  103  0.28855625E-05
  104  0.27904505E-05
  105  0.27002854E-05
  106  0.26151790E-05
  107  0.25345205E-05
  108  0.24580750E-05
  109  0.23860771E-05
  110  0.23182638E-05
  111  0.22542158E-05
  112  0.21936621E-05
  113  0.21368842E-05
  114  0.20833543E-05
  115  0.20331408E-05
  116  0.19860304E-05
  117  0.19417650E-05
  118  0.19004626E-05
  119  0.18614751E-05
  120  0.18252789E-05
  121  0.17915150E-05
  122  0.17597362E-05
  123  0.17302065E-05
  124  0.17026307E-05
  125  0.16768747E-05
  126  0.16530158E-05
  127  0.16306867E-05
  128  0.16098655E-05
  129  0.15907294E-05
  130  0.15725242E-05
  131  0.15557299E-05
  132  0.15401017E-05
  133  0.15253203E-05
  134  0.15117278E-05
  135  0.14987008E-05
  136  0.14865640E-05
  137  0.14750052E-05
  138  0.14640432E-05
  139  0.14536239E-05
  140  0.14437278E-05
  141  0.14339640E-05
  142  0.14244843E-05
  143  0.14151228E-05
  144  0.14060530E-05
  145  0.13970244E-05
  146  0.13880443E-05
  147  0.13788825E-05
  148  0.13697237E-05
  149  0.13605119E-05
  150  0.13510194E-05
  151  0.13412831E-05
  152  0.13313012E-05
  153  0.13210408E-05
  154  0.13105627E-05
  155  0.12996097E-05
  156  0.12884167E-05
  157  0.12768392E-05
  158  0.12649253E-05
  159  0.12525733E-05
  160  0.12397470E-05
  161  0.12265492E-05
  162  0.12130317E-05
  163  0.11990611E-05
  164  0.11847061E-05
  165  0.11700063E-05
  166  0.11549238E-05
  167  0.11394233E-05
  168  0.11236821E-05
  169  0.11076013E-05
  170  0.10911857E-05
  171  0.10745333E-05
  172  0.10576126E-05
  173  0.10404350E-05
  174  0.10231153E-05
  175  0.10056308E-05
  176  0.98796420E-06
  177  0.97018290E-06
  178  0.95230155E-06
  179  0.93436529E-06
  180  0.91637025E-06
  181  0.89837044E-06
  182  0.88036177E-06
  183  0.86242989E-06
  184  0.84453478E-06
  185  0.82676365E-06
  186  0.80908643E-06
  187  0.79157707E-06
  188  0.77419753E-06
  189  0.75706055E-06
  190  0.74007664E-06
  191  0.72332631E-06
  192  0.70689174E-06
  193  0.69067477E-06
  194  0.67476589E-06
  195  0.65913321E-06
  196  0.64383681E-06
  197  0.62887443E-06
  198  0.61424765E-06
  199  0.60001719E-06
  200  0.58612437E-06
  201  0.57267494E-06
  202  0.55959833E-06
  203  0.54690275E-06
  204  0.53462873E-06
  205  0.52279796E-06
  206  0.51141353E-06
  207  0.50045793E-06
  208  0.48992422E-06
  209  0.47988158E-06
  210  0.47031943E-06
  211  0.46117688E-06
  212  0.45251693E-06
  213  0.44438485E-06
  214  0.43670374E-06
  215  0.42955367E-06
  216  0.42280797E-06
  217  0.41668540E-06
  218  0.41097618E-06
  219  0.40590459E-06
  220  0.40124519E-06
  221  0.39717983E-06
  222  0.39366091E-06
  223  0.39066421E-06
  224  0.38830595E-06
  225  0.38646863E-06
  226  0.38526375E-06
  227  0.38464688E-06
  228  0.38478393E-06
  229  0.38543843E-06
  230  0.38683237E-06
  231  0.38897699E-06
  232  0.39172306E-06
  233  0.39530153E-06
  234  0.39969837E-06
  235  0.40488999E-06
  236  0.41107023E-06
  237  0.41809275E-06
  238  0.42623864E-06
  239  0.43522996E-06
  240  0.44533581E-06
  241  0.45668344E-06
  242  0.46929802E-06
  243  0.48314911E-06
  244  0.49853065E-06
  245  0.51538154E-06
  246  0.53382706E-06
  247  0.55408236E-06
  248  0.57606661E-06
  249  0.60019977E-06
  250  0.62648888E-06
  251  0.65507601E-06
  252  0.68604589E-06
  253  0.71969981E-06
  254  0.75608881E-06
  255  0.79566331E-06
  256  0.83844992E-06
  257  0.88466129E-06
  258  0.93462734E-06
  259  0.98855867E-06
  260  0.10467626E-05
  261  0.11092530E-05
  262  0.11768836E-05
  263  0.12492827E-05
  264  0.13271114E-05
  265  0.14106350E-05
  266  0.15003617E-05
  267  0.15961840E-05
  268  0.16988326E-05
  269  0.18086107E-05
  270  0.19255958E-05
  271  0.20505058E-05
  272  0.21834119E-05
  273  0.23249463E-05
  274  0.24754563E-05
  275  0.26347825E-05
  276  0.28036202E-05
  277  0.29825130E-05
  278  0.31717384E-05
  279  0.33716169E-05
  280  0.35820574E-05
  281  0.38037742E-05
  282  0.40367986E-05
  283  0.42814409E-05
  284  0.45381735E-05
  285  0.48072875E-05
  286  0.50885801E-05
  287  0.53823383E-05
  288  0.56892432E-05
  289  0.60081720E-05
  290  0.63403218E-05
  291  0.66853981E-05
  292  0.70428791E-05
  293  0.74140280E-05
  294  0.77970117E-05
  295  0.81936532E-05
  296  0.86021928E-05
  297  0.90232488E-05
  298  0.94570169E-05
  299  0.99020162E-05
  300  0.10358129E-04
  301  0.10826037E-04
  302  0.11304467E-04
  303  0.11793531E-04
  304  0.12292236E-04
  305  0.12800143E-04
  306  0.13317260E-04
  307  0.13842175E-04
  308  0.14374957E-04
  309  0.14914861E-04
  310  0.15460777E-04
  311  0.16012737E-04
  312  0.16568401E-04
  313  0.17129549E-04
  314  0.17692864E-04
  315  0.18259127E-04
  316  0.18827162E-04
  317  0.19395833E-04
  318  0.19964249E-04
  319  0.20532752E-04
  320  0.21099620E-04
  321  0.21663118E-04
  322  0.22223699E-04
  323  0.22779717E-04
  324  0.23330715E-04
  325  0.23876240E-04
  326  0.24415216E-04
  327  0.24945819E-04
  328  0.25468677E-04
  329  0.25982086E-04
  330  0.26486203E-04
  331  0.26979460E-04
  332  0.27461072E-04
  333  0.27931465E-04
  334  0.28388595E-04
  335  0.28832745E-04
  336  0.29262676E-04
  337  0.29678471E-04
  338  0.30079358E-04
  339  0.30464471E-04
  340  0.30833340E-04
  341  0.31186693E-04
  342  0.31521962E-04
  343  0.31841621E-04
  344  0.32142700E-04
  345  0.32426116E-04
  346  0.32691074E-04
  347  0.32938136E-04
  348  0.33166540E-04
  349  0.33376244E-04
  350  0.33566917E-04
  351  0.33738717E-04
  352  0.33891356E-04
  353  0.34024812E-04
  354  0.34139313E-04
  355  0.34234741E-04
  356  0.34310913E-04
  357  0.34367975E-04
  358  0.34406454E-04
  359  0.34425924E-04
  360  0.34426575E-04
 ]; 
