spt = [ 
    1  0.34598612E-04
    2  0.34566227E-04
    3  0.34515371E-04
    4  0.34446086E-04
    5  0.34359429E-04
    6  0.34254637E-04
    7  0.34132627E-04
    8  0.33993623E-04
    9  0.33838081E-04
   10  0.33666227E-04
   11  0.33477671E-04
   12  0.33273944E-04
   13  0.33054694E-04
   14  0.32820437E-04
   15  0.32571934E-04
   16  0.32309570E-04
   17  0.32033349E-04
   18  0.31743693E-04
   19  0.31441294E-04
   20  0.31126827E-04
   21  0.30799903E-04
   22  0.30461824E-04
   23  0.30112957E-04
   24  0.29752857E-04
   25  0.29383760E-04
   26  0.29004172E-04
   27  0.28616003E-04
   28  0.28218674E-04
   29  0.27813503E-04
   30  0.27400703E-04
   31  0.26980573E-04
   32  0.26553957E-04
   33  0.26120833E-04
   34  0.25682470E-04
   35  0.25238449E-04
   36  0.24788545E-04
   37  0.24335901E-04
   38  0.23878390E-04
   39  0.23418508E-04
   40  0.22955484E-04
   41  0.22489628E-04
   42  0.22022652E-04
   43  0.21553715E-04
   44  0.21083795E-04
   45  0.20613779E-04
   46  0.20142877E-04
   47  0.19673613E-04
   48  0.19204457E-04
   49  0.18736504E-04
   50  0.18270521E-04
   51  0.17805916E-04
   52  0.17344775E-04
   53  0.16886101E-04
   54  0.16431308E-04
   55  0.15980426E-04
   56  0.15533662E-04
   57  0.15091068E-04
   58  0.14652893E-04
   59  0.14221025E-04
   60  0.13794160E-04
   61  0.13372986E-04
   62  0.12958440E-04
   63  0.12550556E-04
   64  0.12149641E-04
   65  0.11755321E-04
   66  0.11368375E-04
   67  0.10988937E-04
   68  0.10617483E-04
   69  0.10253782E-04
   70  0.98989967E-05
   71  0.95516352E-05
   72  0.92127084E-05
   73  0.88827092E-05
   74  0.85612774E-05
   75  0.82479837E-05
   76  0.79446072E-05
   77  0.76489951E-05
   78  0.73623742E-05
   79  0.70854935E-05
   80  0.68165514E-05
   81  0.65567365E-05
   82  0.63058092E-05
   83  0.60635293E-05
   84  0.58297510E-05
   85  0.56044851E-05
   86  0.53877561E-05
   87  0.51792613E-05
   88  0.49788114E-05
   89  0.47869175E-05
   90  0.46024920E-05
   91  0.44256394E-05
   92  0.42564834E-05
   93  0.40950340E-05
   94  0.39400179E-05
   95  0.37925956E-05
   96  0.36521312E-05
   97  0.35178825E-05
   98  0.33901738E-05
   99  0.32688413E-05
  100  0.31535021E-05
  101  0.30440003E-05
  102  0.29397274E-05
  103  0.28413340E-05
  104  0.27479973E-05
  105  0.26595326E-05
  106  0.25762736E-05
  107  0.24973072E-05
  108  0.24230019E-05
  109  0.23527898E-05
  110  0.22868812E-05
  111  0.22248598E-05
  112  0.21663466E-05
  113  0.21115768E-05
  114  0.20603372E-05
  115  0.20122143E-05
  116  0.19672891E-05
  117  0.19252000E-05
  118  0.18859629E-05
  119  0.18494707E-05
  120  0.18153593E-05
  121  0.17837605E-05
  122  0.17542628E-05
  123  0.17269329E-05
  124  0.17017860E-05
  125  0.16782291E-05
  126  0.16566079E-05
  127  0.16366104E-05
  128  0.16180137E-05
  129  0.16007895E-05
  130  0.15849948E-05
  131  0.15704402E-05
  132  0.15567068E-05
  133  0.15442077E-05
  134  0.15325787E-05
  135  0.15215679E-05
  136  0.15113897E-05
  137  0.15018267E-05
  138  0.14926688E-05
  139  0.14840789E-05
  140  0.14756371E-05
  141  0.14676187E-05
  142  0.14598645E-05
  143  0.14521058E-05
  144  0.14444898E-05
  145  0.14369310E-05
  146  0.14293735E-05
  147  0.14214768E-05
  148  0.14135096E-05
  149  0.14053386E-05
  150  0.13968785E-05
  151  0.13881776E-05
  152  0.13791149E-05
  153  0.13696734E-05
  154  0.13598749E-05
  155  0.13496177E-05
  156  0.13389242E-05
  157  0.13278583E-05
  158  0.13163030E-05
  159  0.13041818E-05
  160  0.12917295E-05
  161  0.12787935E-05
  162  0.12652550E-05
  163  0.12514244E-05
  164  0.12370372E-05
  165  0.12222123E-05
  166  0.12069970E-05
  167  0.11913602E-05
  168  0.11753076E-05
  169  0.11589120E-05
  170  0.11421488E-05
  171  0.11251108E-05
  172  0.11078673E-05
  173  0.10901426E-05
  174  0.10722681E-05
  175  0.10541859E-05
  176  0.10359446E-05
  177  0.10175039E-05
  178  0.99898966E-06
  179  0.98038549E-06
  180  0.96172107E-06
  181  0.94299821E-06
  182  0.92424733E-06
  183  0.90556478E-06
  184  0.88691542E-06
  185  0.86836747E-06
  186  0.84994855E-06
  187  0.83164139E-06
  188  0.81349657E-06
  189  0.79552626E-06
  190  0.77779794E-06
  191  0.76026902E-06
  192  0.74301317E-06
  193  0.72608248E-06
  194  0.70931344E-06
  195  0.69295993E-06
  196  0.67690718E-06
  197  0.66122533E-06
  198  0.64579103E-06
  199  0.63086708E-06
  200  0.61628702E-06
  201  0.60204496E-06
  202  0.58827106E-06
  203  0.57489513E-06
  204  0.56195069E-06
  205  0.54939710E-06
  206  0.53743048E-06
  207  0.52578969E-06
  208  0.51465196E-06
  209  0.50398393E-06
  210  0.49378400E-06
  211  0.48406065E-06
  212  0.47485364E-06
  213  0.46611305E-06
  214  0.45787897E-06
  215  0.45015818E-06
  216  0.44299506E-06
  217  0.43628449E-06
  218  0.43013233E-06
  219  0.42449489E-06
  220  0.41936798E-06
  221  0.41485305E-06
  222  0.41082930E-06
  223  0.40745871E-06
  224  0.40458227E-06
  225  0.40241920E-06
  226  0.40068335E-06
  227  0.39968282E-06
  228  0.39927505E-06
  229  0.39958726E-06
  230  0.40042025E-06
  231  0.40210929E-06
  232  0.40442140E-06
  233  0.40750001E-06
  234  0.41137076E-06
  235  0.41609294E-06
  236  0.42171314E-06
  237  0.42808747E-06
  238  0.43554635E-06
  239  0.44397811E-06
  240  0.45347713E-06
  241  0.46409829E-06
  242  0.47598505E-06
  243  0.48901404E-06
  244  0.50349894E-06
  245  0.51939236E-06
  246  0.53694845E-06
  247  0.55604863E-06
  248  0.57715476E-06
  249  0.60001531E-06
  250  0.62505535E-06
  251  0.65228880E-06
  252  0.68187745E-06
  253  0.71418367E-06
  254  0.74896417E-06
  255  0.78708047E-06
  256  0.82796356E-06
  257  0.87239920E-06
  258  0.92044405E-06
  259  0.97243196E-06
  260  0.10284248E-05
  261  0.10890027E-05
  262  0.11542081E-05
  263  0.12243909E-05
  264  0.12998887E-05
  265  0.13808584E-05
  266  0.14678808E-05
  267  0.15610043E-05
  268  0.16610550E-05
  269  0.17678146E-05
  270  0.18820696E-05
  271  0.20041175E-05
  272  0.21341343E-05
  273  0.22725649E-05
  274  0.24193325E-05
  275  0.25759703E-05
  276  0.27422836E-05
  277  0.29179635E-05
  278  0.31037841E-05
  279  0.33004026E-05
  280  0.35075677E-05
  281  0.37259140E-05
  282  0.39561191E-05
  283  0.41978506E-05
  284  0.44515173E-05
  285  0.47173003E-05
  286  0.49958653E-05
  287  0.52867063E-05
  288  0.55906953E-05
  289  0.59073282E-05
  290  0.62369281E-05
  291  0.65797813E-05
  292  0.69353246E-05
  293  0.73035876E-05
  294  0.76853212E-05
  295  0.80797081E-05
  296  0.84869744E-05
  297  0.89070163E-05
  298  0.93388016E-05
  299  0.97834463E-05
  300  0.10239350E-04
  301  0.10706598E-04
  302  0.11184702E-04
  303  0.11674104E-04
  304  0.12172789E-04
  305  0.12681382E-04
  306  0.13199494E-04
  307  0.13725786E-04
  308  0.14259945E-04
  309  0.14801718E-04
  310  0.15349789E-04
  311  0.15903719E-04
  312  0.16462845E-04
  313  0.17026652E-04
  314  0.17593717E-04
  315  0.18163366E-04
  316  0.18734865E-04
  317  0.19307894E-04
  318  0.19881776E-04
  319  0.20454740E-04
  320  0.21026053E-04
  321  0.21595000E-04
  322  0.22160966E-04
  323  0.22722819E-04
  324  0.23279985E-04
  325  0.23831910E-04
  326  0.24376719E-04
  327  0.24914627E-04
  328  0.25444397E-04
  329  0.25964806E-04
  330  0.26475907E-04
  331  0.26976521E-04
  332  0.27465487E-04
  333  0.27942880E-04
  334  0.28407872E-04
  335  0.28859800E-04
  336  0.29297295E-04
  337  0.29721212E-04
  338  0.30129260E-04
  339  0.30521576E-04
  340  0.30898660E-04
  341  0.31259329E-04
  342  0.31602427E-04
  343  0.31928674E-04
  344  0.32236934E-04
  345  0.32527958E-04
  346  0.32800159E-04
  347  0.33053664E-04
  348  0.33289230E-04
  349  0.33504948E-04
  350  0.33702159E-04
  351  0.33880006E-04
  352  0.34038647E-04
  353  0.34177803E-04
  354  0.34297987E-04
  355  0.34398297E-04
  356  0.34479479E-04
  357  0.34541663E-04
  358  0.34584773E-04
  359  0.34608223E-04
  360  0.34612742E-04
 ]; 
