spt = [ 
    1  0.34828314E-04
    2  0.34791359E-04
    3  0.34735756E-04
    4  0.34661898E-04
    5  0.34569399E-04
    6  0.34458975E-04
    7  0.34330722E-04
    8  0.34185545E-04
    9  0.34022887E-04
   10  0.33843658E-04
   11  0.33648190E-04
   12  0.33436387E-04
   13  0.33208984E-04
   14  0.32966345E-04
   15  0.32708867E-04
   16  0.32437063E-04
   17  0.32151485E-04
   18  0.31852211E-04
   19  0.31539959E-04
   20  0.31215295E-04
   21  0.30877873E-04
   22  0.30528801E-04
   23  0.30168916E-04
   24  0.29797982E-04
   25  0.29416935E-04
   26  0.29026331E-04
   27  0.28626378E-04
   28  0.28217446E-04
   29  0.27800414E-04
   30  0.27376000E-04
   31  0.26943986E-04
   32  0.26505433E-04
   33  0.26060543E-04
   34  0.25610119E-04
   35  0.25154326E-04
   36  0.24694129E-04
   37  0.24229043E-04
   38  0.23761315E-04
   39  0.23290200E-04
   40  0.22815530E-04
   41  0.22339582E-04
   42  0.21861932E-04
   43  0.21382642E-04
   44  0.20902797E-04
   45  0.20423049E-04
   46  0.19943105E-04
   47  0.19464993E-04
   48  0.18987253E-04
   49  0.18511060E-04
   50  0.18037223E-04
   51  0.17566139E-04
   52  0.17097216E-04
   53  0.16633028E-04
   54  0.16172344E-04
   55  0.15714963E-04
   56  0.15263155E-04
   57  0.14816481E-04
   58  0.14374006E-04
   59  0.13938744E-04
   60  0.13508379E-04
   61  0.13084939E-04
   62  0.12668471E-04
   63  0.12258308E-04
   64  0.11855939E-04
   65  0.11460384E-04
   66  0.11073396E-04
   67  0.10693547E-04
   68  0.10322469E-04
   69  0.99592844E-05
   70  0.96048216E-05
   71  0.92589398E-05
   72  0.89220539E-05
   73  0.85935253E-05
   74  0.82743190E-05
   75  0.79641304E-05
   76  0.76625965E-05
   77  0.73701704E-05
   78  0.70871702E-05
   79  0.68129375E-05
   80  0.65477479E-05
   81  0.62917748E-05
   82  0.60443695E-05
   83  0.58058854E-05
   84  0.55758846E-05
   85  0.53549070E-05
   86  0.51419674E-05
   87  0.49377845E-05
   88  0.47413541E-05
   89  0.45534871E-05
   90  0.43734640E-05
   91  0.42010179E-05
   92  0.40358595E-05
   93  0.38784287E-05
   94  0.37280531E-05
   95  0.35844919E-05
   96  0.34478128E-05
   97  0.33175108E-05
   98  0.31937268E-05
   99  0.30762390E-05
  100  0.29642465E-05
  101  0.28583504E-05
  102  0.27578690E-05
  103  0.26625978E-05
  104  0.25726272E-05
  105  0.24877304E-05
  106  0.24072845E-05
  107  0.23311500E-05
  108  0.22599042E-05
  109  0.21927237E-05
  110  0.21295862E-05
  111  0.20701518E-05
  112  0.20143286E-05
  113  0.19620543E-05
  114  0.19132085E-05
  115  0.18674494E-05
  116  0.18247084E-05
  117  0.17848189E-05
  118  0.17479284E-05
  119  0.17131620E-05
  120  0.16813457E-05
  121  0.16516742E-05
  122  0.16241033E-05
  123  0.15986435E-05
  124  0.15752372E-05
  125  0.15536323E-05
  126  0.15338086E-05
  127  0.15155008E-05
  128  0.14987588E-05
  129  0.14832423E-05
  130  0.14692812E-05
  131  0.14563584E-05
  132  0.14444937E-05
  133  0.14336806E-05
  134  0.14237407E-05
  135  0.14146468E-05
  136  0.14063206E-05
  137  0.13985867E-05
  138  0.13913507E-05
  139  0.13845117E-05
  140  0.13781154E-05
  141  0.13720700E-05
  142  0.13663310E-05
  143  0.13607165E-05
  144  0.13551439E-05
  145  0.13496525E-05
  146  0.13441270E-05
  147  0.13385281E-05
  148  0.13328689E-05
  149  0.13267995E-05
  150  0.13207227E-05
  151  0.13142555E-05
  152  0.13076341E-05
  153  0.13006305E-05
  154  0.12932487E-05
  155  0.12854540E-05
  156  0.12773036E-05
  157  0.12686702E-05
  158  0.12596799E-05
  159  0.12502015E-05
  160  0.12402322E-05
  161  0.12298138E-05
  162  0.12189338E-05
  163  0.12076242E-05
  164  0.11957687E-05
  165  0.11836394E-05
  166  0.11709075E-05
  167  0.11578425E-05
  168  0.11444284E-05
  169  0.11305374E-05
  170  0.11162819E-05
  171  0.11017721E-05
  172  0.10869242E-05
  173  0.10717176E-05
  174  0.10562634E-05
  175  0.10405857E-05
  176  0.10246094E-05
  177  0.10085561E-05
  178  0.99231590E-06
  179  0.97597308E-06
  180  0.95947564E-06
  181  0.94293449E-06
  182  0.92635997E-06
  183  0.90977960E-06
  184  0.89319951E-06
  185  0.87665501E-06
  186  0.86020083E-06
  187  0.84379758E-06
  188  0.82752842E-06
  189  0.81146823E-06
  190  0.79550512E-06
  191  0.77974244E-06
  192  0.76422867E-06
  193  0.74894655E-06
  194  0.73388787E-06
  195  0.71912473E-06
  196  0.70467775E-06
  197  0.69046467E-06
  198  0.67667980E-06
  199  0.66316409E-06
  200  0.64997391E-06
  201  0.63723263E-06
  202  0.62484406E-06
  203  0.61284106E-06
  204  0.60127144E-06
  205  0.59004356E-06
  206  0.57924882E-06
  207  0.56896761E-06
  208  0.55912619E-06
  209  0.54967069E-06
  210  0.54075980E-06
  211  0.53227802E-06
  212  0.52432614E-06
  213  0.51673226E-06
  214  0.50968754E-06
  215  0.50319466E-06
  216  0.49717573E-06
  217  0.49171791E-06
  218  0.48671643E-06
  219  0.48219533E-06
  220  0.47830969E-06
  221  0.47496221E-06
  222  0.47212669E-06
  223  0.46995720E-06
  224  0.46829118E-06
  225  0.46727644E-06
  226  0.46687126E-06
  227  0.46695408E-06
  228  0.46779323E-06
  229  0.46924831E-06
  230  0.47148256E-06
  231  0.47421668E-06
  232  0.47788797E-06
  233  0.48211774E-06
  234  0.48724445E-06
  235  0.49319112E-06
  236  0.49993162E-06
  237  0.50767864E-06
  238  0.51627893E-06
  239  0.52601587E-06
  240  0.53672392E-06
  241  0.54853757E-06
  242  0.56157506E-06
  243  0.57597578E-06
  244  0.59155548E-06
  245  0.60872179E-06
  246  0.62737388E-06
  247  0.64763162E-06
  248  0.66997706E-06
  249  0.69408594E-06
  250  0.72011380E-06
  251  0.74850533E-06
  252  0.77905952E-06
  253  0.81247720E-06
  254  0.84855333E-06
  255  0.88725483E-06
  256  0.92937398E-06
  257  0.97500424E-06
  258  0.10241113E-05
  259  0.10769326E-05
  260  0.11338440E-05
  261  0.11952854E-05
  262  0.12612445E-05
  263  0.13324051E-05
  264  0.14086999E-05
  265  0.14905703E-05
  266  0.15785112E-05
  267  0.16725400E-05
  268  0.17731497E-05
  269  0.18809518E-05
  270  0.19961069E-05
  271  0.21183957E-05
  272  0.22492693E-05
  273  0.23882969E-05
  274  0.25360075E-05
  275  0.26933419E-05
  276  0.28599738E-05
  277  0.30362571E-05
  278  0.32228158E-05
  279  0.34198220E-05
  280  0.36279118E-05
  281  0.38472340E-05
  282  0.40778141E-05
  283  0.43201176E-05
  284  0.45742599E-05
  285  0.48409074E-05
  286  0.51200927E-05
  287  0.54114075E-05
  288  0.57159677E-05
  289  0.60331759E-05
  290  0.63635434E-05
  291  0.67071596E-05
  292  0.70631686E-05
  293  0.74330660E-05
  294  0.78153180E-05
  295  0.82104334E-05
  296  0.86189430E-05
  297  0.90397525E-05
  298  0.94732286E-05
  299  0.99185918E-05
  300  0.10375182E-04
  301  0.10844234E-04
  302  0.11323325E-04
  303  0.11814114E-04
  304  0.12314911E-04
  305  0.12824964E-04
  306  0.13344405E-04
  307  0.13872798E-04
  308  0.14409457E-04
  309  0.14952833E-04
  310  0.15502481E-04
  311  0.16059163E-04
  312  0.16620583E-04
  313  0.17186498E-04
  314  0.17756018E-04
  315  0.18328399E-04
  316  0.18903136E-04
  317  0.19478775E-04
  318  0.20054782E-04
  319  0.20630816E-04
  320  0.21205267E-04
  321  0.21777949E-04
  322  0.22346974E-04
  323  0.22912172E-04
  324  0.23473125E-04
  325  0.24027466E-04
  326  0.24575580E-04
  327  0.25117448E-04
  328  0.25650270E-04
  329  0.26173384E-04
  330  0.26688058E-04
  331  0.27192073E-04
  332  0.27684926E-04
  333  0.28165154E-04
  334  0.28633121E-04
  335  0.29087763E-04
  336  0.29528373E-04
  337  0.29954464E-04
  338  0.30365585E-04
  339  0.30761072E-04
  340  0.31139789E-04
  341  0.31502321E-04
  342  0.31847558E-04
  343  0.32175562E-04
  344  0.32485714E-04
  345  0.32777552E-04
  346  0.33050885E-04
  347  0.33305208E-04
  348  0.33540458E-04
  349  0.33757413E-04
  350  0.33954242E-04
  351  0.34131906E-04
  352  0.34289784E-04
  353  0.34427729E-04
  354  0.34546367E-04
  355  0.34645356E-04
  356  0.34724595E-04
  357  0.34783916E-04
  358  0.34824036E-04
  359  0.34844761E-04
  360  0.34845947E-04
 ]; 
