stt = [ 
    1  0.46171080E-01
    2  0.46157368E-01
    3  0.46097558E-01
    4  0.45991510E-01
    5  0.45840513E-01
    6  0.45645051E-01
    7  0.45405868E-01
    8  0.45124128E-01
    9  0.44801079E-01
   10  0.44438612E-01
   11  0.44037770E-01
   12  0.43600984E-01
   13  0.43129571E-01
   14  0.42626198E-01
   15  0.42093147E-01
   16  0.41532185E-01
   17  0.40946551E-01
   18  0.40338431E-01
   19  0.39710693E-01
   20  0.39065856E-01
   21  0.38407113E-01
   22  0.37737105E-01
   23  0.37058923E-01
   24  0.36375243E-01
   25  0.35689056E-01
   26  0.35003450E-01
   27  0.34321167E-01
   28  0.33645082E-01
   29  0.32978069E-01
   30  0.32323033E-01
   31  0.31682197E-01
   32  0.31058656E-01
   33  0.30454349E-01
   34  0.29872073E-01
   35  0.29314060E-01
   36  0.28782180E-01
   37  0.28278697E-01
   38  0.27805073E-01
   39  0.27363356E-01
   40  0.26954969E-01
   41  0.26581155E-01
   42  0.26243139E-01
   43  0.25942188E-01
   44  0.25678825E-01
   45  0.25453856E-01
   46  0.25267815E-01
   47  0.25120903E-01
   48  0.25013307E-01
   49  0.24945043E-01
   50  0.24916010E-01
   51  0.24925455E-01
   52  0.24973433E-01
   53  0.25058638E-01
   54  0.25180811E-01
   55  0.25338523E-01
   56  0.25530880E-01
   57  0.25756538E-01
   58  0.26014386E-01
   59  0.26302371E-01
   60  0.26619673E-01
   61  0.26964130E-01
   62  0.27333722E-01
   63  0.27727159E-01
   64  0.28142480E-01
   65  0.28577335E-01
   66  0.29030075E-01
   67  0.29498613E-01
   68  0.29980632E-01
   69  0.30474111E-01
   70  0.30977078E-01
   71  0.31487621E-01
   72  0.32002840E-01
   73  0.32521702E-01
   74  0.33041734E-01
   75  0.33560675E-01
   76  0.34076434E-01
   77  0.34587514E-01
   78  0.35092067E-01
   79  0.35588268E-01
   80  0.36073625E-01
   81  0.36547415E-01
   82  0.37007868E-01
   83  0.37452858E-01
   84  0.37881397E-01
   85  0.38292296E-01
   86  0.38684316E-01
   87  0.39055698E-01
   88  0.39405875E-01
   89  0.39733455E-01
   90  0.40038362E-01
   91  0.40318884E-01
   92  0.40575128E-01
   93  0.40805563E-01
   94  0.41010760E-01
   95  0.41189633E-01
   96  0.41341871E-01
   97  0.41467529E-01
   98  0.41566189E-01
   99  0.41638155E-01
  100  0.41683059E-01
  101  0.41701525E-01
  102  0.41693062E-01
  103  0.41658334E-01
  104  0.41597825E-01
  105  0.41511662E-01
  106  0.41400276E-01
  107  0.41264448E-01
  108  0.41104373E-01
  109  0.40920738E-01
  110  0.40714629E-01
  111  0.40486220E-01
  112  0.40236965E-01
  113  0.39966814E-01
  114  0.39677151E-01
  115  0.39368466E-01
  116  0.39042000E-01
  117  0.38698360E-01
  118  0.38338732E-01
  119  0.37963893E-01
  120  0.37574634E-01
  121  0.37172012E-01
  122  0.36757253E-01
  123  0.36330909E-01
  124  0.35894275E-01
  125  0.35448182E-01
  126  0.34993526E-01
  127  0.34531400E-01
  128  0.34062702E-01
  129  0.33588350E-01
  130  0.33109017E-01
  131  0.32626186E-01
  132  0.32140244E-01
  133  0.31652305E-01
  134  0.31163339E-01
  135  0.30673813E-01
  136  0.30184867E-01
  137  0.29697200E-01
  138  0.29211570E-01
  139  0.28728729E-01
  140  0.28249556E-01
  141  0.27774585E-01
  142  0.27304625E-01
  143  0.26840286E-01
  144  0.26382066E-01
  145  0.25930725E-01
  146  0.25486782E-01
  147  0.25050905E-01
  148  0.24623320E-01
  149  0.24204843E-01
  150  0.23795815E-01
  151  0.23396624E-01
  152  0.23007797E-01
  153  0.22629557E-01
  154  0.22262493E-01
  155  0.21906715E-01
  156  0.21562744E-01
  157  0.21230726E-01
  158  0.20911004E-01
  159  0.20603776E-01
  160  0.20309225E-01
  161  0.20027755E-01
  162  0.19759333E-01
  163  0.19504216E-01
  164  0.19262580E-01
  165  0.19034494E-01
  166  0.18820068E-01
  167  0.18619550E-01
  168  0.18432779E-01
  169  0.18260200E-01
  170  0.18101463E-01
  171  0.17956853E-01
  172  0.17826499E-01
  173  0.17710155E-01
  174  0.17608162E-01
  175  0.17520420E-01
  176  0.17446809E-01
  177  0.17387670E-01
  178  0.17342709E-01
  179  0.17312147E-01
  180  0.17295899E-01
  181  0.17293843E-01
  182  0.17306220E-01
  183  0.17332897E-01
  184  0.17373880E-01
  185  0.17429059E-01
  186  0.17498586E-01
  187  0.17582374E-01
  188  0.17680293E-01
  189  0.17792497E-01
  190  0.17918792E-01
  191  0.18059243E-01
  192  0.18213848E-01
  193  0.18382378E-01
  194  0.18564900E-01
  195  0.18761303E-01
  196  0.18971350E-01
  197  0.19195277E-01
  198  0.19432768E-01
  199  0.19683596E-01
  200  0.19947818E-01
  201  0.20224964E-01
  202  0.20515390E-01
  203  0.20818589E-01
  204  0.21134194E-01
  205  0.21462241E-01
  206  0.21802241E-01
  207  0.22154242E-01
  208  0.22517731E-01
  209  0.22892376E-01
  210  0.23277866E-01
  211  0.23673885E-01
  212  0.24080064E-01
  213  0.24495792E-01
  214  0.24920793E-01
  215  0.25354534E-01
  216  0.25796486E-01
  217  0.26246268E-01
  218  0.26703209E-01
  219  0.27166702E-01
  220  0.27636239E-01
  221  0.28111134E-01
  222  0.28590774E-01
  223  0.29074362E-01
  224  0.29561441E-01
  225  0.30050755E-01
  226  0.30542001E-01
  227  0.31034496E-01
  228  0.31527299E-01
  229  0.32019299E-01
  230  0.32510016E-01
  231  0.32998271E-01
  232  0.33483405E-01
  233  0.33964608E-01
  234  0.34440670E-01
  235  0.34910765E-01
  236  0.35374306E-01
  237  0.35829782E-01
  238  0.36276475E-01
  239  0.36713630E-01
  240  0.37139941E-01
  241  0.37554655E-01
  242  0.37956655E-01
  243  0.38344931E-01
  244  0.38718879E-01
  245  0.39076939E-01
  246  0.39418973E-01
  247  0.39743226E-01
  248  0.40049359E-01
  249  0.40336132E-01
  250  0.40603098E-01
  251  0.40848937E-01
  252  0.41073289E-01
  253  0.41275024E-01
  254  0.41453708E-01
  255  0.41608278E-01
  256  0.41738547E-01
  257  0.41843738E-01
  258  0.41923251E-01
  259  0.41976605E-01
  260  0.42003471E-01
  261  0.42003732E-01
  262  0.41976675E-01
  263  0.41922580E-01
  264  0.41840810E-01
  265  0.41731626E-01
  266  0.41595250E-01
  267  0.41431516E-01
  268  0.41240662E-01
  269  0.41023452E-01
  270  0.40779404E-01
  271  0.40510204E-01
  272  0.40214997E-01
  273  0.39895836E-01
  274  0.39553225E-01
  275  0.39187554E-01
  276  0.38800173E-01
  277  0.38391821E-01
  278  0.37964296E-01
  279  0.37518457E-01
  280  0.37055898E-01
  281  0.36577646E-01
  282  0.36085706E-01
  283  0.35581715E-01
  284  0.35067040E-01
  285  0.34543730E-01
  286  0.34013633E-01
  287  0.33478647E-01
  288  0.32940608E-01
  289  0.32401919E-01
  290  0.31863891E-01
  291  0.31329639E-01
  292  0.30800534E-01
  293  0.30278906E-01
  294  0.29766915E-01
  295  0.29266628E-01
  296  0.28780449E-01
  297  0.28310047E-01
  298  0.27858129E-01
  299  0.27426431E-01
  300  0.27016878E-01
  301  0.26631534E-01
  302  0.26272124E-01
  303  0.25940755E-01
  304  0.25638780E-01
  305  0.25368148E-01
  306  0.25130188E-01
  307  0.24926336E-01
  308  0.24757653E-01
  309  0.24625659E-01
  310  0.24531068E-01
  311  0.24475059E-01
  312  0.24457917E-01
  313  0.24480345E-01
  314  0.24542604E-01
  315  0.24645263E-01
  316  0.24788020E-01
  317  0.24970815E-01
  318  0.25193365E-01
  319  0.25455236E-01
  320  0.25755545E-01
  321  0.26093543E-01
  322  0.26468264E-01
  323  0.26878487E-01
  324  0.27322687E-01
  325  0.27799709E-01
  326  0.28307352E-01
  327  0.28844206E-01
  328  0.29407864E-01
  329  0.29996481E-01
  330  0.30607702E-01
  331  0.31239122E-01
  332  0.31888206E-01
  333  0.32552354E-01
  334  0.33229090E-01
  335  0.33915218E-01
  336  0.34608554E-01
  337  0.35305627E-01
  338  0.36003683E-01
  339  0.36699675E-01
  340  0.37390824E-01
  341  0.38074229E-01
  342  0.38746860E-01
  343  0.39405853E-01
  344  0.40048365E-01
  345  0.40671505E-01
  346  0.41272696E-01
  347  0.41849218E-01
  348  0.42398620E-01
  349  0.42918306E-01
  350  0.43406200E-01
  351  0.43860003E-01
  352  0.44277757E-01
  353  0.44657778E-01
  354  0.44998199E-01
  355  0.45297720E-01
  356  0.45554668E-01
  357  0.45768034E-01
  358  0.45937054E-01
  359  0.46061061E-01
  360  0.46139222E-01
 ]; 
