stt = [ 
    1  0.45225352E-01
    2  0.45211729E-01
    3  0.45152567E-01
    4  0.45048289E-01
    5  0.44899337E-01
    6  0.44706620E-01
    7  0.44470660E-01
    8  0.44192787E-01
    9  0.43874267E-01
   10  0.43516327E-01
   11  0.43120895E-01
   12  0.42689733E-01
   13  0.42224713E-01
   14  0.41727982E-01
   15  0.41201752E-01
   16  0.40648106E-01
   17  0.40070016E-01
   18  0.39469656E-01
   19  0.38849853E-01
   20  0.38213629E-01
   21  0.37562918E-01
   22  0.36901571E-01
   23  0.36231618E-01
   24  0.35556588E-01
   25  0.34878913E-01
   26  0.34201778E-01
   27  0.33527944E-01
   28  0.32860219E-01
   29  0.32201491E-01
   30  0.31554136E-01
   31  0.30921197E-01
   32  0.30304974E-01
   33  0.29708158E-01
   34  0.29132934E-01
   35  0.28581707E-01
   36  0.28056147E-01
   37  0.27558668E-01
   38  0.27090888E-01
   39  0.26654588E-01
   40  0.26251197E-01
   41  0.25882017E-01
   42  0.25548384E-01
   43  0.25251254E-01
   44  0.24991430E-01
   45  0.24769574E-01
   46  0.24586245E-01
   47  0.24441676E-01
   48  0.24336044E-01
   49  0.24269279E-01
   50  0.24241537E-01
   51  0.24251927E-01
   52  0.24300305E-01
   53  0.24385927E-01
   54  0.24508035E-01
   55  0.24665209E-01
   56  0.24857013E-01
   57  0.25081834E-01
   58  0.25338482E-01
   59  0.25625331E-01
   60  0.25940895E-01
   61  0.26283678E-01
   62  0.26651563E-01
   63  0.27043095E-01
   64  0.27456408E-01
   65  0.27889388E-01
   66  0.28340217E-01
   67  0.28806936E-01
   68  0.29286813E-01
   69  0.29778523E-01
   70  0.30280085E-01
   71  0.30789010E-01
   72  0.31303465E-01
   73  0.31821378E-01
   74  0.32340515E-01
   75  0.32859240E-01
   76  0.33375386E-01
   77  0.33887163E-01
   78  0.34392748E-01
   79  0.34890216E-01
   80  0.35378136E-01
   81  0.35854712E-01
   82  0.36318559E-01
   83  0.36767669E-01
   84  0.37201252E-01
   85  0.37617836E-01
   86  0.38015839E-01
   87  0.38394526E-01
   88  0.38752925E-01
   89  0.39089482E-01
   90  0.39404523E-01
   91  0.39695639E-01
   92  0.39963555E-01
   93  0.40207058E-01
   94  0.40425800E-01
   95  0.40619075E-01
   96  0.40787466E-01
   97  0.40929258E-01
   98  0.41045655E-01
   99  0.41136160E-01
  100  0.41200731E-01
  101  0.41239712E-01
  102  0.41252613E-01
  103  0.41240335E-01
  104  0.41202959E-01
  105  0.41140750E-01
  106  0.41054029E-01
  107  0.40943850E-01
  108  0.40810101E-01
  109  0.40653534E-01
  110  0.40475059E-01
  111  0.40274926E-01
  112  0.40054061E-01
  113  0.39813198E-01
  114  0.39553180E-01
  115  0.39274607E-01
  116  0.38978312E-01
  117  0.38665127E-01
  118  0.38336035E-01
  119  0.37991859E-01
  120  0.37633538E-01
  121  0.37261788E-01
  122  0.36877759E-01
  123  0.36481861E-01
  124  0.36075525E-01
  125  0.35659544E-01
  126  0.35234571E-01
  127  0.34801703E-01
  128  0.34361959E-01
  129  0.33916056E-01
  130  0.33464704E-01
  131  0.33009045E-01
  132  0.32549795E-01
  133  0.32087848E-01
  134  0.31624235E-01
  135  0.31159258E-01
  136  0.30694116E-01
  137  0.30229539E-01
  138  0.29766146E-01
  139  0.29304767E-01
  140  0.28846046E-01
  141  0.28390868E-01
  142  0.27939543E-01
  143  0.27493125E-01
  144  0.27051928E-01
  145  0.26616838E-01
  146  0.26188238E-01
  147  0.25766667E-01
  148  0.25352858E-01
  149  0.24947122E-01
  150  0.24550021E-01
  151  0.24162073E-01
  152  0.23783484E-01
  153  0.23415096E-01
  154  0.23056850E-01
  155  0.22709470E-01
  156  0.22373045E-01
  157  0.22047993E-01
  158  0.21734593E-01
  159  0.21433149E-01
  160  0.21143928E-01
  161  0.20867091E-01
  162  0.20602917E-01
  163  0.20351687E-01
  164  0.20113327E-01
  165  0.19888358E-01
  166  0.19676557E-01
  167  0.19478329E-01
  168  0.19293638E-01
  169  0.19122792E-01
  170  0.18965539E-01
  171  0.18822411E-01
  172  0.18693032E-01
  173  0.18577721E-01
  174  0.18476518E-01
  175  0.18389452E-01
  176  0.18316358E-01
  177  0.18257543E-01
  178  0.18212903E-01
  179  0.18182492E-01
  180  0.18166335E-01
  181  0.18164391E-01
  182  0.18176638E-01
  183  0.18203061E-01
  184  0.18243778E-01
  185  0.18298654E-01
  186  0.18367769E-01
  187  0.18450925E-01
  188  0.18548260E-01
  189  0.18659659E-01
  190  0.18784976E-01
  191  0.18924389E-01
  192  0.19077631E-01
  193  0.19244578E-01
  194  0.19425377E-01
  195  0.19619677E-01
  196  0.19827656E-01
  197  0.20048941E-01
  198  0.20283325E-01
  199  0.20530973E-01
  200  0.20791449E-01
  201  0.21064777E-01
  202  0.21350443E-01
  203  0.21648576E-01
  204  0.21958787E-01
  205  0.22280760E-01
  206  0.22614103E-01
  207  0.22958828E-01
  208  0.23314558E-01
  209  0.23680665E-01
  210  0.24056910E-01
  211  0.24443068E-01
  212  0.24838559E-01
  213  0.25242949E-01
  214  0.25655866E-01
  215  0.26076647E-01
  216  0.26504956E-01
  217  0.26940156E-01
  218  0.27381886E-01
  219  0.27829245E-01
  220  0.28281668E-01
  221  0.28738832E-01
  222  0.29199876E-01
  223  0.29663915E-01
  224  0.30130768E-01
  225  0.30599261E-01
  226  0.31068625E-01
  227  0.31538509E-01
  228  0.32007977E-01
  229  0.32475870E-01
  230  0.32941863E-01
  231  0.33404909E-01
  232  0.33864066E-01
  233  0.34318563E-01
  234  0.34767717E-01
  235  0.35210349E-01
  236  0.35645895E-01
  237  0.36073118E-01
  238  0.36491174E-01
  239  0.36899224E-01
  240  0.37296399E-01
  241  0.37681758E-01
  242  0.38054377E-01
  243  0.38413201E-01
  244  0.38757429E-01
  245  0.39086189E-01
  246  0.39398704E-01
  247  0.39693907E-01
  248  0.39971191E-01
  249  0.40229328E-01
  250  0.40468052E-01
  251  0.40685944E-01
  252  0.40882889E-01
  253  0.41057646E-01
  254  0.41209854E-01
  255  0.41338626E-01
  256  0.41443761E-01
  257  0.41524321E-01
  258  0.41579995E-01
  259  0.41610397E-01
  260  0.41614991E-01
  261  0.41593544E-01
  262  0.41546144E-01
  263  0.41471802E-01
  264  0.41371301E-01
  265  0.41244254E-01
  266  0.41090563E-01
  267  0.40910661E-01
  268  0.40704403E-01
  269  0.40472072E-01
  270  0.40214926E-01
  271  0.39932363E-01
  272  0.39626010E-01
  273  0.39295558E-01
  274  0.38942449E-01
  275  0.38567241E-01
  276  0.38171254E-01
  277  0.37755318E-01
  278  0.37320513E-01
  279  0.36868118E-01
  280  0.36399513E-01
  281  0.35916690E-01
  282  0.35420053E-01
  283  0.34912098E-01
  284  0.34394253E-01
  285  0.33868100E-01
  286  0.33335675E-01
  287  0.32798659E-01
  288  0.32259308E-01
  289  0.31719167E-01
  290  0.31180799E-01
  291  0.30645857E-01
  292  0.30116392E-01
  293  0.29594848E-01
  294  0.29083194E-01
  295  0.28583171E-01
  296  0.28097341E-01
  297  0.27627824E-01
  298  0.27176399E-01
  299  0.26745323E-01
  300  0.26336424E-01
  301  0.25951738E-01
  302  0.25593108E-01
  303  0.25262041E-01
  304  0.24960691E-01
  305  0.24689944E-01
  306  0.24452092E-01
  307  0.24248231E-01
  308  0.24079360E-01
  309  0.23946723E-01
  310  0.23851469E-01
  311  0.23794290E-01
  312  0.23775976E-01
  313  0.23796670E-01
  314  0.23857240E-01
  315  0.23957632E-01
  316  0.24097912E-01
  317  0.24277870E-01
  318  0.24497291E-01
  319  0.24755752E-01
  320  0.25052102E-01
  321  0.25386073E-01
  322  0.25756134E-01
  323  0.26161570E-01
  324  0.26600664E-01
  325  0.27071821E-01
  326  0.27573986E-01
  327  0.28104499E-01
  328  0.28661929E-01
  329  0.29243680E-01
  330  0.29847976E-01
  331  0.30472165E-01
  332  0.31113822E-01
  333  0.31770382E-01
  334  0.32439221E-01
  335  0.33117693E-01
  336  0.33802599E-01
  337  0.34491517E-01
  338  0.35181329E-01
  339  0.35869107E-01
  340  0.36552142E-01
  341  0.37227403E-01
  342  0.37892066E-01
  343  0.38543019E-01
  344  0.39177608E-01
  345  0.39793342E-01
  346  0.40387027E-01
  347  0.40956602E-01
  348  0.41499022E-01
  349  0.42012408E-01
  350  0.42494174E-01
  351  0.42942468E-01
  352  0.43355033E-01
  353  0.43730304E-01
  354  0.44066418E-01
  355  0.44362124E-01
  356  0.44615917E-01
  357  0.44826925E-01
  358  0.44993807E-01
  359  0.45116358E-01
  360  0.45193434E-01
 ]; 
