spt = [ 
    1  0.34436856E-04
    2  0.34389595E-04
    3  0.34323773E-04
    4  0.34240504E-04
    5  0.34139302E-04
    6  0.34021108E-04
    7  0.33885972E-04
    8  0.33734497E-04
    9  0.33566510E-04
   10  0.33383141E-04
   11  0.33183660E-04
   12  0.32969070E-04
   13  0.32740427E-04
   14  0.32496413E-04
   15  0.32239343E-04
   16  0.31968058E-04
   17  0.31684074E-04
   18  0.31387233E-04
   19  0.31078256E-04
   20  0.30757190E-04
   21  0.30424779E-04
   22  0.30081883E-04
   23  0.29728044E-04
   24  0.29364553E-04
   25  0.28991317E-04
   26  0.28609169E-04
   27  0.28218890E-04
   28  0.27819944E-04
   29  0.27413367E-04
   30  0.27000207E-04
   31  0.26579881E-04
   32  0.26153652E-04
   33  0.25721236E-04
   34  0.25283911E-04
   35  0.24842087E-04
   36  0.24395471E-04
   37  0.23945302E-04
   38  0.23492265E-04
   39  0.23035060E-04
   40  0.22575969E-04
   41  0.22115019E-04
   42  0.21653646E-04
   43  0.21190041E-04
   44  0.20725452E-04
   45  0.20261607E-04
   46  0.19797057E-04
   47  0.19333529E-04
   48  0.18871604E-04
   49  0.18410958E-04
   50  0.17952540E-04
   51  0.17495866E-04
   52  0.17042272E-04
   53  0.16591554E-04
   54  0.16144497E-04
   55  0.15701637E-04
   56  0.15262860E-04
   57  0.14828714E-04
   58  0.14399324E-04
   59  0.13975610E-04
   60  0.13557285E-04
   61  0.13144437E-04
   62  0.12738183E-04
   63  0.12338603E-04
   64  0.11945159E-04
   65  0.11559503E-04
   66  0.11180529E-04
   67  0.10808807E-04
   68  0.10445031E-04
   69  0.10089263E-04
   70  0.97411694E-05
   71  0.94012203E-05
   72  0.90694857E-05
   73  0.87458911E-05
   74  0.84308431E-05
   75  0.81244189E-05
   76  0.78265384E-05
   77  0.75375433E-05
   78  0.72566277E-05
   79  0.69843736E-05
   80  0.67209780E-05
   81  0.64658379E-05
   82  0.62196232E-05
   83  0.59817994E-05
   84  0.57520283E-05
   85  0.55309188E-05
   86  0.53175027E-05
   87  0.51128459E-05
   88  0.49153482E-05
   89  0.47259127E-05
   90  0.45442939E-05
   91  0.43700943E-05
   92  0.42032725E-05
   93  0.40433829E-05
   94  0.38906792E-05
   95  0.37447148E-05
   96  0.36055028E-05
   97  0.34724574E-05
   98  0.33457720E-05
   99  0.32253463E-05
  100  0.31103198E-05
  101  0.30010640E-05
  102  0.28973818E-05
  103  0.27990859E-05
  104  0.27058529E-05
  105  0.26172063E-05
  106  0.25332815E-05
  107  0.24540693E-05
  108  0.23793016E-05
  109  0.23084312E-05
  110  0.22416934E-05
  111  0.21787428E-05
  112  0.21193682E-05
  113  0.20636710E-05
  114  0.20111156E-05
  115  0.19619204E-05
  116  0.19155877E-05
  117  0.18721960E-05
  118  0.18317512E-05
  119  0.17934267E-05
  120  0.17580672E-05
  121  0.17249363E-05
  122  0.16941233E-05
  123  0.16651674E-05
  124  0.16380698E-05
  125  0.16132906E-05
  126  0.15900049E-05
  127  0.15684235E-05
  128  0.15483187E-05
  129  0.15296918E-05
  130  0.15122405E-05
  131  0.14961008E-05
  132  0.14811477E-05
  133  0.14669919E-05
  134  0.14538957E-05
  135  0.14415897E-05
  136  0.14301139E-05
  137  0.14192048E-05
  138  0.14088597E-05
  139  0.13990904E-05
  140  0.13896271E-05
  141  0.13805527E-05
  142  0.13719003E-05
  143  0.13632101E-05
  144  0.13547481E-05
  145  0.13464144E-05
  146  0.13380175E-05
  147  0.13296619E-05
  148  0.13211092E-05
  149  0.13125056E-05
  150  0.13036779E-05
  151  0.12946316E-05
  152  0.12852636E-05
  153  0.12757682E-05
  154  0.12658616E-05
  155  0.12556313E-05
  156  0.12449974E-05
  157  0.12340387E-05
  158  0.12226707E-05
  159  0.12109178E-05
  160  0.11987329E-05
  161  0.11862179E-05
  162  0.11732715E-05
  163  0.11599291E-05
  164  0.11461502E-05
  165  0.11320345E-05
  166  0.11174865E-05
  167  0.11026127E-05
  168  0.10874794E-05
  169  0.10719369E-05
  170  0.10561222E-05
  171  0.10401036E-05
  172  0.10237736E-05
  173  0.10071817E-05
  174  0.99046269E-06
  175  0.97353757E-06
  176  0.95645362E-06
  177  0.93925507E-06
  178  0.92196194E-06
  179  0.90464692E-06
  180  0.88727421E-06
  181  0.86988564E-06
  182  0.85246745E-06
  183  0.83517443E-06
  184  0.81796185E-06
  185  0.80079502E-06
  186  0.78377059E-06
  187  0.76688832E-06
  188  0.75021455E-06
  189  0.73370040E-06
  190  0.71746405E-06
  191  0.70140942E-06
  192  0.68561911E-06
  193  0.67011416E-06
  194  0.65488433E-06
  195  0.63999704E-06
  196  0.62545473E-06
  197  0.61114434E-06
  198  0.59725119E-06
  199  0.58377441E-06
  200  0.57065682E-06
  201  0.55789224E-06
  202  0.54555841E-06
  203  0.53359406E-06
  204  0.52207673E-06
  205  0.51095435E-06
  206  0.50028268E-06
  207  0.49007940E-06
  208  0.48028431E-06
  209  0.47099343E-06
  210  0.46209848E-06
  211  0.45376191E-06
  212  0.44584516E-06
  213  0.43841061E-06
  214  0.43145505E-06
  215  0.42500281E-06
  216  0.41908950E-06
  217  0.41364061E-06
  218  0.40873456E-06
  219  0.40429978E-06
  220  0.40043389E-06
  221  0.39710790E-06
  222  0.39437967E-06
  223  0.39219250E-06
  224  0.39061234E-06
  225  0.38959462E-06
  226  0.38919922E-06
  227  0.38948144E-06
  228  0.39035106E-06
  229  0.39198213E-06
  230  0.39429909E-06
  231  0.39735053E-06
  232  0.40116046E-06
  233  0.40585587E-06
  234  0.41135445E-06
  235  0.41776536E-06
  236  0.42503967E-06
  237  0.43335652E-06
  238  0.44271709E-06
  239  0.45325027E-06
  240  0.46491056E-06
  241  0.47772392E-06
  242  0.49202782E-06
  243  0.50765703E-06
  244  0.52477566E-06
  245  0.54353734E-06
  246  0.56417514E-06
  247  0.58639171E-06
  248  0.61083335E-06
  249  0.63725798E-06
  250  0.66603502E-06
  251  0.69710427E-06
  252  0.73080139E-06
  253  0.76722944E-06
  254  0.80672845E-06
  255  0.84941598E-06
  256  0.89556681E-06
  257  0.94518970E-06
  258  0.99871784E-06
  259  0.10562761E-05
  260  0.11181902E-05
  261  0.11846985E-05
  262  0.12562881E-05
  263  0.13330666E-05
  264  0.14153004E-05
  265  0.15034733E-05
  266  0.15976676E-05
  267  0.16987726E-05
  268  0.18063131E-05
  269  0.19210645E-05
  270  0.20435075E-05
  271  0.21736744E-05
  272  0.23122645E-05
  273  0.24595195E-05
  274  0.26152666E-05
  275  0.27810668E-05
  276  0.29560465E-05
  277  0.31408715E-05
  278  0.33362758E-05
  279  0.35425287E-05
  280  0.37593561E-05
  281  0.39874976E-05
  282  0.42275506E-05
  283  0.44787566E-05
  284  0.47423532E-05
  285  0.50180679E-05
  286  0.53063541E-05
  287  0.56067997E-05
  288  0.59202989E-05
  289  0.62466897E-05
  290  0.65854074E-05
  291  0.69377238E-05
  292  0.73019191E-05
  293  0.76794340E-05
  294  0.80698410E-05
  295  0.84722742E-05
  296  0.88877796E-05
  297  0.93155495E-05
  298  0.97546963E-05
  299  0.10206179E-04
  300  0.10668477E-04
  301  0.11141862E-04
  302  0.11625824E-04
  303  0.12120409E-04
  304  0.12624395E-04
  305  0.13137351E-04
  306  0.13658988E-04
  307  0.14188494E-04
  308  0.14724606E-04
  309  0.15268295E-04
  310  0.15817748E-04
  311  0.16372443E-04
  312  0.16931286E-04
  313  0.17493852E-04
  314  0.18059960E-04
  315  0.18627745E-04
  316  0.19197092E-04
  317  0.19766429E-04
  318  0.20334825E-04
  319  0.20903159E-04
  320  0.21468710E-04
  321  0.22031600E-04
  322  0.22590561E-04
  323  0.23145274E-04
  324  0.23693901E-04
  325  0.24236468E-04
  326  0.24771482E-04
  327  0.25299143E-04
  328  0.25817639E-04
  329  0.26326619E-04
  330  0.26825754E-04
  331  0.27312803E-04
  332  0.27788370E-04
  333  0.28252063E-04
  334  0.28702882E-04
  335  0.29139153E-04
  336  0.29561546E-04
  337  0.29969335E-04
  338  0.30361693E-04
  339  0.30737847E-04
  340  0.31097989E-04
  341  0.31441570E-04
  342  0.31767653E-04
  343  0.32076801E-04
  344  0.32367181E-04
  345  0.32640284E-04
  346  0.32894495E-04
  347  0.33130978E-04
  348  0.33348122E-04
  349  0.33546385E-04
  350  0.33725326E-04
  351  0.33885797E-04
  352  0.34026711E-04
  353  0.34148386E-04
  354  0.34250821E-04
  355  0.34334258E-04
  356  0.34398512E-04
  357  0.34443987E-04
  358  0.34470169E-04
  359  0.34477656E-04
  360  0.34466713E-04
 ]; 
