spt = [ 
    1  0.34581073E-04
    2  0.34540863E-04
    3  0.34481713E-04
    4  0.34404511E-04
    5  0.34309309E-04
    6  0.34196695E-04
    7  0.34066819E-04
    8  0.33919925E-04
    9  0.33756576E-04
   10  0.33576915E-04
   11  0.33381075E-04
   12  0.33169879E-04
   13  0.32943528E-04
   14  0.32702206E-04
   15  0.32446973E-04
   16  0.32177453E-04
   17  0.31894459E-04
   18  0.31598833E-04
   19  0.31290099E-04
   20  0.30969739E-04
   21  0.30637035E-04
   22  0.30293313E-04
   23  0.29939509E-04
   24  0.29575032E-04
   25  0.29200390E-04
   26  0.28816481E-04
   27  0.28423858E-04
   28  0.28023152E-04
   29  0.27614340E-04
   30  0.27197839E-04
   31  0.26775060E-04
   32  0.26345551E-04
   33  0.25910682E-04
   34  0.25469995E-04
   35  0.25024530E-04
   36  0.24574452E-04
   37  0.24120487E-04
   38  0.23662365E-04
   39  0.23202618E-04
   40  0.22739159E-04
   41  0.22274460E-04
   42  0.21807940E-04
   43  0.21339940E-04
   44  0.20871019E-04
   45  0.20402811E-04
   46  0.19934303E-04
   47  0.19467056E-04
   48  0.19000807E-04
   49  0.18535848E-04
   50  0.18072698E-04
   51  0.17612336E-04
   52  0.17154332E-04
   53  0.16700229E-04
   54  0.16248991E-04
   55  0.15801956E-04
   56  0.15358995E-04
   57  0.14920841E-04
   58  0.14488225E-04
   59  0.14060684E-04
   60  0.13638788E-04
   61  0.13223365E-04
   62  0.12813633E-04
   63  0.12410555E-04
   64  0.12014306E-04
   65  0.11625294E-04
   66  0.11243841E-04
   67  0.10869522E-04
   68  0.10502951E-04
   69  0.10144594E-04
   70  0.97941902E-05
   71  0.94519946E-05
   72  0.91180837E-05
   73  0.87930057E-05
   74  0.84757294E-05
   75  0.81676744E-05
   76  0.78680814E-05
   77  0.75767916E-05
   78  0.72947691E-05
   79  0.70211031E-05
   80  0.67564033E-05
   81  0.65001545E-05
   82  0.62524200E-05
   83  0.60135112E-05
   84  0.57828343E-05
   85  0.55605256E-05
   86  0.53465919E-05
   87  0.51408933E-05
   88  0.49431137E-05
   89  0.47528674E-05
   90  0.45706770E-05
   91  0.43959130E-05
   92  0.42288852E-05
   93  0.40685895E-05
   94  0.39153997E-05
   95  0.37694322E-05
   96  0.36299168E-05
   97  0.34968632E-05
   98  0.33700451E-05
   99  0.32493331E-05
  100  0.31346142E-05
  101  0.30256072E-05
  102  0.29220330E-05
  103  0.28238298E-05
  104  0.27306312E-05
  105  0.26425296E-05
  106  0.25589604E-05
  107  0.24799892E-05
  108  0.24055428E-05
  109  0.23351854E-05
  110  0.22688357E-05
  111  0.22064578E-05
  112  0.21477285E-05
  113  0.20924460E-05
  114  0.20405964E-05
  115  0.19918202E-05
  116  0.19463553E-05
  117  0.19038063E-05
  118  0.18637546E-05
  119  0.18263638E-05
  120  0.17916525E-05
  121  0.17592938E-05
  122  0.17289517E-05
  123  0.17009676E-05
  124  0.16748456E-05
  125  0.16508336E-05
  126  0.16282784E-05
  127  0.16072994E-05
  128  0.15880486E-05
  129  0.15701465E-05
  130  0.15535283E-05
  131  0.15382066E-05
  132  0.15239943E-05
  133  0.15107483E-05
  134  0.14983773E-05
  135  0.14868706E-05
  136  0.14760756E-05
  137  0.14660141E-05
  138  0.14564529E-05
  139  0.14474634E-05
  140  0.14387439E-05
  141  0.14303296E-05
  142  0.14222386E-05
  143  0.14143365E-05
  144  0.14064652E-05
  145  0.13988257E-05
  146  0.13909930E-05
  147  0.13832021E-05
  148  0.13753037E-05
  149  0.13672932E-05
  150  0.13589301E-05
  151  0.13504352E-05
  152  0.13416358E-05
  153  0.13325307E-05
  154  0.13230812E-05
  155  0.13133346E-05
  156  0.13031296E-05
  157  0.12925284E-05
  158  0.12815309E-05
  159  0.12700810E-05
  160  0.12582175E-05
  161  0.12460274E-05
  162  0.12332796E-05
  163  0.12200722E-05
  164  0.12065047E-05
  165  0.11925958E-05
  166  0.11781248E-05
  167  0.11633663E-05
  168  0.11482485E-05
  169  0.11327836E-05
  170  0.11169723E-05
  171  0.11008308E-05
  172  0.10844519E-05
  173  0.10677654E-05
  174  0.10508393E-05
  175  0.10337259E-05
  176  0.10163867E-05
  177  0.99896465E-06
  178  0.98139299E-06
  179  0.96373674E-06
  180  0.94597772E-06
  181  0.92821915E-06
  182  0.91042665E-06
  183  0.89263455E-06
  184  0.87493447E-06
  185  0.85724474E-06
  186  0.83968541E-06
  187  0.82227098E-06
  188  0.80496528E-06
  189  0.78784012E-06
  190  0.77091539E-06
  191  0.75421860E-06
  192  0.73773077E-06
  193  0.72154825E-06
  194  0.70555853E-06
  195  0.68989567E-06
  196  0.67455602E-06
  197  0.65958494E-06
  198  0.64493395E-06
  199  0.63055268E-06
  200  0.61662587E-06
  201  0.60305666E-06
  202  0.58989036E-06
  203  0.57710776E-06
  204  0.56481178E-06
  205  0.55286301E-06
  206  0.54142328E-06
  207  0.53041441E-06
  208  0.51982386E-06
  209  0.50970465E-06
  210  0.50007753E-06
  211  0.49086589E-06
  212  0.48219414E-06
  213  0.47399061E-06
  214  0.46628989E-06
  215  0.45909582E-06
  216  0.45243851E-06
  217  0.44620106E-06
  218  0.44057774E-06
  219  0.43545057E-06
  220  0.43091694E-06
  221  0.42690030E-06
  222  0.42348631E-06
  223  0.42058358E-06
  224  0.41828639E-06
  225  0.41651373E-06
  226  0.41550857E-06
  227  0.41497131E-06
  228  0.41514707E-06
  229  0.41602939E-06
  230  0.41753725E-06
  231  0.41971609E-06
  232  0.42278248E-06
  233  0.42651018E-06
  234  0.43116694E-06
  235  0.43652781E-06
  236  0.44284297E-06
  237  0.45004140E-06
  238  0.45822264E-06
  239  0.46760076E-06
  240  0.47780907E-06
  241  0.48955047E-06
  242  0.50223929E-06
  243  0.51633657E-06
  244  0.53188069E-06
  245  0.54890694E-06
  246  0.56766430E-06
  247  0.58808712E-06
  248  0.61038065E-06
  249  0.63475335E-06
  250  0.66117360E-06
  251  0.68995359E-06
  252  0.72128444E-06
  253  0.75507461E-06
  254  0.79184775E-06
  255  0.83173387E-06
  256  0.87481402E-06
  257  0.92124634E-06
  258  0.97152963E-06
  259  0.10257031E-05
  260  0.10842556E-05
  261  0.11472982E-05
  262  0.12152337E-05
  263  0.12880315E-05
  264  0.13662620E-05
  265  0.14503390E-05
  266  0.15405282E-05
  267  0.16372014E-05
  268  0.17403418E-05
  269  0.18508438E-05
  270  0.19683355E-05
  271  0.20939904E-05
  272  0.22275642E-05
  273  0.23699674E-05
  274  0.25212914E-05
  275  0.26818782E-05
  276  0.28517807E-05
  277  0.30316157E-05
  278  0.32216212E-05
  279  0.34225925E-05
  280  0.36347012E-05
  281  0.38576027E-05
  282  0.40917976E-05
  283  0.43381633E-05
  284  0.45965444E-05
  285  0.48668799E-05
  286  0.51499601E-05
  287  0.54451193E-05
  288  0.57535954E-05
  289  0.60747598E-05
  290  0.64085625E-05
  291  0.67553710E-05
  292  0.71155609E-05
  293  0.74883819E-05
  294  0.78739222E-05
  295  0.82725819E-05
  296  0.86833770E-05
  297  0.91069724E-05
  298  0.95427531E-05
  299  0.99903364E-05
  300  0.10449253E-04
  301  0.10919865E-04
  302  0.11401284E-04
  303  0.11892394E-04
  304  0.12394318E-04
  305  0.12904552E-04
  306  0.13425292E-04
  307  0.13952692E-04
  308  0.14489269E-04
  309  0.15031905E-04
  310  0.15581176E-04
  311  0.16135074E-04
  312  0.16695258E-04
  313  0.17259024E-04
  314  0.17825796E-04
  315  0.18395942E-04
  316  0.18966948E-04
  317  0.19539071E-04
  318  0.20111405E-04
  319  0.20683046E-04
  320  0.21252674E-04
  321  0.21819949E-04
  322  0.22383623E-04
  323  0.22944039E-04
  324  0.23497571E-04
  325  0.24046660E-04
  326  0.24587773E-04
  327  0.25122685E-04
  328  0.25648675E-04
  329  0.26164891E-04
  330  0.26671731E-04
  331  0.27168300E-04
  332  0.27652508E-04
  333  0.28124894E-04
  334  0.28584740E-04
  335  0.29030760E-04
  336  0.29463190E-04
  337  0.29880855E-04
  338  0.30283136E-04
  339  0.30670071E-04
  340  0.31039959E-04
  341  0.31394127E-04
  342  0.31730939E-04
  343  0.32050473E-04
  344  0.32351662E-04
  345  0.32635500E-04
  346  0.32900520E-04
  347  0.33146953E-04
  348  0.33374516E-04
  349  0.33583110E-04
  350  0.33772787E-04
  351  0.33942786E-04
  352  0.34093326E-04
  353  0.34224799E-04
  354  0.34336892E-04
  355  0.34429562E-04
  356  0.34502576E-04
  357  0.34556520E-04
  358  0.34591292E-04
  359  0.34606823E-04
  360  0.34603163E-04
 ]; 
