stt = [ 
    1  0.45626163E-01
    2  0.45613360E-01
    3  0.45554917E-01
    4  0.45451209E-01
    5  0.45302909E-01
    6  0.45110226E-01
    7  0.44874519E-01
    8  0.44596743E-01
    9  0.44278048E-01
   10  0.43920197E-01
   11  0.43524500E-01
   12  0.43093018E-01
   13  0.42627506E-01
   14  0.42130359E-01
   15  0.41603420E-01
   16  0.41049540E-01
   17  0.40470712E-01
   18  0.39869770E-01
   19  0.39249379E-01
   20  0.38612191E-01
   21  0.37961163E-01
   22  0.37298873E-01
   23  0.36628637E-01
   24  0.35952900E-01
   25  0.35274919E-01
   26  0.34597371E-01
   27  0.33923265E-01
   28  0.33254988E-01
   29  0.32596044E-01
   30  0.31948708E-01
   31  0.31315666E-01
   32  0.30699685E-01
   33  0.30102909E-01
   34  0.29527906E-01
   35  0.28976742E-01
   36  0.28451774E-01
   37  0.27954716E-01
   38  0.27487470E-01
   39  0.27051760E-01
   40  0.26648931E-01
   41  0.26280550E-01
   42  0.25947655E-01
   43  0.25651272E-01
   44  0.25392191E-01
   45  0.25171192E-01
   46  0.24988854E-01
   47  0.24845108E-01
   48  0.24740323E-01
   49  0.24674648E-01
   50  0.24647580E-01
   51  0.24658844E-01
   52  0.24707919E-01
   53  0.24794150E-01
   54  0.24916733E-01
   55  0.25074763E-01
   56  0.25266809E-01
   57  0.25491962E-01
   58  0.25748819E-01
   59  0.26035700E-01
   60  0.26351368E-01
   61  0.26693894E-01
   62  0.27061535E-01
   63  0.27452638E-01
   64  0.27865056E-01
   65  0.28297445E-01
   66  0.28746897E-01
   67  0.29212201E-01
   68  0.29690670E-01
   69  0.30180940E-01
   70  0.30680129E-01
   71  0.31186860E-01
   72  0.31698603E-01
   73  0.32213587E-01
   74  0.32729410E-01
   75  0.33244744E-01
   76  0.33756979E-01
   77  0.34264680E-01
   78  0.34765624E-01
   79  0.35258539E-01
   80  0.35741083E-01
   81  0.36211945E-01
   82  0.36669523E-01
   83  0.37112251E-01
   84  0.37539106E-01
   85  0.37948132E-01
   86  0.38338445E-01
   87  0.38709108E-01
   88  0.39058488E-01
   89  0.39386511E-01
   90  0.39691478E-01
   91  0.39972909E-01
   92  0.40230125E-01
   93  0.40462598E-01
   94  0.40669981E-01
   95  0.40851697E-01
   96  0.41007444E-01
   97  0.41136771E-01
   98  0.41240323E-01
   99  0.41317165E-01
  100  0.41367814E-01
  101  0.41392449E-01
  102  0.41390900E-01
  103  0.41363444E-01
  104  0.41310851E-01
  105  0.41232992E-01
  106  0.41130740E-01
  107  0.41004241E-01
  108  0.40854242E-01
  109  0.40681452E-01
  110  0.40486138E-01
  111  0.40269617E-01
  112  0.40031925E-01
  113  0.39774179E-01
  114  0.39497290E-01
  115  0.39201718E-01
  116  0.38888730E-01
  117  0.38558993E-01
  118  0.38213253E-01
  119  0.37852798E-01
  120  0.37478074E-01
  121  0.37090424E-01
  122  0.36690433E-01
  123  0.36279291E-01
  124  0.35857879E-01
  125  0.35426930E-01
  126  0.34987684E-01
  127  0.34540854E-01
  128  0.34087408E-01
  129  0.33628326E-01
  130  0.33164255E-01
  131  0.32696441E-01
  132  0.32225549E-01
  133  0.31752415E-01
  134  0.31278014E-01
  135  0.30802902E-01
  136  0.30328261E-01
  137  0.29854568E-01
  138  0.29382696E-01
  139  0.28913384E-01
  140  0.28447200E-01
  141  0.27985008E-01
  142  0.27527442E-01
  143  0.27075257E-01
  144  0.26628764E-01
  145  0.26188923E-01
  146  0.25756005E-01
  147  0.25330625E-01
  148  0.24913363E-01
  149  0.24504794E-01
  150  0.24105167E-01
  151  0.23715142E-01
  152  0.23334928E-01
  153  0.22965116E-01
  154  0.22605851E-01
  155  0.22257740E-01
  156  0.21920888E-01
  157  0.21595702E-01
  158  0.21282393E-01
  159  0.20981232E-01
  160  0.20692496E-01
  161  0.20416401E-01
  162  0.20152988E-01
  163  0.19902736E-01
  164  0.19665593E-01
  165  0.19441618E-01
  166  0.19231139E-01
  167  0.19034117E-01
  168  0.18850829E-01
  169  0.18681215E-01
  170  0.18525315E-01
  171  0.18383328E-01
  172  0.18255269E-01
  173  0.18141236E-01
  174  0.18041125E-01
  175  0.17955039E-01
  176  0.17883087E-01
  177  0.17825218E-01
  178  0.17781423E-01
  179  0.17751720E-01
  180  0.17736180E-01
  181  0.17734753E-01
  182  0.17747555E-01
  183  0.17774338E-01
  184  0.17815290E-01
  185  0.17870273E-01
  186  0.17939437E-01
  187  0.18022526E-01
  188  0.18119752E-01
  189  0.18230923E-01
  190  0.18356085E-01
  191  0.18494990E-01
  192  0.18647881E-01
  193  0.18814504E-01
  194  0.18994786E-01
  195  0.19188644E-01
  196  0.19396201E-01
  197  0.19616827E-01
  198  0.19851027E-01
  199  0.20098338E-01
  200  0.20358603E-01
  201  0.20631660E-01
  202  0.20917419E-01
  203  0.21215554E-01
  204  0.21525880E-01
  205  0.21848399E-01
  206  0.22182442E-01
  207  0.22527922E-01
  208  0.22884496E-01
  209  0.23252044E-01
  210  0.23629965E-01
  211  0.24017932E-01
  212  0.24415722E-01
  213  0.24822686E-01
  214  0.25238505E-01
  215  0.25662608E-01
  216  0.26094571E-01
  217  0.26534026E-01
  218  0.26980158E-01
  219  0.27432565E-01
  220  0.27890362E-01
  221  0.28353417E-01
  222  0.28820738E-01
  223  0.29291900E-01
  224  0.29765971E-01
  225  0.30242160E-01
  226  0.30720135E-01
  227  0.31198585E-01
  228  0.31677309E-01
  229  0.32155152E-01
  230  0.32631371E-01
  231  0.33105128E-01
  232  0.33575535E-01
  233  0.34041893E-01
  234  0.34503091E-01
  235  0.34958113E-01
  236  0.35406347E-01
  237  0.35846766E-01
  238  0.36278512E-01
  239  0.36700316E-01
  240  0.37111785E-01
  241  0.37511729E-01
  242  0.37898809E-01
  243  0.38272757E-01
  244  0.38632113E-01
  245  0.38976483E-01
  246  0.39304409E-01
  247  0.39615452E-01
  248  0.39907999E-01
  249  0.40181946E-01
  250  0.40436096E-01
  251  0.40669870E-01
  252  0.40882397E-01
  253  0.41072823E-01
  254  0.41240592E-01
  255  0.41384529E-01
  256  0.41504830E-01
  257  0.41600365E-01
  258  0.41670863E-01
  259  0.41715581E-01
  260  0.41734535E-01
  261  0.41727096E-01
  262  0.41693248E-01
  263  0.41632157E-01
  264  0.41544657E-01
  265  0.41430101E-01
  266  0.41288313E-01
  267  0.41120395E-01
  268  0.40925737E-01
  269  0.40704455E-01
  270  0.40457703E-01
  271  0.40185668E-01
  272  0.39888717E-01
  273  0.39567765E-01
  274  0.39223514E-01
  275  0.38856808E-01
  276  0.38468681E-01
  277  0.38060326E-01
  278  0.37632808E-01
  279  0.37187319E-01
  280  0.36725122E-01
  281  0.36247917E-01
  282  0.35757210E-01
  283  0.35254195E-01
  284  0.34741029E-01
  285  0.34219388E-01
  286  0.33690892E-01
  287  0.33157546E-01
  288  0.32621447E-01
  289  0.32084554E-01
  290  0.31548679E-01
  291  0.31015968E-01
  292  0.30488810E-01
  293  0.29968744E-01
  294  0.29458188E-01
  295  0.28959664E-01
  296  0.28474940E-01
  297  0.28006028E-01
  298  0.27555116E-01
  299  0.27124329E-01
  300  0.26715441E-01
  301  0.26330555E-01
  302  0.25971590E-01
  303  0.25640225E-01
  304  0.25338167E-01
  305  0.25066786E-01
  306  0.24828047E-01
  307  0.24623150E-01
  308  0.24453219E-01
  309  0.24319580E-01
  310  0.24223046E-01
  311  0.24164692E-01
  312  0.24144998E-01
  313  0.24164535E-01
  314  0.24223719E-01
  315  0.24322847E-01
  316  0.24461780E-01
  317  0.24640534E-01
  318  0.24858739E-01
  319  0.25115853E-01
  320  0.25411481E-01
  321  0.25744239E-01
  322  0.26113581E-01
  323  0.26518261E-01
  324  0.26956690E-01
  325  0.27427431E-01
  326  0.27928907E-01
  327  0.28459199E-01
  328  0.29016417E-01
  329  0.29598460E-01
  330  0.30202881E-01
  331  0.30827308E-01
  332  0.31469442E-01
  333  0.32126836E-01
  334  0.32796338E-01
  335  0.33475801E-01
  336  0.34161758E-01
  337  0.34851771E-01
  338  0.35542909E-01
  339  0.36232285E-01
  340  0.36916859E-01
  341  0.37593704E-01
  342  0.38259931E-01
  343  0.38913067E-01
  344  0.39549541E-01
  345  0.40167030E-01
  346  0.40762872E-01
  347  0.41334182E-01
  348  0.41878883E-01
  349  0.42394154E-01
  350  0.42878021E-01
  351  0.43328203E-01
  352  0.43742608E-01
  353  0.44119816E-01
  354  0.44457637E-01
  355  0.44754982E-01
  356  0.45010228E-01
  357  0.45222741E-01
  358  0.45390967E-01
  359  0.45514792E-01
  360  0.45593385E-01
 ]; 
