stt = [ 
    1  0.44971373E-01
    2  0.44957776E-01
    3  0.44899069E-01
    4  0.44795431E-01
    5  0.44647701E-01
    6  0.44456106E-01
    7  0.44221696E-01
    8  0.43945611E-01
    9  0.43629270E-01
   10  0.43273728E-01
   11  0.42881016E-01
   12  0.42452518E-01
   13  0.41990556E-01
   14  0.41497029E-01
   15  0.40974263E-01
   16  0.40424444E-01
   17  0.39850168E-01
   18  0.39253794E-01
   19  0.38638245E-01
   20  0.38005870E-01
   21  0.37359834E-01
   22  0.36702733E-01
   23  0.36037408E-01
   24  0.35366863E-01
   25  0.34693990E-01
   26  0.34021445E-01
   27  0.33352129E-01
   28  0.32688975E-01
   29  0.32034714E-01
   30  0.31392027E-01
   31  0.30763412E-01
   32  0.30151773E-01
   33  0.29559013E-01
   34  0.28987898E-01
   35  0.28440472E-01
   36  0.27918788E-01
   37  0.27425066E-01
   38  0.26960690E-01
   39  0.26527746E-01
   40  0.26127307E-01
   41  0.25761038E-01
   42  0.25430001E-01
   43  0.25135217E-01
   44  0.24877600E-01
   45  0.24657730E-01
   46  0.24476068E-01
   47  0.24333000E-01
   48  0.24228619E-01
   49  0.24162836E-01
   50  0.24135752E-01
   51  0.24146624E-01
   52  0.24195151E-01
   53  0.24280639E-01
   54  0.24402080E-01
   55  0.24558987E-01
   56  0.24750050E-01
   57  0.24973681E-01
   58  0.25229067E-01
   59  0.25514618E-01
   60  0.25828460E-01
   61  0.26169352E-01
   62  0.26535403E-01
   63  0.26924871E-01
   64  0.27335642E-01
   65  0.27766204E-01
   66  0.28214455E-01
   67  0.28678130E-01
   68  0.29155700E-01
   69  0.29644486E-01
   70  0.30142967E-01
   71  0.30649049E-01
   72  0.31160666E-01
   73  0.31675294E-01
   74  0.32191470E-01
   75  0.32707270E-01
   76  0.33220377E-01
   77  0.33729456E-01
   78  0.34232363E-01
   79  0.34727231E-01
   80  0.35212509E-01
   81  0.35686567E-01
   82  0.36148019E-01
   83  0.36595333E-01
   84  0.37027068E-01
   85  0.37441757E-01
   86  0.37838336E-01
   87  0.38215801E-01
   88  0.38573161E-01
   89  0.38908880E-01
   90  0.39223120E-01
   91  0.39514206E-01
   92  0.39781902E-01
   93  0.40025562E-01
   94  0.40244758E-01
   95  0.40439066E-01
   96  0.40608007E-01
   97  0.40751755E-01
   98  0.40869914E-01
   99  0.40962413E-01
  100  0.41029073E-01
  101  0.41070476E-01
  102  0.41086487E-01
  103  0.41077498E-01
  104  0.41043386E-01
  105  0.40984914E-01
  106  0.40902302E-01
  107  0.40796340E-01
  108  0.40667057E-01
  109  0.40515453E-01
  110  0.40341776E-01
  111  0.40146958E-01
  112  0.39931785E-01
  113  0.39696749E-01
  114  0.39442338E-01
  115  0.39169688E-01
  116  0.38879655E-01
  117  0.38572978E-01
  118  0.38250465E-01
  119  0.37912868E-01
  120  0.37561331E-01
  121  0.37196219E-01
  122  0.36819037E-01
  123  0.36430288E-01
  124  0.36031090E-01
  125  0.35622101E-01
  126  0.35204258E-01
  127  0.34778628E-01
  128  0.34345910E-01
  129  0.33906851E-01
  130  0.33462755E-01
  131  0.33013977E-01
  132  0.32561753E-01
  133  0.32106671E-01
  134  0.31649761E-01
  135  0.31191386E-01
  136  0.30732876E-01
  137  0.30274644E-01
  138  0.29817600E-01
  139  0.29362263E-01
  140  0.28909696E-01
  141  0.28460341E-01
  142  0.28014828E-01
  143  0.27573911E-01
  144  0.27138030E-01
  145  0.26708115E-01
  146  0.26284579E-01
  147  0.25867917E-01
  148  0.25458718E-01
  149  0.25057489E-01
  150  0.24664760E-01
  151  0.24280934E-01
  152  0.23906430E-01
  153  0.23541674E-01
  154  0.23187030E-01
  155  0.22843048E-01
  156  0.22509834E-01
  157  0.22187825E-01
  158  0.21877266E-01
  159  0.21578619E-01
  160  0.21291912E-01
  161  0.21017548E-01
  162  0.20755591E-01
  163  0.20506484E-01
  164  0.20270083E-01
  165  0.20046897E-01
  166  0.19836854E-01
  167  0.19640209E-01
  168  0.19456871E-01
  169  0.19287232E-01
  170  0.19131288E-01
  171  0.18989019E-01
  172  0.18860692E-01
  173  0.18746274E-01
  174  0.18645803E-01
  175  0.18559270E-01
  176  0.18486878E-01
  177  0.18428395E-01
  178  0.18384192E-01
  179  0.18353997E-01
  180  0.18337972E-01
  181  0.18336125E-01
  182  0.18348372E-01
  183  0.18374672E-01
  184  0.18415144E-01
  185  0.18469755E-01
  186  0.18538384E-01
  187  0.18621139E-01
  188  0.18717833E-01
  189  0.18828509E-01
  190  0.18953148E-01
  191  0.19091489E-01
  192  0.19243812E-01
  193  0.19409591E-01
  194  0.19589212E-01
  195  0.19782202E-01
  196  0.19988641E-01
  197  0.20208171E-01
  198  0.20440884E-01
  199  0.20686638E-01
  200  0.20945048E-01
  201  0.21216128E-01
  202  0.21499602E-01
  203  0.21795128E-01
  204  0.22102708E-01
  205  0.22421811E-01
  206  0.22752332E-01
  207  0.23093887E-01
  208  0.23446109E-01
  209  0.23808759E-01
  210  0.24181485E-01
  211  0.24563760E-01
  212  0.24955185E-01
  213  0.25355365E-01
  214  0.25763841E-01
  215  0.26180146E-01
  216  0.26603794E-01
  217  0.27034078E-01
  218  0.27470563E-01
  219  0.27912710E-01
  220  0.28359752E-01
  221  0.28811319E-01
  222  0.29266572E-01
  223  0.29724933E-01
  224  0.30185554E-01
  225  0.30647872E-01
  226  0.31111240E-01
  227  0.31574715E-01
  228  0.32037526E-01
  229  0.32499079E-01
  230  0.32958210E-01
  231  0.33414517E-01
  232  0.33866867E-01
  233  0.34314789E-01
  234  0.34756891E-01
  235  0.35192806E-01
  236  0.35621244E-01
  237  0.36041453E-01
  238  0.36452647E-01
  239  0.36854021E-01
  240  0.37244398E-01
  241  0.37623089E-01
  242  0.37988920E-01
  243  0.38341295E-01
  244  0.38679086E-01
  245  0.39001558E-01
  246  0.39307971E-01
  247  0.39597139E-01
  248  0.39868403E-01
  249  0.40120907E-01
  250  0.40354107E-01
  251  0.40566660E-01
  252  0.40758293E-01
  253  0.40928211E-01
  254  0.41075829E-01
  255  0.41200299E-01
  256  0.41301150E-01
  257  0.41378055E-01
  258  0.41430123E-01
  259  0.41457057E-01
  260  0.41458704E-01
  261  0.41434471E-01
  262  0.41384328E-01
  263  0.41308001E-01
  264  0.41205324E-01
  265  0.41076779E-01
  266  0.40921424E-01
  267  0.40740449E-01
  268  0.40533241E-01
  269  0.40300693E-01
  270  0.40043224E-01
  271  0.39760776E-01
  272  0.39454527E-01
  273  0.39124489E-01
  274  0.38772546E-01
  275  0.38398042E-01
  276  0.38003352E-01
  277  0.37588704E-01
  278  0.37155382E-01
  279  0.36704797E-01
  280  0.36238242E-01
  281  0.35757277E-01
  282  0.35263218E-01
  283  0.34757599E-01
  284  0.34241974E-01
  285  0.33718694E-01
  286  0.33188779E-01
  287  0.32654349E-01
  288  0.32117985E-01
  289  0.31580620E-01
  290  0.31045048E-01
  291  0.30512884E-01
  292  0.29986298E-01
  293  0.29467324E-01
  294  0.28958026E-01
  295  0.28460950E-01
  296  0.27977634E-01
  297  0.27510490E-01
  298  0.27061388E-01
  299  0.26632437E-01
  300  0.26225489E-01
  301  0.25842628E-01
  302  0.25485616E-01
  303  0.25156217E-01
  304  0.24855990E-01
  305  0.24586536E-01
  306  0.24349507E-01
  307  0.24146222E-01
  308  0.23977885E-01
  309  0.23845546E-01
  310  0.23750009E-01
  311  0.23692548E-01
  312  0.23673519E-01
  313  0.23693772E-01
  314  0.23753189E-01
  315  0.23852209E-01
  316  0.23990976E-01
  317  0.24169115E-01
  318  0.24386503E-01
  319  0.24642460E-01
  320  0.24936588E-01
  321  0.25267702E-01
  322  0.25634741E-01
  323  0.26037024E-01
  324  0.26472865E-01
  325  0.26940532E-01
  326  0.27438741E-01
  327  0.27965400E-01
  328  0.28518766E-01
  329  0.29096322E-01
  330  0.29696383E-01
  331  0.30316012E-01
  332  0.30953340E-01
  333  0.31605363E-01
  334  0.32269564E-01
  335  0.32943234E-01
  336  0.33623599E-01
  337  0.34307845E-01
  338  0.34992885E-01
  339  0.35676215E-01
  340  0.36354721E-01
  341  0.37025291E-01
  342  0.37685405E-01
  343  0.38332194E-01
  344  0.38962726E-01
  345  0.39574172E-01
  346  0.40164113E-01
  347  0.40729918E-01
  348  0.41268852E-01
  349  0.41778896E-01
  350  0.42257626E-01
  351  0.42702962E-01
  352  0.43112937E-01
  353  0.43485738E-01
  354  0.43819867E-01
  355  0.44113591E-01
  356  0.44365570E-01
  357  0.44575348E-01
  358  0.44741265E-01
  359  0.44862598E-01
  360  0.44939656E-01
 ]; 
