spt = [ 
    1  0.34890738E-04
    2  0.34848003E-04
    3  0.34786441E-04
    4  0.34705910E-04
    5  0.34607430E-04
    6  0.34490811E-04
    7  0.34356133E-04
    8  0.34204146E-04
    9  0.34035271E-04
   10  0.33849326E-04
   11  0.33647317E-04
   12  0.33428627E-04
   13  0.33194770E-04
   14  0.32945733E-04
   15  0.32682150E-04
   16  0.32403575E-04
   17  0.32111613E-04
   18  0.31805721E-04
   19  0.31487205E-04
   20  0.31155821E-04
   21  0.30812796E-04
   22  0.30457111E-04
   23  0.30091736E-04
   24  0.29715411E-04
   25  0.29328517E-04
   26  0.28931452E-04
   27  0.28526485E-04
   28  0.28112325E-04
   29  0.27689877E-04
   30  0.27260543E-04
   31  0.26823902E-04
   32  0.26380989E-04
   33  0.25930836E-04
   34  0.25476907E-04
   35  0.25017571E-04
   36  0.24552826E-04
   37  0.24084986E-04
   38  0.23613577E-04
   39  0.23139362E-04
   40  0.22662802E-04
   41  0.22183929E-04
   42  0.21704129E-04
   43  0.21223537E-04
   44  0.20741940E-04
   45  0.20260897E-04
   46  0.19780658E-04
   47  0.19300904E-04
   48  0.18822364E-04
   49  0.18346640E-04
   50  0.17872984E-04
   51  0.17401719E-04
   52  0.16934175E-04
   53  0.16469863E-04
   54  0.16010386E-04
   55  0.15554797E-04
   56  0.15104383E-04
   57  0.14658864E-04
   58  0.14218711E-04
   59  0.13784938E-04
   60  0.13357301E-04
   61  0.12936563E-04
   62  0.12521702E-04
   63  0.12114465E-04
   64  0.11715315E-04
   65  0.11323148E-04
   66  0.10938305E-04
   67  0.10562005E-04
   68  0.10193726E-04
   69  0.98340424E-05
   70  0.94826382E-05
   71  0.91402035E-05
   72  0.88063862E-05
   73  0.84813510E-05
   74  0.81650987E-05
   75  0.78582943E-05
   76  0.75602416E-05
   77  0.72711437E-05
   78  0.69910698E-05
   79  0.67202218E-05
   80  0.64577971E-05
   81  0.62046556E-05
   82  0.59604204E-05
   83  0.57244306E-05
   84  0.54976599E-05
   85  0.52789292E-05
   86  0.50689237E-05
   87  0.48667571E-05
   88  0.46733699E-05
   89  0.44875437E-05
   90  0.43095019E-05
   91  0.41391240E-05
   92  0.39761949E-05
   93  0.38206085E-05
   94  0.36718309E-05
   95  0.35297701E-05
   96  0.33945948E-05
   97  0.32659452E-05
   98  0.31436327E-05
   99  0.30271724E-05
  100  0.29165494E-05
  101  0.28115116E-05
  102  0.27120832E-05
  103  0.26179375E-05
  104  0.25286918E-05
  105  0.24442434E-05
  106  0.23645659E-05
  107  0.22893717E-05
  108  0.22185839E-05
  109  0.21516603E-05
  110  0.20886632E-05
  111  0.20295652E-05
  112  0.19741494E-05
  113  0.19221841E-05
  114  0.18732950E-05
  115  0.18279451E-05
  116  0.17851728E-05
  117  0.17453532E-05
  118  0.17083289E-05
  119  0.16738863E-05
  120  0.16417957E-05
  121  0.16120816E-05
  122  0.15844826E-05
  123  0.15590592E-05
  124  0.15354589E-05
  125  0.15137928E-05
  126  0.14939021E-05
  127  0.14754838E-05
  128  0.14585596E-05
  129  0.14432791E-05
  130  0.14288740E-05
  131  0.14159806E-05
  132  0.14041968E-05
  133  0.13934903E-05
  134  0.13834732E-05
  135  0.13744652E-05
  136  0.13659992E-05
  137  0.13583584E-05
  138  0.13513401E-05
  139  0.13446922E-05
  140  0.13385340E-05
  141  0.13326720E-05
  142  0.13271651E-05
  143  0.13217561E-05
  144  0.13166934E-05
  145  0.13114784E-05
  146  0.13064689E-05
  147  0.13010844E-05
  148  0.12959363E-05
  149  0.12905292E-05
  150  0.12850194E-05
  151  0.12792499E-05
  152  0.12732861E-05
  153  0.12668727E-05
  154  0.12602253E-05
  155  0.12532199E-05
  156  0.12459078E-05
  157  0.12380873E-05
  158  0.12299547E-05
  159  0.12213053E-05
  160  0.12122850E-05
  161  0.12027731E-05
  162  0.11928904E-05
  163  0.11825177E-05
  164  0.11717749E-05
  165  0.11604898E-05
  166  0.11489351E-05
  167  0.11369409E-05
  168  0.11245004E-05
  169  0.11117000E-05
  170  0.10985156E-05
  171  0.10849875E-05
  172  0.10712806E-05
  173  0.10571196E-05
  174  0.10427492E-05
  175  0.10281537E-05
  176  0.10132957E-05
  177  0.99828810E-06
  178  0.98308919E-06
  179  0.96777865E-06
  180  0.95236049E-06
  181  0.93683451E-06
  182  0.92129312E-06
  183  0.90568568E-06
  184  0.89007767E-06
  185  0.87454254E-06
  186  0.85902263E-06
  187  0.84361051E-06
  188  0.82831360E-06
  189  0.81312396E-06
  190  0.79806216E-06
  191  0.78319658E-06
  192  0.76853621E-06
  193  0.75409412E-06
  194  0.73990600E-06
  195  0.72591814E-06
  196  0.71223855E-06
  197  0.69891456E-06
  198  0.68578692E-06
  199  0.67309378E-06
  200  0.66070919E-06
  201  0.64860939E-06
  202  0.63697439E-06
  203  0.62568773E-06
  204  0.61478619E-06
  205  0.60432774E-06
  206  0.59422314E-06
  207  0.58456317E-06
  208  0.57539893E-06
  209  0.56662526E-06
  210  0.55830208E-06
  211  0.55043245E-06
  212  0.54311522E-06
  213  0.53618970E-06
  214  0.52978379E-06
  215  0.52391340E-06
  216  0.51847462E-06
  217  0.51361940E-06
  218  0.50922381E-06
  219  0.50545327E-06
  220  0.50214970E-06
  221  0.49936773E-06
  222  0.49725003E-06
  223  0.49563181E-06
  224  0.49456457E-06
  225  0.49413865E-06
  226  0.49440035E-06
  227  0.49518911E-06
  228  0.49665948E-06
  229  0.49875621E-06
  230  0.50163857E-06
  231  0.50522516E-06
  232  0.50941418E-06
  233  0.51445005E-06
  234  0.52030475E-06
  235  0.52693525E-06
  236  0.53456432E-06
  237  0.54297021E-06
  238  0.55239298E-06
  239  0.56293277E-06
  240  0.57439087E-06
  241  0.58713283E-06
  242  0.60106970E-06
  243  0.61628435E-06
  244  0.63296307E-06
  245  0.65111573E-06
  246  0.67082880E-06
  247  0.69213894E-06
  248  0.71542780E-06
  249  0.74061296E-06
  250  0.76790644E-06
  251  0.79756239E-06
  252  0.82948742E-06
  253  0.86402633E-06
  254  0.90148330E-06
  255  0.94182730E-06
  256  0.98537760E-06
  257  0.10323200E-05
  258  0.10829341E-05
  259  0.11375814E-05
  260  0.11963572E-05
  261  0.12595231E-05
  262  0.13272638E-05
  263  0.14003015E-05
  264  0.14786615E-05
  265  0.15625862E-05
  266  0.16525432E-05
  267  0.17487547E-05
  268  0.18516528E-05
  269  0.19618130E-05
  270  0.20791117E-05
  271  0.22042968E-05
  272  0.23375812E-05
  273  0.24792614E-05
  274  0.26296916E-05
  275  0.27896258E-05
  276  0.29586126E-05
  277  0.31380373E-05
  278  0.33271563E-05
  279  0.35269520E-05
  280  0.37385460E-05
  281  0.39604652E-05
  282  0.41937897E-05
  283  0.44394337E-05
  284  0.46969144E-05
  285  0.49669093E-05
  286  0.52489127E-05
  287  0.55435157E-05
  288  0.58509663E-05
  289  0.61720812E-05
  290  0.65048644E-05
  291  0.68510676E-05
  292  0.72107155E-05
  293  0.75832495E-05
  294  0.79684032E-05
  295  0.83670320E-05
  296  0.87784638E-05
  297  0.92018199E-05
  298  0.96378917E-05
  299  0.10085783E-04
  300  0.10545752E-04
  301  0.11016636E-04
  302  0.11499000E-04
  303  0.11991247E-04
  304  0.12494267E-04
  305  0.13007183E-04
  306  0.13528444E-04
  307  0.14058751E-04
  308  0.14596451E-04
  309  0.15141723E-04
  310  0.15693055E-04
  311  0.16251439E-04
  312  0.16813699E-04
  313  0.17380768E-04
  314  0.17951150E-04
  315  0.18524077E-04
  316  0.19099625E-04
  317  0.19675739E-04
  318  0.20252744E-04
  319  0.20828564E-04
  320  0.21403002E-04
  321  0.21975904E-04
  322  0.22544380E-04
  323  0.23109353E-04
  324  0.23669067E-04
  325  0.24223353E-04
  326  0.24770368E-04
  327  0.25310886E-04
  328  0.25842408E-04
  329  0.26364660E-04
  330  0.26877507E-04
  331  0.27379658E-04
  332  0.27869834E-04
  333  0.28348471E-04
  334  0.28813867E-04
  335  0.29266215E-04
  336  0.29704235E-04
  337  0.30127720E-04
  338  0.30535597E-04
  339  0.30927698E-04
  340  0.31303734E-04
  341  0.31662832E-04
  342  0.32004486E-04
  343  0.32328746E-04
  344  0.32634751E-04
  345  0.32922897E-04
  346  0.33191798E-04
  347  0.33442226E-04
  348  0.33673354E-04
  349  0.33884924E-04
  350  0.34077206E-04
  351  0.34249915E-04
  352  0.34402681E-04
  353  0.34535558E-04
  354  0.34649296E-04
  355  0.34742538E-04
  356  0.34816334E-04
  357  0.34870267E-04
  358  0.34904635E-04
  359  0.34919314E-04
  360  0.34914829E-04
 ]; 
