stt = [ 
    1  0.46756513E-01
    2  0.46743214E-01
    3  0.46682853E-01
    4  0.46576213E-01
    5  0.46423815E-01
    6  0.46226174E-01
    7  0.45984324E-01
    8  0.45699406E-01
    9  0.45372598E-01
   10  0.45005593E-01
   11  0.44600151E-01
   12  0.44157363E-01
   13  0.43680388E-01
   14  0.43170236E-01
   15  0.42629987E-01
   16  0.42061612E-01
   17  0.41468125E-01
   18  0.40851425E-01
   19  0.40215138E-01
   20  0.39561335E-01
   21  0.38893159E-01
   22  0.38213387E-01
   23  0.37525099E-01
   24  0.36831312E-01
   25  0.36134981E-01
   26  0.35438836E-01
   27  0.34745954E-01
   28  0.34059372E-01
   29  0.33381619E-01
   30  0.32715663E-01
   31  0.32064222E-01
   32  0.31430069E-01
   33  0.30815404E-01
   34  0.30222747E-01
   35  0.29654495E-01
   36  0.29112682E-01
   37  0.28599458E-01
   38  0.28116480E-01
   39  0.27665639E-01
   40  0.27248412E-01
   41  0.26866134E-01
   42  0.26520202E-01
   43  0.26211459E-01
   44  0.25940940E-01
   45  0.25709197E-01
   46  0.25516760E-01
   47  0.25364125E-01
   48  0.25251223E-01
   49  0.25178129E-01
   50  0.25144858E-01
   51  0.25150660E-01
   52  0.25195235E-01
   53  0.25277771E-01
   54  0.25397802E-01
   55  0.25553711E-01
   56  0.25744911E-01
   57  0.25970163E-01
   58  0.26227599E-01
   59  0.26516091E-01
   60  0.26834020E-01
   61  0.27179735E-01
   62  0.27551169E-01
   63  0.27946800E-01
   64  0.28364390E-01
   65  0.28802261E-01
   66  0.29258162E-01
   67  0.29730195E-01
   68  0.30215511E-01
   69  0.30713096E-01
   70  0.31220315E-01
   71  0.31734698E-01
   72  0.32254778E-01
   73  0.32778364E-01
   74  0.33302549E-01
   75  0.33825997E-01
   76  0.34346905E-01
   77  0.34862593E-01
   78  0.35371661E-01
   79  0.35872005E-01
   80  0.36361996E-01
   81  0.36840118E-01
   82  0.37304357E-01
   83  0.37753005E-01
   84  0.38185414E-01
   85  0.38599622E-01
   86  0.38994212E-01
   87  0.39368190E-01
   88  0.39720736E-01
   89  0.40050436E-01
   90  0.40356461E-01
   91  0.40638402E-01
   92  0.40895406E-01
   93  0.41126192E-01
   94  0.41331142E-01
   95  0.41509386E-01
   96  0.41660760E-01
   97  0.41784585E-01
   98  0.41881446E-01
   99  0.41950818E-01
  100  0.41993268E-01
  101  0.42007994E-01
  102  0.41995924E-01
  103  0.41957166E-01
  104  0.41891851E-01
  105  0.41800331E-01
  106  0.41683499E-01
  107  0.41541472E-01
  108  0.41375145E-01
  109  0.41184984E-01
  110  0.40971763E-01
  111  0.40736105E-01
  112  0.40478729E-01
  113  0.40200513E-01
  114  0.39902471E-01
  115  0.39585453E-01
  116  0.39250016E-01
  117  0.38897444E-01
  118  0.38528252E-01
  119  0.38143914E-01
  120  0.37745237E-01
  121  0.37332833E-01
  122  0.36908161E-01
  123  0.36472030E-01
  124  0.36025196E-01
  125  0.35569228E-01
  126  0.35104427E-01
  127  0.34632228E-01
  128  0.34153335E-01
  129  0.33668917E-01
  130  0.33179943E-01
  131  0.32686967E-01
  132  0.32191206E-01
  133  0.31693757E-01
  134  0.31194916E-01
  135  0.30696087E-01
  136  0.30198151E-01
  137  0.29701354E-01
  138  0.29206900E-01
  139  0.28715307E-01
  140  0.28227692E-01
  141  0.27744522E-01
  142  0.27266558E-01
  143  0.26794337E-01
  144  0.26328655E-01
  145  0.25869973E-01
  146  0.25418958E-01
  147  0.24976104E-01
  148  0.24542172E-01
  149  0.24117215E-01
  150  0.23702212E-01
  151  0.23297075E-01
  152  0.22902753E-01
  153  0.22519190E-01
  154  0.22147084E-01
  155  0.21786483E-01
  156  0.21437900E-01
  157  0.21101547E-01
  158  0.20777678E-01
  159  0.20466525E-01
  160  0.20168396E-01
  161  0.19883288E-01
  162  0.19611599E-01
  163  0.19353563E-01
  164  0.19108903E-01
  165  0.18878136E-01
  166  0.18661151E-01
  167  0.18458275E-01
  168  0.18269479E-01
  169  0.18094629E-01
  170  0.17934062E-01
  171  0.17787781E-01
  172  0.17655635E-01
  173  0.17538011E-01
  174  0.17434677E-01
  175  0.17345781E-01
  176  0.17271152E-01
  177  0.17211063E-01
  178  0.17165290E-01
  179  0.17133961E-01
  180  0.17117087E-01
  181  0.17114658E-01
  182  0.17126711E-01
  183  0.17153071E-01
  184  0.17193928E-01
  185  0.17249081E-01
  186  0.17318776E-01
  187  0.17402792E-01
  188  0.17501121E-01
  189  0.17613795E-01
  190  0.17740810E-01
  191  0.17882057E-01
  192  0.18037576E-01
  193  0.18207202E-01
  194  0.18390866E-01
  195  0.18588727E-01
  196  0.18800473E-01
  197  0.19026121E-01
  198  0.19265432E-01
  199  0.19518515E-01
  200  0.19785121E-01
  201  0.20064916E-01
  202  0.20357929E-01
  203  0.20664196E-01
  204  0.20983083E-01
  205  0.21314690E-01
  206  0.21658512E-01
  207  0.22014366E-01
  208  0.22382215E-01
  209  0.22761296E-01
  210  0.23151504E-01
  211  0.23552628E-01
  212  0.23964006E-01
  213  0.24385475E-01
  214  0.24816379E-01
  215  0.25256295E-01
  216  0.25704732E-01
  217  0.26161212E-01
  218  0.26625209E-01
  219  0.27095975E-01
  220  0.27573081E-01
  221  0.28055713E-01
  222  0.28543301E-01
  223  0.29035371E-01
  224  0.29530881E-01
  225  0.30029105E-01
  226  0.30529562E-01
  227  0.31031199E-01
  228  0.31533178E-01
  229  0.32034799E-01
  230  0.32535162E-01
  231  0.33033147E-01
  232  0.33528384E-01
  233  0.34019534E-01
  234  0.34505863E-01
  235  0.34986254E-01
  236  0.35460211E-01
  237  0.35925917E-01
  238  0.36382843E-01
  239  0.36830302E-01
  240  0.37266906E-01
  241  0.37691601E-01
  242  0.38103756E-01
  243  0.38502183E-01
  244  0.38885787E-01
  245  0.39253574E-01
  246  0.39604865E-01
  247  0.39938681E-01
  248  0.40253643E-01
  249  0.40549334E-01
  250  0.40824659E-01
  251  0.41078616E-01
  252  0.41310679E-01
  253  0.41519959E-01
  254  0.41705679E-01
  255  0.41867021E-01
  256  0.42003606E-01
  257  0.42114597E-01
  258  0.42199556E-01
  259  0.42258002E-01
  260  0.42289726E-01
  261  0.42293817E-01
  262  0.42270321E-01
  263  0.42219326E-01
  264  0.42140570E-01
  265  0.42033598E-01
  266  0.41898787E-01
  267  0.41736256E-01
  268  0.41546457E-01
  269  0.41329250E-01
  270  0.41085321E-01
  271  0.40815193E-01
  272  0.40519703E-01
  273  0.40198535E-01
  274  0.39854147E-01
  275  0.39486263E-01
  276  0.39096128E-01
  277  0.38685158E-01
  278  0.38254004E-01
  279  0.37804596E-01
  280  0.37338026E-01
  281  0.36855895E-01
  282  0.36359627E-01
  283  0.35851076E-01
  284  0.35331674E-01
  285  0.34803793E-01
  286  0.34268875E-01
  287  0.33728767E-01
  288  0.33185966E-01
  289  0.32642365E-01
  290  0.32099627E-01
  291  0.31560171E-01
  292  0.31026371E-01
  293  0.30500285E-01
  294  0.29984001E-01
  295  0.29479645E-01
  296  0.28989581E-01
  297  0.28515792E-01
  298  0.28060600E-01
  299  0.27625889E-01
  300  0.27213631E-01
  301  0.26826151E-01
  302  0.26465086E-01
  303  0.26132347E-01
  304  0.25829582E-01
  305  0.25558414E-01
  306  0.25320323E-01
  307  0.25117047E-01
  308  0.24949821E-01
  309  0.24819259E-01
  310  0.24726925E-01
  311  0.24673419E-01
  312  0.24659442E-01
  313  0.24685604E-01
  314  0.24752321E-01
  315  0.24859691E-01
  316  0.25007784E-01
  317  0.25196381E-01
  318  0.25425341E-01
  319  0.25693903E-01
  320  0.26001576E-01
  321  0.26347309E-01
  322  0.26729926E-01
  323  0.27148960E-01
  324  0.27602166E-01
  325  0.28088391E-01
  326  0.28605616E-01
  327  0.29152434E-01
  328  0.29726136E-01
  329  0.30325262E-01
  330  0.30947071E-01
  331  0.31589333E-01
  332  0.32249466E-01
  333  0.32924578E-01
  334  0.33612419E-01
  335  0.34309778E-01
  336  0.35013862E-01
  337  0.35722017E-01
  338  0.36431067E-01
  339  0.37138060E-01
  340  0.37839927E-01
  341  0.38533639E-01
  342  0.39216604E-01
  343  0.39885681E-01
  344  0.40537838E-01
  345  0.41170452E-01
  346  0.41780796E-01
  347  0.42365801E-01
  348  0.42923458E-01
  349  0.43450989E-01
  350  0.43946318E-01
  351  0.44407051E-01
  352  0.44831246E-01
  353  0.45217074E-01
  354  0.45562830E-01
  355  0.45866910E-01
  356  0.46128020E-01
  357  0.46345200E-01
  358  0.46517119E-01
  359  0.46643365E-01
  360  0.46723254E-01
 ]; 
