stt = [ 
    1  0.45653328E-01
    2  0.45639820E-01
    3  0.45581289E-01
    4  0.45477312E-01
    5  0.45328550E-01
    6  0.45136206E-01
    7  0.44900317E-01
    8  0.44622809E-01
    9  0.44304531E-01
   10  0.43947086E-01
   11  0.43551836E-01
   12  0.43120932E-01
   13  0.42656209E-01
   14  0.42159677E-01
   15  0.41633721E-01
   16  0.41080486E-01
   17  0.40502638E-01
   18  0.39902680E-01
   19  0.39283238E-01
   20  0.38647000E-01
   21  0.37996963E-01
   22  0.37335798E-01
   23  0.36666173E-01
   24  0.35991430E-01
   25  0.35314351E-01
   26  0.34637392E-01
   27  0.33963766E-01
   28  0.33296339E-01
   29  0.32637898E-01
   30  0.31990726E-01
   31  0.31357918E-01
   32  0.30741759E-01
   33  0.30144848E-01
   34  0.29569572E-01
   35  0.29017873E-01
   36  0.28492115E-01
   37  0.27994074E-01
   38  0.27525654E-01
   39  0.27088620E-01
   40  0.26684195E-01
   41  0.26313841E-01
   42  0.25978921E-01
   43  0.25680175E-01
   44  0.25418527E-01
   45  0.25194680E-01
   46  0.25009120E-01
   47  0.24861971E-01
   48  0.24753744E-01
   49  0.24684047E-01
   50  0.24652865E-01
   51  0.24659863E-01
   52  0.24704417E-01
   53  0.24786001E-01
   54  0.24903623E-01
   55  0.25056273E-01
   56  0.25243286E-01
   57  0.25463000E-01
   58  0.25714146E-01
   59  0.25995279E-01
   60  0.26305238E-01
   61  0.26641712E-01
   62  0.27003625E-01
   63  0.27388608E-01
   64  0.27795052E-01
   65  0.28220920E-01
   66  0.28664747E-01
   67  0.29123923E-01
   68  0.29596616E-01
   69  0.30080630E-01
   70  0.30574124E-01
   71  0.31075258E-01
   72  0.31581398E-01
   73  0.32090653E-01
   74  0.32601427E-01
   75  0.33110902E-01
   76  0.33618856E-01
   77  0.34121480E-01
   78  0.34617994E-01
   79  0.35106529E-01
   80  0.35584968E-01
   81  0.36051832E-01
   82  0.36506124E-01
   83  0.36945675E-01
   84  0.37369337E-01
   85  0.37775673E-01
   86  0.38163658E-01
   87  0.38532183E-01
   88  0.38879972E-01
   89  0.39206050E-01
   90  0.39509587E-01
   91  0.39790060E-01
   92  0.40046465E-01
   93  0.40278655E-01
   94  0.40486015E-01
   95  0.40667519E-01
   96  0.40823571E-01
   97  0.40954020E-01
   98  0.41057918E-01
   99  0.41135930E-01
  100  0.41188013E-01
  101  0.41213732E-01
  102  0.41214079E-01
  103  0.41188575E-01
  104  0.41137870E-01
  105  0.41062333E-01
  106  0.40962350E-01
  107  0.40838499E-01
  108  0.40691074E-01
  109  0.40520705E-01
  110  0.40328506E-01
  111  0.40114604E-01
  112  0.39879791E-01
  113  0.39625220E-01
  114  0.39351247E-01
  115  0.39058927E-01
  116  0.38748749E-01
  117  0.38422048E-01
  118  0.38079351E-01
  119  0.37721962E-01
  120  0.37350539E-01
  121  0.36965583E-01
  122  0.36568675E-01
  123  0.36160443E-01
  124  0.35741620E-01
  125  0.35313558E-01
  126  0.34876775E-01
  127  0.34432441E-01
  128  0.33981472E-01
  129  0.33524692E-01
  130  0.33062905E-01
  131  0.32597147E-01
  132  0.32128379E-01
  133  0.31657025E-01
  134  0.31184323E-01
  135  0.30711025E-01
  136  0.30238034E-01
  137  0.29765699E-01
  138  0.29295167E-01
  139  0.28827015E-01
  140  0.28361933E-01
  141  0.27900856E-01
  142  0.27444210E-01
  143  0.26992751E-01
  144  0.26547015E-01
  145  0.26107652E-01
  146  0.25675246E-01
  147  0.25250347E-01
  148  0.24833370E-01
  149  0.24424994E-01
  150  0.24025721E-01
  151  0.23635574E-01
  152  0.23255415E-01
  153  0.22885527E-01
  154  0.22526184E-01
  155  0.22177946E-01
  156  0.21840800E-01
  157  0.21515394E-01
  158  0.21201801E-01
  159  0.20900335E-01
  160  0.20611249E-01
  161  0.20334780E-01
  162  0.20071024E-01
  163  0.19820282E-01
  164  0.19582508E-01
  165  0.19358145E-01
  166  0.19147202E-01
  167  0.18949622E-01
  168  0.18765720E-01
  169  0.18595681E-01
  170  0.18439209E-01
  171  0.18296747E-01
  172  0.18168231E-01
  173  0.18053669E-01
  174  0.17952966E-01
  175  0.17866427E-01
  176  0.17793933E-01
  177  0.17735530E-01
  178  0.17691225E-01
  179  0.17661039E-01
  180  0.17644938E-01
  181  0.17643085E-01
  182  0.17655307E-01
  183  0.17681625E-01
  184  0.17722087E-01
  185  0.17776696E-01
  186  0.17845348E-01
  187  0.17928023E-01
  188  0.18024642E-01
  189  0.18135292E-01
  190  0.18259911E-01
  191  0.18398548E-01
  192  0.18550878E-01
  193  0.18716946E-01
  194  0.18896703E-01
  195  0.19090001E-01
  196  0.19296888E-01
  197  0.19517194E-01
  198  0.19750701E-01
  199  0.19997288E-01
  200  0.20257024E-01
  201  0.20529445E-01
  202  0.20814523E-01
  203  0.21111928E-01
  204  0.21421585E-01
  205  0.21743188E-01
  206  0.22076506E-01
  207  0.22421043E-01
  208  0.22776872E-01
  209  0.23143282E-01
  210  0.23520229E-01
  211  0.23907157E-01
  212  0.24303643E-01
  213  0.24709435E-01
  214  0.25123950E-01
  215  0.25546819E-01
  216  0.25977407E-01
  217  0.26415313E-01
  218  0.26859952E-01
  219  0.27310740E-01
  220  0.27766997E-01
  221  0.28228138E-01
  222  0.28693674E-01
  223  0.29162811E-01
  224  0.29634744E-01
  225  0.30109111E-01
  226  0.30584747E-01
  227  0.31061105E-01
  228  0.31537533E-01
  229  0.32012951E-01
  230  0.32486834E-01
  231  0.32958146E-01
  232  0.33425998E-01
  233  0.33889540E-01
  234  0.34348290E-01
  235  0.34800529E-01
  236  0.35246275E-01
  237  0.35683885E-01
  238  0.36112785E-01
  239  0.36532104E-01
  240  0.36940850E-01
  241  0.37337959E-01
  242  0.37722368E-01
  243  0.38093526E-01
  244  0.38450472E-01
  245  0.38791843E-01
  246  0.39117426E-01
  247  0.39425563E-01
  248  0.39716128E-01
  249  0.39987743E-01
  250  0.40239483E-01
  251  0.40471394E-01
  252  0.40681567E-01
  253  0.40870260E-01
  254  0.41036114E-01
  255  0.41178860E-01
  256  0.41297678E-01
  257  0.41391965E-01
  258  0.41461635E-01
  259  0.41505594E-01
  260  0.41523915E-01
  261  0.41516256E-01
  262  0.41482102E-01
  263  0.41421529E-01
  264  0.41334413E-01
  265  0.41220319E-01
  266  0.41079879E-01
  267  0.40912885E-01
  268  0.40719818E-01
  269  0.40500548E-01
  270  0.40255588E-01
  271  0.39986040E-01
  272  0.39691463E-01
  273  0.39374013E-01
  274  0.39032653E-01
  275  0.38669892E-01
  276  0.38285617E-01
  277  0.37881386E-01
  278  0.37458315E-01
  279  0.37017439E-01
  280  0.36560535E-01
  281  0.36088381E-01
  282  0.35603102E-01
  283  0.35106018E-01
  284  0.34598734E-01
  285  0.34083158E-01
  286  0.33561260E-01
  287  0.33034496E-01
  288  0.32505076E-01
  289  0.31974778E-01
  290  0.31445965E-01
  291  0.30920342E-01
  292  0.30400224E-01
  293  0.29887512E-01
  294  0.29384397E-01
  295  0.28893072E-01
  296  0.28415605E-01
  297  0.27954197E-01
  298  0.27510460E-01
  299  0.27086765E-01
  300  0.26685141E-01
  301  0.26307147E-01
  302  0.25955120E-01
  303  0.25630340E-01
  304  0.25334746E-01
  305  0.25070028E-01
  306  0.24837453E-01
  307  0.24638396E-01
  308  0.24474226E-01
  309  0.24346059E-01
  310  0.24254723E-01
  311  0.24201209E-01
  312  0.24186051E-01
  313  0.24210060E-01
  314  0.24273312E-01
  315  0.24376167E-01
  316  0.24518576E-01
  317  0.24700563E-01
  318  0.24921590E-01
  319  0.25181407E-01
  320  0.25479022E-01
  321  0.25813786E-01
  322  0.26184611E-01
  323  0.26590517E-01
  324  0.27030097E-01
  325  0.27501734E-01
  326  0.28003622E-01
  327  0.28534271E-01
  328  0.29091371E-01
  329  0.29673083E-01
  330  0.30276943E-01
  331  0.30900881E-01
  332  0.31542085E-01
  333  0.32198321E-01
  334  0.32866694E-01
  335  0.33544526E-01
  336  0.34229264E-01
  337  0.34917753E-01
  338  0.35607155E-01
  339  0.36294773E-01
  340  0.36977448E-01
  341  0.37652228E-01
  342  0.38316641E-01
  343  0.38967352E-01
  344  0.39602034E-01
  345  0.40217612E-01
  346  0.40811252E-01
  347  0.41380815E-01
  348  0.41923456E-01
  349  0.42436976E-01
  350  0.42918950E-01
  351  0.43367386E-01
  352  0.43780208E-01
  353  0.44155601E-01
  354  0.44492204E-01
  355  0.44788167E-01
  356  0.45042280E-01
  357  0.45253344E-01
  358  0.45420885E-01
  359  0.45543540E-01
  360  0.45621090E-01
 ]; 
